#num-nodes
998
#num-links
4378
#links
0 283
0 464
0 472
0 583
1 427
1 474
1 516
1 567
2 13
2 174
2 201
2 269
2 523
2 538
2 652
3 587
4 30
4 59
4 61
4 80
4 114
4 210
4 216
4 271
4 314
4 442
4 468
4 475
4 529
4 533
5 66
5 82
5 85
5 188
5 277
5 293
5 319
5 325
5 378
5 417
5 423
5 536
5 624
6 62
6 200
6 238
6 242
6 378
6 454
6 490
6 553
6 556
6 634
7 311
7 363
7 442
7 497
7 511
7 662
8 86
8 119
8 165
8 241
8 438
8 441
8 458
8 486
8 497
8 596
8 601
8 618
9 260
9 309
9 359
9 406
9 434
9 621
10 148
10 194
10 302
10 406
10 459
10 518
10 647
11 20
11 41
11 59
11 167
11 189
11 210
11 240
11 337
11 362
11 663
12 45
12 99
12 353
12 355
12 394
12 402
12 564
13 174
13 264
13 269
13 443
13 452
13 467
13 538
13 652
14 29
14 33
14 58
14 159
14 225
14 244
14 250
14 302
14 513
14 518
14 522
15 47
15 111
15 203
15 304
15 306
15 479
15 486
15 598
15 632
15 634
16 75
16 84
16 126
16 168
16 217
16 275
16 384
16 396
16 401
16 424
16 553
16 573
16 667
16 678
17 24
17 49
17 306
17 323
17 466
17 517
17 607
18 75
18 104
18 181
18 188
18 343
18 344
18 360
18 384
18 392
18 398
18 402
18 680
19 22
19 26
19 67
19 77
19 272
19 307
19 561
19 572
19 579
19 664
20 24
20 70
20 184
20 209
20 223
20 228
20 402
20 515
20 638
21 24
21 50
21 59
21 112
21 276
21 372
21 373
21 394
21 395
21 571
21 580
21 615
21 626
22 44
22 77
22 502
22 561
23 89
23 131
23 318
23 369
24 26
24 83
24 235
24 239
24 495
24 561
24 596
24 656
25 80
25 527
26 44
26 77
26 221
26 248
26 518
26 561
26 640
26 655
27 82
27 149
27 417
27 645
28 155
28 171
28 314
28 429
28 462
28 466
28 521
29 159
29 196
29 242
29 302
29 608
29 667
30 118
30 205
30 216
30 314
30 415
30 529
30 628
31 77
31 100
31 221
31 272
31 370
31 377
31 524
31 555
31 664
32 57
32 79
32 195
32 206
32 226
32 265
32 466
32 474
32 479
32 556
32 617
32 639
33 58
33 103
33 129
33 139
33 148
33 213
33 222
33 365
34 62
34 86
34 146
34 196
34 255
34 300
34 336
34 347
34 387
34 438
34 469
34 505
34 530
34 536
34 546
34 575
34 580
34 601
34 653
35 45
35 79
35 80
35 140
35 205
35 247
35 308
35 366
35 403
35 428
35 486
35 497
35 607
35 612
36 144
36 195
36 267
36 306
36 323
36 380
36 397
36 468
36 473
36 605
36 654
37 40
37 73
37 424
37 437
38 365
38 523
39 447
39 474
39 570
39 604
40 98
40 304
40 426
40 650
41 68
41 180
41 189
41 227
41 285
41 337
41 400
41 407
41 538
41 678
42 433
42 519
42 662
43 80
43 183
43 228
43 242
43 324
43 334
43 364
44 77
44 137
44 366
44 484
44 495
44 518
44 561
44 572
44 640
45 48
45 82
45 85
45 116
45 193
45 402
45 411
45 449
47 206
47 252
47 260
47 347
47 368
47 461
47 519
47 632
48 79
48 116
48 189
48 317
48 501
49 94
49 137
49 239
49 271
49 278
49 299
49 323
49 328
49 339
49 359
49 495
49 504
49 658
50 185
50 196
50 270
50 274
50 368
50 373
50 399
50 566
50 572
50 632
50 636
51 103
51 488
52 104
52 146
52 199
52 279
52 606
52 613
53 55
53 123
53 126
53 159
53 163
53 234
53 338
53 459
53 586
53 607
53 667
54 179
54 352
54 370
55 69
55 75
55 87
55 234
55 338
55 384
55 665
56 68
56 116
56 168
56 193
56 208
56 219
56 238
56 334
56 343
56 370
56 528
56 553
56 644
56 668
56 678
57 169
57 226
57 263
57 394
57 444
57 479
57 558
58 115
58 129
58 159
58 245
58 250
58 318
58 459
58 475
58 485
58 502
58 649
59 111
59 146
59 167
59 186
59 223
59 336
59 378
59 536
60 401
60 457
60 535
60 573
60 646
61 298
62 78
62 134
62 135
62 168
62 238
62 242
62 300
62 371
62 380
62 430
62 589
62 595
62 601
63 550
64 112
64 214
64 286
64 358
64 408
64 433
64 476
64 543
64 637
65 145
65 263
65 268
65 284
65 327
65 465
65 506
65 574
65 584
65 615
66 113
66 120
66 183
66 285
66 293
66 319
66 379
66 402
66 417
66 431
66 467
66 564
66 624
67 262
67 263
67 307
67 327
67 334
67 460
67 477
67 488
67 550
67 574
67 660
68 84
68 116
68 228
68 238
68 296
68 384
68 553
68 678
69 75
69 87
69 234
69 246
69 338
70 209
70 223
70 294
70 581
70 638
70 646
71 133
71 187
71 322
71 376
71 419
71 429
71 540
71 679
72 169
72 275
72 300
72 352
72 355
72 367
72 452
72 637
72 673
73 110
75 87
75 343
75 360
75 374
75 384
75 563
75 586
75 680
76 144
76 172
76 235
76 267
77 133
77 288
77 307
77 311
77 500
77 513
77 561
77 572
77 577
77 617
78 91
78 104
78 143
78 178
78 189
78 193
78 199
78 207
78 228
78 238
78 242
78 266
78 279
78 296
78 301
78 379
78 381
78 392
78 528
78 563
78 592
78 622
78 644
78 660
79 119
79 145
79 269
79 440
79 478
79 497
79 662
80 261
80 265
80 404
80 468
80 511
80 534
81 222
81 609
82 153
82 160
82 283
82 391
82 423
82 457
82 624
82 640
83 656
84 165
84 237
84 284
84 547
84 549
84 559
84 599
84 602
84 604
84 624
84 673
85 108
85 178
85 193
85 208
85 217
85 219
85 249
85 273
85 423
85 457
85 471
85 562
85 624
85 668
85 676
86 214
86 230
86 395
86 452
86 483
86 530
86 601
86 653
86 665
87 182
87 234
87 246
87 360
87 396
87 521
87 612
88 306
88 332
88 601
88 630
89 410
89 447
89 486
90 146
90 165
90 209
90 237
90 279
90 352
90 410
90 447
90 581
90 606
90 666
91 116
91 122
91 454
91 542
92 140
92 147
92 270
92 436
92 580
93 305
93 308
93 479
93 536
93 584
93 620
94 486
94 505
94 607
94 609
94 610
94 611
95 158
95 298
95 305
95 321
95 625
97 162
97 571
97 626
98 158
98 366
98 426
98 557
98 630
98 650
98 659
99 141
99 149
99 164
99 234
99 317
99 338
99 340
99 345
99 431
99 472
99 494
99 524
99 535
99 586
99 590
100 345
100 490
101 141
101 199
101 261
101 277
101 379
101 430
101 565
101 583
101 586
101 590
101 595
101 616
101 624
102 332
102 347
102 569
102 630
103 264
103 362
103 427
103 534
103 584
103 618
104 136
104 153
104 199
104 204
104 273
104 285
104 344
104 392
104 515
104 678
106 112
106 136
106 199
106 215
106 233
106 270
106 513
106 584
106 615
107 124
107 144
107 257
107 397
107 403
107 517
108 109
108 136
108 170
108 208
108 446
108 452
108 562
108 583
108 617
108 673
108 676
109 179
109 452
109 617
110 111
110 216
110 424
110 462
110 486
110 539
111 274
111 358
111 390
111 465
111 474
111 595
111 634
112 210
112 320
112 513
112 657
113 136
113 204
113 234
113 365
113 390
113 414
113 418
113 474
113 604
113 641
113 667
113 678
114 239
114 299
115 305
115 308
115 365
115 483
116 189
116 317
116 367
116 470
116 553
116 578
116 613
116 637
116 678
117 175
117 192
117 236
117 277
117 285
117 319
117 392
117 523
117 586
117 590
117 676
118 435
118 440
118 458
118 487
118 566
118 567
118 626
119 169
119 435
119 452
119 458
119 483
119 503
120 122
120 276
120 285
120 319
120 417
120 435
120 450
120 467
120 537
120 585
120 624
121 126
121 192
121 272
121 273
121 435
121 472
121 562
121 618
121 664
122 527
122 621
123 136
123 261
123 592
123 667
124 155
124 192
124 237
124 257
124 298
124 380
124 400
124 536
124 544
124 611
125 126
125 136
125 375
125 502
125 570
125 602
126 136
126 204
126 210
126 360
126 381
126 384
126 420
126 449
126 513
126 667
127 354
127 363
127 364
127 393
127 420
127 443
127 452
127 511
127 583
127 587
128 138
128 291
128 466
128 577
128 679
129 148
129 281
129 539
129 641
130 157
130 200
130 376
130 385
130 388
130 392
130 419
130 429
130 434
130 474
130 480
130 521
130 555
131 162
131 337
131 470
131 486
131 495
131 540
132 142
132 274
132 347
132 356
132 383
132 568
132 575
132 576
132 657
133 135
133 200
133 221
133 370
133 376
133 434
133 459
133 465
133 520
133 568
134 148
134 276
134 303
134 351
134 395
134 482
134 494
134 507
134 508
134 584
135 139
135 196
135 208
135 210
135 238
135 299
135 336
135 391
135 536
135 543
135 574
136 168
136 204
136 253
136 275
136 467
136 486
136 515
136 623
136 629
136 667
136 678
137 138
137 217
137 247
137 328
137 397
137 492
137 522
138 291
138 519
138 543
139 148
139 460
139 483
139 526
139 550
139 574
140 148
140 221
140 536
140 543
140 549
140 556
140 568
140 596
140 670
141 217
141 277
141 325
141 333
141 446
141 586
141 590
141 624
142 210
142 274
142 356
142 370
142 410
142 465
142 555
143 193
143 199
143 228
143 233
143 279
143 296
143 357
143 364
143 575
143 644
144 195
144 202
144 380
144 400
144 473
144 605
145 252
145 269
145 290
145 316
145 345
145 356
145 453
145 579
145 625
145 670
145 671
146 228
146 229
146 238
146 261
146 279
146 309
146 357
146 380
146 429
146 488
146 490
146 515
146 553
146 596
146 606
146 611
147 217
147 436
147 446
147 471
147 578
148 169
148 190
148 243
148 258
148 359
148 508
149 164
149 340
149 370
149 483
149 500
149 651
149 660
150 154
152 160
152 261
152 345
152 510
152 533
152 631
152 634
152 642
153 171
153 175
153 199
153 273
153 315
153 344
153 349
153 391
153 477
153 515
153 581
153 616
154 169
154 173
154 233
154 363
154 448
154 452
155 223
155 257
155 357
155 400
155 429
155 578
155 611
156 173
156 180
157 179
157 388
157 390
157 474
158 162
158 241
158 321
158 461
158 557
158 625
158 635
158 659
159 163
159 250
159 302
159 375
159 518
160 188
160 208
160 219
160 253
160 382
160 423
160 471
160 562
160 573
160 641
160 644
161 250
161 312
161 408
161 454
161 486
161 528
161 579
161 631
161 633
162 345
162 517
162 539
162 630
163 405
163 538
164 340
164 372
164 509
165 209
165 304
165 313
165 314
165 332
165 395
165 441
165 442
165 446
165 447
165 547
165 578
165 599
165 603
165 611
165 630
165 638
166 201
166 315
166 523
167 186
167 312
167 336
167 403
167 631
168 199
168 207
168 238
168 253
168 275
168 294
168 296
168 334
168 384
168 405
168 528
168 629
168 667
169 452
169 458
170 208
170 219
170 340
170 423
170 624
170 668
171 182
171 246
171 397
172 198
172 235
172 241
172 245
172 250
172 251
172 267
172 278
172 437
172 517
172 650
173 221
173 295
173 328
173 445
173 532
174 269
174 523
174 651
174 670
175 188
175 288
175 307
175 326
175 407
175 495
175 583
176 188
176 562
176 680
177 230
177 482
177 580
177 640
178 217
178 254
178 284
178 306
178 351
178 375
178 570
178 592
178 603
178 641
178 670
178 671
179 198
179 254
179 618
179 635
180 227
180 423
180 446
180 538
181 378
181 455
182 246
182 247
182 360
182 396
182 521
182 612
183 229
183 287
183 364
183 402
183 637
184 575
185 491
185 637
185 656
186 189
186 223
186 337
186 362
186 470
187 475
188 217
188 238
188 282
188 367
188 446
188 457
188 535
188 562
188 624
188 660
188 676
189 193
189 362
189 407
189 410
189 470
189 578
189 599
190 201
190 244
190 250
190 258
190 290
190 473
190 522
191 271
191 322
191 376
191 475
191 525
191 568
191 576
192 272
192 394
192 444
192 537
192 553
193 199
193 209
193 238
193 261
193 275
193 334
193 450
193 515
193 528
193 588
193 644
193 646
194 198
194 288
194 307
194 404
194 522
194 663
195 260
195 306
195 323
195 397
195 468
195 473
195 529
195 609
195 654
196 274
196 301
196 364
196 399
196 486
196 531
196 543
197 267
197 538
198 236
198 244
198 245
198 250
198 303
198 445
199 266
199 400
199 515
199 616
199 621
199 622
199 660
199 666
200 286
200 555
200 576
201 268
201 403
201 413
201 420
201 523
201 564
201 621
202 227
202 401
202 438
202 467
202 596
203 312
203 366
204 266
204 276
204 284
204 300
204 389
204 390
204 592
204 667
205 206
205 216
205 323
205 366
205 403
205 415
205 519
205 560
205 639
206 316
206 335
206 416
206 479
206 512
206 514
206 519
207 249
207 253
207 266
207 275
207 343
207 379
207 467
207 563
207 580
207 604
207 629
207 673
207 680
208 217
208 219
208 253
208 391
208 423
208 446
208 449
208 457
208 471
208 477
208 562
208 573
208 614
208 644
208 668
208 676
208 678
209 212
209 229
209 260
209 287
209 301
209 306
209 402
209 410
209 578
209 646
209 666
210 240
210 299
210 312
210 320
210 356
210 536
211 446
211 449
211 457
211 562
211 668
212 223
212 274
212 319
212 358
212 410
212 435
212 549
213 234
213 302
213 307
213 326
213 359
213 418
213 500
213 623
214 229
214 274
214 324
214 375
214 560
214 653
214 663
215 513
215 556
215 608
216 403
216 415
216 504
216 512
216 519
217 219
217 227
217 279
217 344
217 446
217 562
217 573
217 602
217 614
217 629
217 640
217 660
217 664
217 668
217 676
218 280
218 371
219 253
219 277
219 336
219 382
219 477
219 562
219 614
219 629
219 668
220 492
221 272
221 277
221 472
221 477
221 626
221 664
222 239
222 301
222 308
222 342
222 366
222 485
222 547
222 654
223 327
223 338
223 358
223 376
223 380
223 410
223 483
223 581
224 252
224 495
225 244
225 302
225 465
225 480
225 526
225 576
226 639
226 640
227 253
227 267
227 353
227 382
227 447
227 450
227 528
227 544
227 622
228 458
228 588
228 739
229 261
229 362
229 375
229 378
229 470
229 490
229 553
229 616
230 256
230 347
230 393
230 414
230 483
230 503
230 530
230 600
230 618
230 653
231 594
231 651
233 236
233 600
233 670
233 671
234 284
234 338
234 418
235 244
235 251
235 278
235 437
235 501
235 517
236 464
236 503
236 542
236 593
236 598
236 600
236 618
237 251
237 313
237 389
237 435
237 441
237 442
237 447
237 547
237 578
237 599
238 242
238 300
238 301
238 334
238 368
238 379
238 456
238 563
238 588
239 241
239 260
239 278
239 299
239 354
239 504
239 625
239 626
239 658
240 299
240 308
240 522
240 551
240 579
240 600
240 663
241 441
241 499
242 296
242 300
242 301
242 334
242 368
242 381
242 456
242 528
242 563
242 588
242 629
242 644
244 245
244 250
244 251
244 267
244 336
245 465
245 618
246 247
246 343
246 360
246 384
246 396
246 421
246 521
246 544
247 322
247 328
247 384
247 396
247 397
247 457
247 607
247 612
247 638
248 377
248 509
248 524
248 548
248 655
249 270
249 357
249 401
249 405
249 453
249 471
249 562
249 573
249 583
249 622
250 290
250 477
250 576
251 314
251 437
251 496
251 607
252 399
252 544
252 625
253 296
253 343
253 471
253 544
253 563
253 573
253 580
253 604
253 629
253 644
253 668
253 680
254 326
254 358
254 472
255 294
255 536
255 595
255 601
256 416
256 634
257 271
257 298
257 400
258 602
259 261
259 294
259 465
259 568
259 581
259 646
259 660
259 666
259 679
259 680
260 404
260 502
260 508
260 534
260 620
260 640
261 430
261 454
261 565
261 588
261 621
262 263
262 303
262 527
262 535
263 265
263 527
263 660
264 295
264 425
264 443
264 498
264 653
265 413
265 451
265 558
266 343
266 381
266 467
266 588
266 644
267 397
267 403
267 431
267 473
267 517
267 538
268 564
268 592
268 615
268 670
269 356
269 445
269 456
269 467
269 583
269 667
270 373
270 399
270 518
270 543
270 551
271 330
271 378
271 383
271 434
271 455
271 475
271 490
271 553
272 277
272 288
272 307
272 500
272 593
272 645
272 647
272 664
273 306
273 315
273 344
273 402
273 449
273 457
273 562
273 616
274 286
274 347
274 356
274 383
274 429
274 555
274 575
274 576
275 357
275 405
275 604
275 615
275 623
275 629
275 641
275 673
276 367
276 389
276 395
276 493
277 285
277 331
277 377
277 391
277 430
277 477
277 500
277 515
277 586
277 590
277 624
277 660
277 664
277 668
278 299
278 356
278 473
278 517
279 344
279 402
279 471
279 588
279 606
279 644
280 299
280 568
280 636
281 324
282 286
282 294
282 379
282 589
283 285
283 319
283 331
283 417
283 435
283 464
283 537
283 585
283 590
283 614
283 624
284 327
284 418
284 618
285 293
285 319
285 391
285 392
285 417
285 453
285 590
285 624
286 294
286 535
287 301
287 324
287 392
287 402
287 428
287 567
287 637
288 307
288 593
288 663
289 299
289 308
289 437
289 504
289 542
289 616
290 356
290 399
290 459
290 473
290 480
290 486
290 576
291 466
291 577
291 617
292 327
292 370
292 413
292 414
292 466
292 584
292 602
292 662
293 319
293 377
293 391
293 417
293 449
293 586
293 619
293 624
294 589
295 351
295 393
295 425
295 448
295 498
296 301
296 336
296 449
296 563
296 616
296 644
296 668
297 377
297 449
297 581
297 593
297 660
298 304
298 328
298 339
298 400
298 486
298 511
298 568
299 312
299 428
299 445
299 453
299 495
299 504
299 551
299 554
299 572
300 358
300 430
300 501
300 565
300 601
300 676
301 357
301 392
301 410
302 338
302 371
302 375
302 421
302 506
302 513
302 608
302 623
302 641
303 488
303 504
303 508
303 546
303 658
304 366
304 539
304 625
304 628
304 648
304 659
305 308
305 376
305 421
305 485
306 323
306 348
306 380
306 416
306 468
306 529
307 500
307 593
307 621
307 664
308 484
308 502
308 508
308 539
308 549
308 556
308 569
308 656
309 310
309 316
309 320
309 624
309 657
310 316
310 320
310 579
310 657
311 330
311 345
311 370
311 440
311 510
311 633
312 313
312 327
312 356
312 376
312 628
314 325
314 350
314 428
314 438
314 468
314 599
314 605
314 607
315 344
315 449
316 426
316 489
316 501
316 512
316 516
316 519
316 566
316 657
317 333
317 395
317 486
317 578
318 332
318 369
318 455
318 485
319 386
319 417
319 431
319 435
319 464
319 527
319 537
319 585
319 624
320 416
320 483
320 503
320 514
320 519
320 639
320 657
322 376
322 396
323 404
323 416
323 468
323 470
323 492
323 560
324 627
325 331
325 357
325 499
325 590
325 624
325 632
326 364
326 367
326 501
326 623
327 345
327 506
327 579
327 584
327 662
328 350
328 359
328 397
328 468
328 531
328 669
329 363
329 393
330 345
330 425
330 475
331 333
331 377
331 477
332 410
332 605
332 630
332 912
333 371
333 467
333 537
333 585
333 603
334 482
334 528
334 588
334 678
334 680
335 476
335 541
336 381
336 416
336 423
336 601
336 668
337 428
337 520
337 529
337 540
337 604
338 371
338 465
338 521
338 600
339 353
339 356
339 359
339 427
339 496
339 543
339 549
339 554
340 423
340 614
340 624
341 359
341 361
341 445
341 492
342 383
342 485
343 381
343 467
343 580
343 680
344 391
344 573
344 588
345 349
345 394
345 472
345 490
345 494
345 510
345 539
345 584
345 634
345 645
346 362
346 383
346 385
346 386
346 455
346 462
346 485
346 631
347 496
347 503
347 575
347 576
348 392
348 402
348 406
350 358
350 573
350 596
351 508
351 540
351 670
352 395
352 412
352 646
353 510
354 355
354 523
354 587
354 625
354 652
355 356
355 401
355 405
355 411
355 538
356 359
356 399
356 429
356 465
356 473
356 544
356 575
356 576
357 392
357 402
357 578
357 583
357 604
358 397
358 409
358 412
358 569
358 608
358 615
359 399
359 404
359 416
359 496
359 508
359 516
359 626
360 384
360 548
360 610
360 613
361 387
361 469
361 546
361 604
361 641
362 470
363 393
363 442
363 443
363 452
363 546
364 531
364 623
364 646
365 436
366 542
367 389
367 395
367 400
367 423
367 452
367 476
367 505
367 578
367 589
367 675
368 448
368 514
368 519
368 541
368 636
368 674
369 386
369 455
369 540
370 377
370 472
370 503
370 546
370 600
371 539
372 435
372 505
372 608
373 571
373 603
373 626
373 663
374 518
376 385
376 419
376 429
376 465
376 568
376 576
376 679
377 423
377 449
377 500
377 590
377 660
377 664
378 438
378 455
378 536
378 608
379 402
379 430
379 477
379 515
379 590
379 626
379 646
379 673
380 455
380 499
380 525
380 595
380 605
380 669
381 392
381 528
381 563
381 583
381 588
381 627
381 629
381 644
382 387
382 469
382 472
382 641
383 385
383 386
383 455
383 462
383 485
384 396
384 563
384 586
384 610
384 667
385 419
385 455
385 568
386 540
387 414
387 457
387 469
387 530
388 390
388 421
388 480
388 521
389 395
389 441
389 561
389 578
390 429
390 474
390 521
391 417
391 423
391 477
391 525
391 570
391 645
392 398
392 595
392 630
392 678
393 425
393 498
393 584
394 442
394 444
394 466
394 482
394 570
395 412
395 441
395 578
395 583
395 589
395 653
396 521
396 670
396 671
398 565
398 597
398 615
398 619
399 483
399 525
399 625
399 674
400 404
400 405
401 405
401 450
401 573
401 587
401 613
401 641
402 515
402 606
402 666
404 462
404 468
404 499
404 534
405 420
405 450
405 587
405 623
405 641
405 672
406 459
408 527
408 637
409 621
410 441
410 447
410 465
410 486
410 499
410 547
410 568
410 599
410 606
410 611
411 625
412 461
413 420
413 451
413 464
413 523
414 418
414 464
414 530
414 587
414 602
415 650
416 437
416 468
416 489
416 639
417 423
417 435
417 624
417 645
418 583
419 429
419 475
419 565
419 576
419 679
420 491
420 523
420 587
420 631
420 672
421 434
421 465
421 474
421 483
421 506
421 508
421 667
423 535
423 614
423 624
423 676
425 498
427 516
427 534
428 475
428 489
428 519
428 520
429 465
429 474
429 555
429 576
430 454
430 477
430 535
430 565
430 616
430 634
431 456
431 510
431 547
431 595
431 607
431 611
431 624
433 479
434 475
434 555
435 458
435 505
435 645
437 577
438 467
438 501
438 596
438 601
438 619
440 491
440 567
440 651
441 507
441 547
441 578
441 611
441 638
442 454
442 458
442 567
443 452
443 652
444 464
444 466
445 504
446 457
446 471
446 614
446 676
447 515
447 527
449 457
449 471
449 614
449 661
449 664
449 668
450 457
451 458
451 546
451 570
452 546
452 553
452 653
452 673
453 456
453 488
453 560
453 566
454 469
454 501
454 528
454 542
454 565
454 598
454 621
454 649
455 462
455 475
455 499
455 669
456 488
456 566
456 602
457 469
457 471
457 624
458 503
458 546
458 662
459 465
459 480
460 550
460 574
461 504
461 539
461 658
462 490
462 654
463 544
464 583
464 585
465 506
465 521
465 575
465 576
465 581
465 592
465 666
465 679
467 537
467 596
468 473
468 542
468 605
468 607
468 654
469 530
469 595
470 638
471 676
472 524
472 548
472 586
473 480
473 654
474 480
474 481
474 593
474 667
475 669
476 478
476 479
476 529
476 637
476 675
477 481
477 586
477 590
477 660
477 664
478 487
478 637
479 514
479 519
479 583
479 639
480 518
480 605
481 555
481 586
482 594
482 618
482 628
482 651
482 653
483 548
483 574
483 576
483 653
484 488
484 574
486 499
486 508
486 523
486 596
486 599
486 625
487 567
488 504
488 546
488 640
488 658
489 491
489 512
489 525
489 567
489 656
490 510
490 511
490 515
490 553
490 631
491 566
493 597
496 501
496 503
496 520
496 525
497 552
497 621
497 662
499 550
499 601
499 669
500 651
500 664
502 554
502 597
503 600
503 603
503 621
504 570
504 640
504 658
505 510
505 601
505 631
506 508
506 667
507 508
507 534
507 547
507 611
508 667
510 631
511 631
512 519
512 567
513 559
513 561
513 608
514 520
514 632
515 544
515 581
515 606
515 666
515 678
518 551
518 554
518 561
519 637
520 536
520 543
522 663
523 651
523 652
524 537
524 585
524 651
524 660
525 657
527 545
527 645
528 588
528 622
528 644
528 676
528 678
529 584
529 602
529 618
529 637
530 575
530 601
530 653
531 646
534 596
534 619
535 573
535 646
536 579
536 595
537 585
537 612
538 675
539 648
539 649
539 658
541 632
543 571
543 661
544 659
546 548
546 596
546 618
546 634
547 599
547 611
547 638
548 651
548 655
550 574
551 571
553 638
555 576
555 664
556 560
556 568
558 577
558 594
558 617
561 572
561 661
562 583
562 668
562 676
563 629
564 575
564 644
565 588
565 616
566 626
566 637
566 656
567 656
567 739
568 656
568 657
568 679
569 611
570 618
571 583
571 626
571 661
572 579
573 622
573 644
573 680
579 658
579 669
581 613
581 666
581 680
583 589
583 619
583 622
583 676
584 608
584 662
584 671
586 590
586 624
588 644
592 620
593 664
594 617
594 640
595 601
595 616
595 675
596 619
597 669
600 618
603 678
604 670
604 673
606 613
606 666
607 669
608 623
611 638
611 666
612 641
614 668
616 666
617 618
618 653
618 656
619 669
622 644
622 676
622 678
625 658
627 637
628 648
628 650
631 672
632 636
632 674
634 636
636 643
651 660
660 665
666 680
681 700
681 719
681 774
681 867
681 896
681 915
681 919
682 708
682 775
682 791
682 805
682 831
682 841
683 699
683 735
683 753
683 770
683 810
683 876
683 898
683 903
683 957
683 958
684 715
684 716
684 719
684 741
684 760
684 774
684 827
684 843
684 862
684 896
684 912
684 919
684 927
684 933
684 939
684 952
684 956
684 964
685 818
685 907
685 930
685 935
685 947
685 948
685 989
686 701
686 742
686 758
686 789
686 806
686 814
686 851
686 868
686 872
686 898
686 906
686 922
686 930
686 961
686 979
686 988
687 715
687 765
687 814
687 856
687 860
687 870
687 922
687 966
688 693
688 709
688 727
688 750
688 779
688 795
688 806
688 866
688 965
688 966
688 982
689 822
689 873
689 933
689 965
689 970
689 978
689 986
689 991
690 831
690 867
690 886
690 935
690 953
690 970
691 740
691 846
691 870
691 874
691 900
691 924
692 699
692 753
692 775
692 780
692 781
692 829
692 870
692 889
692 981
693 744
693 800
693 803
693 864
693 882
694 707
694 771
694 787
694 836
694 865
694 890
694 899
694 914
694 920
694 936
694 944
694 951
694 971
695 785
695 841
695 895
696 747
696 761
696 789
696 877
697 712
697 715
697 728
697 764
697 884
697 967
698 706
698 720
698 831
698 855
698 884
698 897
698 928
699 702
699 711
699 736
699 759
699 761
699 770
699 780
699 793
699 806
699 814
699 876
699 898
699 903
699 922
699 925
699 949
699 950
699 957
699 970
699 983
700 782
700 849
700 861
700 886
701 739
701 742
701 765
701 815
701 907
701 922
701 988
701 993
702 704
702 738
702 748
702 807
702 838
702 857
702 871
702 903
703 732
703 744
703 767
703 771
703 796
703 797
703 804
703 808
703 810
703 908
703 921
703 981
704 742
704 747
704 770
704 789
704 850
704 867
705 706
705 841
705 897
705 914
705 977
706 725
706 897
706 977
707 790
707 836
707 865
707 888
707 908
707 914
707 920
709 729
709 778
709 795
709 800
709 864
709 866
709 890
709 969
710 748
710 784
710 794
710 854
710 902
710 947
711 763
711 768
711 793
711 801
711 814
711 816
711 827
711 850
711 903
711 905
711 909
711 983
712 744
712 772
712 782
712 789
712 833
712 933
712 936
712 949
712 978
712 985
713 740
713 880
713 887
713 907
713 948
713 961
714 886
715 728
715 732
715 764
715 799
715 825
715 826
715 828
715 829
715 885
715 910
715 933
715 943
715 956
715 962
715 966
716 739
716 760
716 809
716 818
716 827
716 886
716 892
716 912
716 930
716 933
716 948
717 727
717 972
718 753
718 756
718 780
718 781
718 847
718 862
718 863
718 891
719 792
719 855
719 873
719 910
720 725
720 754
720 804
720 831
720 873
720 918
721 904
721 910
722 811
722 877
723 748
723 783
723 788
723 803
723 825
723 875
723 882
723 884
724 790
724 944
724 954
725 746
725 812
725 840
725 897
725 908
725 973
726 735
726 737
726 753
726 761
726 767
726 770
726 774
726 834
726 853
726 903
726 915
726 919
726 949
726 958
726 994
727 757
727 832
727 834
727 880
727 910
727 920
727 955
727 963
727 989
728 732
728 747
728 758
728 762
728 764
728 771
728 817
728 823
728 873
728 951
728 956
728 976
729 733
729 750
729 800
729 825
729 865
729 890
729 894
729 913
729 967
730 741
730 753
730 852
730 902
730 933
730 994
731 737
731 789
731 797
731 807
731 816
731 830
731 857
731 886
731 927
731 933
731 990
732 758
732 762
732 767
732 796
732 804
732 805
732 808
732 813
732 875
732 895
732 922
732 944
732 951
732 969
732 981
732 987
733 795
733 803
733 849
733 894
733 967
733 993
734 884
734 982
735 736
735 770
735 815
735 830
735 898
735 911
735 916
735 949
735 953
735 958
735 984
735 990
735 997
736 737
736 832
736 833
736 874
736 927
736 963
736 995
737 930
737 959
737 972
738 741
738 868
738 883
739 770
739 809
739 819
739 886
739 898
739 947
739 948
739 958
739 965
739 988
740 785
740 846
740 869
740 900
740 927
741 756
741 771
741 853
741 872
741 886
742 806
742 829
742 868
742 876
742 906
742 907
742 922
742 950
742 961
742 966
742 986
742 988
742 993
742 997
743 745
743 783
743 790
743 984
744 772
744 782
744 790
744 833
744 912
744 949
744 985
744 994
744 996
745 820
745 893
745 914
745 932
745 936
745 945
745 982
745 984
746 763
746 766
746 844
746 909
747 756
747 761
747 789
747 829
747 845
747 850
747 868
747 886
747 933
747 957
747 961
747 964
748 807
748 871
748 875
748 931
748 979
749 870
749 951
749 953
749 955
749 971
749 973
749 979
750 864
751 990
752 755
752 796
752 856
752 890
752 944
752 952
752 969
753 755
753 758
753 780
753 781
753 784
753 794
753 828
753 832
753 847
753 860
753 880
753 891
753 902
753 947
753 949
754 755
754 768
754 771
754 773
754 785
754 799
754 823
754 875
754 961
754 974
755 758
755 781
755 784
755 828
755 875
755 891
755 947
756 771
756 773
756 781
756 789
756 857
756 865
756 876
756 880
756 898
756 899
756 918
756 950
757 818
757 837
757 873
757 902
757 955
757 957
757 984
757 989
758 762
758 772
758 781
758 794
758 828
758 847
758 875
758 902
758 953
758 956
758 979
759 801
759 852
759 903
759 964
760 763
760 827
760 843
760 848
760 912
760 954
761 770
761 876
761 903
761 957
761 958
762 796
762 799
762 817
762 823
762 824
762 884
762 890
762 895
762 910
762 951
762 969
762 976
762 987
763 766
763 782
763 816
763 844
763 848
763 927
763 933
764 884
764 976
765 775
765 800
765 861
765 864
765 938
766 844
766 909
766 977
767 771
767 796
767 797
767 804
767 808
767 810
767 981
768 769
768 793
768 829
768 850
768 883
768 967
768 975
768 985
769 795
769 851
769 913
769 938
769 943
769 975
770 781
770 806
770 853
770 875
770 876
770 892
770 898
770 903
770 906
770 950
770 958
770 986
771 796
771 808
771 830
771 860
771 880
771 885
771 895
771 899
771 916
771 921
771 944
771 951
771 952
771 976
771 978
771 981
772 775
772 814
772 877
772 933
772 994
773 775
773 790
773 804
773 875
773 880
773 951
773 964
774 827
774 859
774 915
774 917
774 963
774 964
774 972
775 780
775 795
775 806
775 825
775 876
775 982
776 798
776 842
776 878
777 791
777 812
777 817
777 842
777 996
778 787
778 826
778 856
778 885
778 915
778 921
778 962
778 966
778 973
778 987
779 812
779 844
779 848
780 781
780 828
780 853
781 784
781 794
781 797
781 811
781 828
781 847
781 853
781 875
781 891
782 833
782 872
782 915
782 933
782 949
782 978
783 803
783 834
783 882
783 887
783 904
783 917
784 847
784 891
784 902
785 786
785 929
786 812
786 974
787 826
787 856
787 885
787 966
787 971
787 973
787 987
788 877
788 882
789 806
789 868
789 876
789 883
789 886
789 933
789 939
789 949
789 950
789 980
789 985
790 803
790 804
790 882
790 890
790 934
791 831
791 842
791 880
791 945
792 833
792 837
792 995
793 825
793 829
793 856
793 857
793 922
793 946
793 952
793 967
793 993
794 809
794 828
794 829
794 840
794 847
794 875
794 979
795 851
795 884
795 913
795 938
795 943
795 975
796 808
796 810
796 830
796 856
796 884
796 885
796 890
796 899
796 944
796 969
796 981
797 804
797 805
797 810
797 853
797 860
797 870
797 939
798 821
798 878
799 808
799 830
799 856
799 884
799 895
799 916
799 976
800 861
800 864
800 894
800 962
801 829
801 850
801 925
801 940
801 957
801 983
802 826
802 856
802 864
802 870
802 906
803 882
803 977
804 805
804 872
804 901
804 936
804 969
804 973
805 808
805 856
805 875
805 921
805 939
805 963
805 981
805 997
806 815
806 868
806 950
806 961
806 987
807 838
807 871
807 931
808 826
808 884
808 895
808 899
808 916
808 921
808 944
808 952
808 969
808 976
808 981
809 818
809 828
809 834
809 930
809 939
809 949
809 955
809 974
810 823
810 853
810 870
810 890
810 903
810 939
811 974
812 831
812 842
812 851
812 912
812 929
812 938
813 824
813 825
813 870
813 875
813 916
813 938
813 969
813 971
813 975
814 828
814 857
814 910
814 922
814 946
814 975
814 993
815 839
815 871
815 906
815 907
815 935
815 988
816 830
816 916
816 927
816 953
817 842
817 904
817 928
818 877
818 948
818 989
819 989
820 893
820 932
820 936
820 945
820 982
820 984
821 824
821 846
821 869
821 874
821 878
821 900
822 873
822 959
822 972
822 985
822 991
823 824
823 825
823 913
823 938
823 943
823 975
824 825
824 913
824 951
825 826
825 851
825 885
825 889
825 890
825 892
825 938
825 939
825 943
825 963
825 967
825 975
826 856
826 860
826 884
826 885
826 895
826 932
826 962
826 966
826 987
827 843
827 859
827 889
827 910
827 912
827 919
827 927
827 933
827 935
827 944
827 952
827 953
827 963
828 916
828 978
828 979
828 993
829 850
829 852
829 888
829 891
829 920
829 922
829 925
829 940
829 956
829 964
829 967
829 983
829 993
829 997
830 886
830 899
830 916
830 927
830 933
830 949
830 953
830 965
830 969
830 986
831 841
831 918
832 834
832 855
832 880
832 883
832 903
832 917
832 963
832 995
832 996
833 837
833 848
833 855
833 873
833 877
833 879
833 972
833 985
833 994
833 995
834 855
834 873
834 903
834 911
834 963
835 960
835 997
836 865
836 870
836 914
836 920
837 863
837 873
837 902
837 915
837 918
837 995
838 871
838 920
838 963
839 908
839 913
840 849
840 869
840 926
841 904
841 977
842 868
842 988
842 996
843 889
843 912
843 927
844 898
844 901
844 942
844 972
845 848
845 862
845 868
845 883
846 869
846 874
846 900
846 968
847 875
847 891
847 995
848 862
848 863
848 877
848 879
848 889
848 918
848 984
849 932
849 938
849 943
850 872
850 891
850 906
850 925
850 983
851 938
851 943
851 967
851 975
852 893
852 900
852 983
853 896
853 898
853 912
853 915
853 917
853 949
853 957
853 958
853 972
853 994
854 912
855 873
855 928
855 995
856 885
856 962
856 966
856 969
856 987
857 903
857 922
857 931
857 946
857 957
857 982
857 993
858 860
858 881
858 929
858 957
858 960
859 862
859 863
859 896
859 933
859 949
859 952
859 964
860 870
860 885
860 971
861 864
861 980
862 863
862 867
862 889
862 892
862 896
862 915
862 964
863 879
863 884
863 889
863 917
863 963
864 867
865 890
865 900
865 914
866 959
867 889
867 915
867 942
867 948
868 899
868 971
869 874
869 900
869 926
869 997
870 874
870 885
870 957
870 962
870 966
870 971
871 896
871 920
871 931
871 963
871 997
872 877
872 883
872 906
872 915
872 933
872 947
872 978
873 902
873 991
873 995
874 900
874 918
874 945
874 981
875 884
875 890
875 902
875 916
875 935
875 953
875 956
875 979
876 880
876 898
876 903
876 906
876 950
877 891
877 933
878 897
879 889
879 915
879 918
879 984
879 995
880 898
880 930
880 950
880 957
880 984
881 901
881 929
881 960
882 977
884 895
884 910
884 921
884 955
884 956
884 976
884 981
884 987
885 922
885 966
885 971
885 975
885 987
886 933
886 956
886 965
886 986
887 948
889 896
889 955
889 963
890 895
890 900
890 910
890 914
890 944
890 966
890 969
890 987
891 902
891 907
892 907
892 948
892 949
892 952
892 978
892 986
893 945
893 983
894 951
894 961
894 962
894 971
895 899
895 916
895 921
895 944
895 969
895 976
895 981
896 915
896 935
897 977
898 903
898 950
898 957
898 958
898 983
899 921
899 944
899 952
899 969
899 978
899 981
899 992
901 929
901 960
901 968
902 983
902 984
903 925
903 950
903 957
903 958
903 983
904 909
905 946
905 970
906 926
906 938
906 950
906 961
906 980
907 948
907 988
909 973
910 921
910 956
910 976
911 917
911 958
912 927
913 943
913 975
914 937
915 918
915 974
915 984
916 927
916 953
916 974
916 978
916 990
917 918
917 919
917 954
918 984
920 937
920 974
921 944
921 969
921 974
921 976
921 981
922 961
922 975
922 988
922 993
923 946
923 980
925 940
925 970
925 983
925 993
926 997
927 933
927 953
929 936
930 935
930 947
930 948
933 949
934 937
934 996
935 950
935 959
935 970
935 986
936 969
937 985
937 996
938 943
938 967
938 975
939 949
939 955
939 956
939 978
939 981
940 946
940 981
940 983
940 993
943 967
943 975
944 965
944 981
945 983
945 984
946 970
946 980
946 983
946 993
947 948
947 970
947 986
948 970
949 958
949 978
949 994
952 964
952 978
953 969
954 977
958 994
959 972
961 966
962 966
962 975
962 987
964 979
964 987
964 997
965 986
965 991
966 969
966 971
966 973
966 987
967 975
969 981
971 973
971 987
975 993
976 987
977 996
984 989
985 996
986 990
988 993
990 991
