#num-nodes
1147
#num-links
5096
#links
0 261
0 460
0 541
0 957
1 400
1 558
2 63
2 66
2 115
2 292
2 431
2 484
2 516
2 597
2 630
2 647
2 679
3 17
3 36
3 349
3 420
3 482
3 493
3 640
4 143
4 228
4 324
4 503
5 6
5 126
5 146
5 173
5 259
5 261
5 319
5 394
6 74
7 525
8 11
8 64
8 138
8 145
8 170
8 174
8 295
8 401
8 405
8 515
8 596
8 679
9 521
9 605
10 194
10 226
10 330
10 342
10 354
10 366
10 452
10 465
10 486
10 563
11 61
11 170
11 405
11 457
11 515
12 13
12 24
12 123
12 238
12 334
12 352
12 394
12 475
12 568
12 642
13 15
13 332
13 335
13 664
13 792
14 302
14 473
14 474
14 499
14 570
14 648
15 16
15 74
15 393
15 421
15 466
15 494
15 576
15 621
15 908
16 21
16 23
16 88
16 90
16 137
16 138
16 379
16 436
16 494
16 537
16 585
16 586
16 619
17 36
17 52
17 190
17 202
17 346
17 359
17 452
17 600
17 609
18 105
18 113
18 190
18 199
18 206
18 226
18 351
18 497
18 609
18 648
18 806
19 59
19 318
19 371
20 68
20 183
20 187
20 221
20 451
20 454
20 601
20 604
20 608
21 292
21 345
21 364
21 436
21 456
21 534
21 571
21 581
21 596
22 68
22 76
22 299
22 305
22 318
22 359
22 410
22 546
22 650
22 683
23 90
23 292
23 537
23 573
23 577
23 581
23 583
24 271
24 360
24 421
24 445
24 575
24 594
24 596
24 642
25 136
25 178
25 300
25 339
25 365
25 420
25 433
25 448
25 476
25 548
25 603
25 678
26 44
26 73
26 131
26 151
26 348
26 472
26 473
26 476
26 486
26 546
26 560
26 589
27 86
27 132
27 178
27 193
27 213
27 219
27 291
27 333
27 450
27 528
27 547
27 552
27 614
28 84
28 107
28 190
28 215
28 279
28 280
28 287
28 399
28 449
28 462
28 479
28 492
28 540
28 597
28 618
28 622
28 646
29 129
29 153
29 182
29 283
29 307
29 499
29 548
29 611
29 633
29 668
30 120
30 220
30 393
30 445
30 647
31 395
31 594
32 137
32 344
32 656
33 60
33 118
33 129
33 169
33 256
33 376
33 467
33 598
33 641
34 184
34 241
34 250
34 256
34 327
34 649
35 69
35 71
35 328
35 361
35 634
36 91
36 136
36 194
36 199
36 299
36 354
36 453
36 465
36 546
36 572
36 604
36 609
36 675
37 39
37 65
37 92
37 127
37 293
37 379
37 508
37 553
37 596
37 620
38 169
38 251
38 373
38 376
38 410
38 644
38 651
39 46
39 119
39 147
39 148
39 156
39 255
39 396
39 553
39 574
39 619
40 276
40 373
40 485
40 492
41 60
41 122
41 167
41 294
41 327
41 365
41 443
41 453
41 500
42 73
42 111
42 163
42 167
42 187
42 198
42 245
42 306
42 426
43 135
43 251
43 260
43 314
43 565
43 618
44 73
44 93
44 106
44 131
44 151
44 198
44 426
44 440
44 458
44 472
44 476
44 504
45 237
45 266
45 414
45 502
45 567
45 684
46 93
46 186
46 332
46 373
46 435
46 667
47 88
47 277
47 309
47 421
47 468
47 518
47 532
47 535
47 561
47 591
48 258
48 415
48 435
48 534
48 549
48 561
48 591
49 51
49 70
49 326
49 567
49 572
50 346
50 373
50 450
50 467
50 477
50 528
50 540
50 600
50 641
50 648
51 101
51 121
51 567
51 617
52 98
52 130
52 132
52 179
52 190
52 238
52 330
52 333
52 527
52 609
52 640
54 214
54 266
54 285
54 543
54 555
54 639
54 676
55 68
55 469
55 652
56 91
56 187
56 258
56 364
56 501
56 606
56 629
56 631
56 665
56 674
56 679
57 136
57 210
57 211
57 313
57 329
57 331
57 454
57 477
57 541
58 94
58 148
58 539
58 637
59 70
59 86
59 178
59 299
59 469
59 650
59 661
60 288
60 300
60 377
61 110
61 156
61 175
61 246
61 360
61 392
61 444
61 490
61 578
61 656
62 510
63 234
64 65
64 138
64 165
64 234
64 275
64 405
64 501
64 621
64 625
65 160
65 161
65 170
65 236
65 258
65 281
65 496
65 514
65 532
65 571
65 664
66 283
66 678
67 137
67 344
67 398
68 225
68 226
68 249
68 359
68 469
68 486
68 502
68 546
68 617
69 202
69 263
69 268
69 1007
70 253
70 326
71 167
71 217
71 328
71 462
71 463
71 622
72 77
72 101
72 117
72 131
72 318
72 371
72 373
72 476
73 124
73 163
73 166
73 182
73 201
73 249
73 426
73 458
73 460
73 677
74 91
74 230
74 303
74 309
74 310
74 413
74 414
74 511
74 582
75 209
75 298
75 383
75 519
76 77
76 318
76 469
76 617
76 650
76 661
76 683
77 212
77 285
77 318
77 371
77 373
78 161
78 164
78 265
78 282
78 616
79 92
79 335
79 620
80 513
80 549
80 680
81 129
81 137
81 160
81 246
81 405
81 515
81 581
81 627
82 87
82 120
82 133
82 159
82 188
82 289
82 364
82 392
82 409
82 497
82 531
82 532
82 612
83 153
83 209
83 211
83 313
83 548
83 986
84 86
84 107
84 178
84 215
84 279
84 325
84 391
84 462
84 465
84 526
84 617
84 674
85 298
86 106
86 132
86 178
86 219
86 221
86 284
86 354
86 469
86 557
86 614
87 188
87 303
87 332
87 392
87 546
88 91
88 170
88 188
88 218
88 277
88 289
88 310
88 421
88 430
88 466
88 494
88 532
88 537
88 582
90 436
90 494
90 537
91 236
91 238
91 240
91 334
91 364
91 389
91 418
91 455
91 582
91 583
91 640
92 260
92 315
92 335
92 594
92 620
93 117
93 162
93 210
93 214
93 266
93 355
93 371
93 458
93 555
93 653
93 676
93 677
94 244
94 388
94 575
94 587
94 637
95 118
95 157
95 293
96 153
96 182
96 453
96 499
96 551
96 611
96 646
96 663
97 635
98 190
98 229
98 600
98 609
99 141
99 146
99 240
99 323
99 585
99 619
99 630
100 136
100 168
100 207
100 339
100 407
100 448
100 453
100 454
100 593
100 605
101 117
101 371
101 476
101 543
101 650
102 106
102 169
102 256
102 504
102 610
102 1032
103 141
103 409
103 553
104 229
104 314
104 671
105 113
105 217
105 351
105 358
105 497
105 593
105 624
105 719
106 132
106 238
106 249
106 390
106 419
106 451
106 452
106 475
106 504
106 552
107 215
107 279
107 280
107 391
107 416
107 443
107 449
107 462
107 593
107 622
107 646
107 674
107 829
107 1027
108 215
108 216
108 270
108 396
108 463
108 674
109 124
109 136
109 153
109 180
109 204
109 317
109 328
109 383
109 454
109 605
109 652
109 675
109 678
110 127
110 161
110 175
110 230
110 240
110 353
110 397
110 461
110 518
111 358
111 469
111 524
111 593
111 650
112 267
112 453
113 373
113 593
113 624
115 385
115 544
115 554
116 119
116 369
116 461
116 647
117 118
117 175
117 208
117 341
117 371
117 543
117 653
118 130
118 279
118 340
118 473
118 523
118 597
118 674
119 240
119 265
119 369
119 387
119 403
119 585
119 594
119 630
120 188
120 369
120 393
120 411
120 434
120 435
120 436
120 459
120 531
120 535
120 606
120 625
120 648
121 153
121 327
121 346
121 448
121 470
121 540
121 542
121 657
122 283
122 297
122 351
122 419
122 448
122 480
122 590
122 709
123 255
123 259
123 320
123 367
123 415
123 436
123 468
123 475
123 511
123 535
123 539
123 616
123 642
124 163
124 300
124 361
124 480
124 488
124 958
125 280
125 438
125 443
125 465
125 477
125 526
125 597
125 646
126 160
126 412
126 477
126 488
126 489
126 490
126 540
126 599
126 624
126 648
126 664
126 672
126 726
127 160
127 236
127 336
127 396
127 437
127 468
127 662
127 739
128 157
128 195
128 225
128 536
128 576
129 376
129 488
129 624
130 166
130 194
130 211
130 333
130 416
130 450
130 465
130 523
130 609
130 622
131 151
131 472
131 476
131 566
131 589
131 650
132 154
132 219
132 284
132 333
132 486
132 552
133 192
133 249
133 393
133 400
133 401
133 427
133 532
133 587
134 208
134 483
134 547
134 564
134 584
135 419
136 199
136 207
136 249
136 454
136 548
136 605
136 609
136 612
136 663
136 678
137 235
137 246
137 344
137 439
137 568
137 627
138 176
138 218
138 275
138 290
138 397
138 401
138 405
138 418
138 430
138 585
139 316
139 612
140 195
141 323
141 409
142 220
142 347
142 512
142 575
143 149
143 435
143 512
143 549
143 620
144 196
144 551
144 654
145 295
145 441
145 518
145 534
146 205
146 303
146 304
146 389
146 413
146 415
146 435
146 534
146 616
147 255
147 553
147 607
148 437
148 539
148 558
149 512
149 535
149 553
149 647
150 254
150 281
150 304
150 415
150 679
151 154
151 167
151 233
151 253
151 283
151 325
151 472
151 476
151 507
152 288
152 448
153 199
153 213
153 327
153 499
153 611
153 684
153 1035
154 237
154 251
154 454
154 504
154 566
154 588
154 678
155 241
155 251
155 520
155 559
155 608
155 649
157 195
157 367
157 1071
158 192
158 240
158 388
158 401
158 403
158 429
158 430
158 437
158 508
158 515
158 606
158 627
158 1014
159 258
159 309
159 530
159 571
159 672
160 164
160 165
160 214
160 235
160 275
160 343
160 378
160 508
160 515
160 592
161 164
161 165
161 173
161 235
161 459
161 461
161 568
162 166
162 198
162 440
162 458
162 463
162 479
162 504
162 653
162 677
163 167
163 168
163 187
163 294
163 306
163 307
163 328
163 378
163 426
163 443
163 458
163 472
163 595
163 636
163 701
164 165
164 173
164 231
164 235
164 312
164 343
164 368
164 439
164 461
164 568
165 173
165 231
165 235
165 260
165 347
165 441
165 620
165 747
166 178
166 198
166 284
166 285
166 440
166 504
166 584
166 653
166 956
166 958
167 294
167 328
167 426
167 458
167 677
167 701
168 217
168 267
168 306
168 321
168 359
168 407
168 605
168 611
168 633
168 636
168 800
169 239
169 256
169 339
169 376
169 438
169 598
169 610
169 644
170 177
170 257
170 405
170 496
170 515
170 532
171 206
171 287
171 381
171 412
171 438
171 453
171 477
171 497
171 563
171 593
171 609
171 648
171 659
172 398
173 247
173 259
173 319
173 550
175 230
175 282
175 355
175 360
175 392
175 459
175 490
175 518
175 647
176 218
176 254
176 396
176 525
176 569
176 594
176 606
176 673
178 206
178 219
178 221
178 257
178 284
178 325
178 354
178 469
178 526
178 527
178 552
178 557
178 600
178 614
179 190
179 227
179 249
179 330
179 474
179 609
179 675
180 210
180 300
180 317
180 383
180 897
181 276
182 184
182 203
182 209
182 495
182 504
182 566
182 779
182 1095
183 187
184 253
184 555
185 302
186 265
186 382
186 401
186 418
186 461
186 489
186 530
186 574
186 587
186 645
187 307
187 426
187 601
187 731
188 289
188 300
188 304
188 308
188 392
188 432
188 435
188 436
188 514
188 531
189 328
189 337
189 361
190 219
190 226
190 330
190 333
190 342
190 354
190 450
190 527
190 557
190 600
190 609
190 640
192 388
192 396
192 455
192 500
193 221
193 256
193 284
193 285
193 291
193 354
193 390
193 451
193 527
193 557
193 601
193 604
193 614
193 671
194 330
194 346
194 486
194 493
194 609
194 657
195 225
195 304
195 389
195 432
195 435
195 536
195 561
195 576
195 604
196 220
196 254
196 259
196 269
196 336
196 340
196 645
196 680
197 224
197 285
197 292
197 339
197 341
197 527
197 581
197 610
198 268
198 458
198 462
198 463
198 472
198 476
198 543
198 677
199 325
199 526
199 597
199 609
199 643
200 344
200 443
200 550
200 551
200 592
200 616
200 634
200 669
200 730
200 1086
201 377
201 559
201 677
202 214
202 263
202 268
202 355
202 420
202 470
202 656
202 677
203 251
203 333
203 341
203 603
203 609
203 678
203 684
205 277
205 303
205 304
205 352
205 369
205 389
205 642
206 270
206 349
206 614
206 624
206 648
207 341
207 407
207 454
207 1108
208 210
208 483
208 547
208 564
209 294
209 298
209 383
209 408
209 480
209 499
209 519
209 570
209 663
210 311
210 399
210 463
210 602
210 653
210 676
211 313
211 329
211 381
211 548
211 617
211 638
212 665
212 1144
213 219
213 237
213 279
213 349
213 420
213 433
213 452
213 460
213 467
213 493
213 506
213 523
213 528
213 572
213 641
213 658
214 328
214 387
214 458
214 463
214 633
214 639
214 676
215 237
215 270
215 280
215 391
215 449
215 462
215 509
215 617
215 646
215 657
215 674
216 263
216 270
216 321
216 463
217 267
217 328
217 337
217 351
217 562
217 590
217 633
217 634
217 646
218 269
218 272
218 310
218 340
218 427
218 594
218 596
219 284
219 330
219 333
219 416
219 451
219 491
219 528
219 552
219 601
219 604
219 614
219 641
220 264
220 269
220 315
220 388
220 415
220 606
220 679
221 284
221 354
221 552
221 614
222 306
222 356
222 443
222 499
222 633
222 737
222 984
222 1065
222 1092
223 497
224 341
224 402
224 438
224 458
224 475
224 527
224 604
224 610
224 676
225 230
225 258
225 413
225 536
225 561
225 576
226 326
226 359
226 486
226 507
226 546
226 648
226 650
227 267
227 279
227 307
227 333
227 422
227 452
227 487
227 618
227 640
227 658
227 665
227 674
227 956
228 290
228 414
228 594
229 249
229 435
229 485
229 502
229 546
229 609
229 671
230 236
230 412
230 440
230 511
230 619
231 235
231 257
231 347
231 456
232 345
232 364
232 415
232 432
232 532
232 535
232 558
232 571
232 581
233 253
233 311
233 328
233 583
233 590
233 663
233 684
234 235
234 302
234 508
234 659
235 350
235 437
235 441
235 444
235 592
235 659
236 240
236 295
236 455
236 573
236 619
236 648
236 662
236 739
236 896
237 287
237 342
237 357
237 381
237 420
237 433
237 449
237 483
237 502
237 640
237 646
237 648
237 657
237 675
238 239
238 289
238 309
238 334
238 335
238 368
238 402
238 475
238 642
239 402
239 598
239 610
239 621
239 679
240 394
240 403
240 418
240 594
240 617
240 619
240 630
241 250
241 287
241 559
241 649
242 347
243 284
243 285
243 390
243 451
243 552
243 557
244 271
244 295
244 387
244 388
244 525
244 533
244 587
244 825
244 1040
244 1079
244 1094
245 504
245 592
246 334
246 344
246 442
246 586
246 672
246 1052
247 259
247 319
247 489
247 625
247 654
248 286
249 318
249 492
249 597
249 609
249 647
250 337
250 520
250 664
250 1015
251 314
251 373
251 542
251 603
251 618
251 678
252 295
252 332
252 398
252 408
252 545
252 585
252 620
252 662
253 326
253 639
254 286
254 374
254 673
255 292
255 320
255 396
255 481
255 484
255 553
256 451
256 522
256 527
256 560
256 598
256 610
257 265
257 347
257 354
257 363
257 457
257 459
258 304
258 343
258 347
258 369
258 501
258 510
258 561
258 612
258 1075
259 319
260 343
260 347
260 441
260 484
260 535
260 596
261 323
261 343
261 382
261 403
261 619
262 289
262 315
262 436
262 501
262 530
262 531
263 268
263 311
264 315
264 352
264 394
264 406
264 591
265 282
265 347
265 403
265 459
265 490
265 619
265 669
266 268
266 458
266 555
266 639
266 676
267 306
267 433
267 633
267 634
267 658
268 417
269 286
269 310
269 315
270 279
270 280
270 391
270 412
270 447
270 462
270 463
270 634
270 674
271 291
271 320
271 360
271 445
271 642
272 596
273 350
273 351
273 563
273 648
273 675
273 806
274 282
274 459
274 532
274 578
274 656
275 405
275 581
275 587
275 660
276 362
276 672
277 289
277 310
277 445
277 532
279 348
279 358
279 391
279 462
279 488
279 665
279 674
280 351
280 449
280 462
280 493
280 563
280 572
280 597
280 629
280 646
280 675
281 378
281 444
281 468
281 494
281 624
281 664
282 441
282 459
283 341
283 419
283 471
283 472
283 507
283 521
284 390
284 469
284 492
284 552
284 557
284 614
285 451
285 485
285 504
286 425
286 840
287 351
287 366
287 467
287 507
287 609
287 641
287 648
288 383
288 423
288 425
288 448
288 498
289 368
289 432
289 435
289 531
289 532
289 549
290 583
290 594
290 615
291 316
291 509
291 527
291 604
292 362
292 397
292 461
292 514
292 534
292 574
292 581
292 680
293 296
293 581
293 642
294 307
294 311
294 329
294 426
294 636
295 324
295 418
295 515
295 533
295 573
295 596
295 619
296 356
296 520
297 663
297 991
297 1043
298 383
298 408
298 480
299 424
299 469
299 546
299 561
299 681
300 327
300 433
300 548
300 618
300 678
301 313
301 341
301 356
301 365
301 377
301 521
301 559
301 570
301 638
301 651
302 428
302 447
302 474
302 570
302 618
302 904
302 909
302 1004
303 304
303 389
303 413
303 414
303 536
303 612
303 616
304 389
304 413
304 534
304 536
304 561
304 576
304 616
305 469
305 557
305 650
305 652
305 655
306 426
307 328
307 349
307 422
308 392
308 508
308 514
308 659
309 334
309 352
309 413
309 414
309 421
309 621
310 336
310 409
310 412
310 489
310 490
310 582
310 619
311 417
311 447
311 463
311 590
311 602
311 636
311 659
312 336
312 396
312 399
312 455
312 587
312 621
312 627
313 365
313 381
313 521
313 542
314 678
315 435
315 436
315 679
316 366
316 451
316 498
316 612
317 605
317 737
317 984
317 1033
318 469
318 528
318 617
318 650
318 661
318 683
319 324
320 332
320 468
320 569
321 516
323 353
323 409
323 580
323 585
323 619
323 727
323 852
324 385
324 398
324 579
325 371
325 390
325 465
325 476
325 526
325 597
325 683
326 424
326 486
326 655
326 681
327 330
327 377
327 453
327 638
327 684
328 499
329 377
329 423
329 548
330 333
330 342
330 346
330 357
330 450
330 486
330 497
330 527
330 640
331 475
331 479
331 498
331 631
331 644
332 347
332 512
332 574
332 626
333 416
333 450
333 523
333 640
334 369
334 397
334 414
334 549
334 576
334 619
334 639
335 431
335 573
335 575
335 620
335 664
336 363
336 568
337 540
337 542
337 684
338 438
338 598
339 377
339 448
339 522
339 560
339 593
339 605
339 610
339 678
339 684
340 398
340 427
340 455
341 354
341 373
341 448
341 453
341 471
341 495
341 598
341 610
341 621
341 678
341 684
342 354
342 357
342 509
342 523
342 560
342 640
342 646
343 907
343 921
343 1119
344 350
345 350
345 364
345 510
345 571
346 349
346 433
346 448
346 449
346 471
346 564
346 767
347 457
347 533
348 419
348 453
348 520
348 622
348 729
348 958
348 1133
349 378
349 422
349 433
349 452
349 460
349 479
349 523
350 406
350 511
350 551
350 592
350 596
351 358
351 443
351 449
351 497
351 527
351 629
351 646
351 648
351 665
352 360
352 369
352 406
352 532
352 630
352 642
353 1086
354 390
354 424
354 443
354 451
354 477
354 485
354 552
354 604
354 608
354 614
354 650
355 356
355 428
355 458
355 461
356 377
356 638
357 449
357 523
357 563
357 640
357 650
357 657
358 440
358 720
359 424
359 485
359 486
359 650
360 392
360 445
360 451
360 642
362 382
362 436
362 571
362 581
362 583
362 593
363 400
363 492
363 583
363 948
364 409
364 424
364 432
364 510
364 532
364 549
364 571
365 419
365 649
366 486
366 600
367 368
367 409
367 435
367 501
367 576
367 662
368 370
368 402
368 512
368 535
369 406
369 518
369 594
370 378
370 443
370 499
370 532
370 663
370 876
371 476
371 639
372 515
373 376
373 402
373 427
373 509
373 522
373 558
373 604
373 644
374 378
374 387
374 466
374 568
374 607
374 1129
375 574
376 438
376 477
376 644
377 438
377 548
377 559
377 638
378 422
378 444
378 445
378 607
379 393
379 400
381 467
381 675
382 517
382 571
382 573
382 594
382 645
382 667
382 680
383 447
383 491
383 586
383 600
383 678
384 428
385 544
387 388
387 409
387 444
387 580
387 592
388 575
388 1079
389 413
389 511
389 534
389 536
389 576
389 616
390 465
390 514
390 522
390 526
390 563
391 449
391 462
391 646
391 674
391 829
391 956
392 435
392 510
392 535
392 626
393 445
393 525
393 569
394 475
394 494
394 642
395 625
396 406
396 537
396 553
398 586
399 532
399 577
399 623
399 753
399 1002
399 1051
400 484
400 577
400 627
401 418
401 429
401 430
401 508
401 525
401 586
401 587
402 475
402 535
402 557
402 868
403 418
403 475
403 511
403 569
403 612
403 912
404 410
404 502
405 418
405 447
405 508
405 515
405 571
405 634
406 594
407 765
407 986
407 1023
409 558
410 650
412 488
412 489
412 490
412 599
412 619
412 640
412 672
413 414
413 421
413 454
413 466
413 494
413 534
413 571
413 576
413 612
413 616
414 620
414 639
415 432
415 435
415 436
415 534
415 679
416 609
416 622
417 602
418 533
418 780
418 875
419 471
419 559
419 562
419 565
420 493
420 600
420 629
420 631
420 644
420 675
421 468
421 494
421 571
421 582
421 591
421 621
421 625
422 452
422 460
422 492
422 493
422 668
422 675
423 605
423 657
424 500
424 507
424 546
424 671
424 681
425 542
425 624
426 447
426 458
426 516
426 677
427 537
427 627
427 680
429 430
429 432
429 435
429 436
429 437
429 567
429 569
429 606
429 702
429 1126
430 432
430 435
430 437
430 537
430 587
430 627
430 630
431 437
432 436
432 537
432 549
432 558
432 561
432 569
432 616
432 679
433 461
433 523
433 640
433 648
433 652
433 916
434 439
434 442
435 436
435 441
435 468
435 537
435 549
435 558
435 561
435 591
435 598
435 671
435 679
436 456
436 531
436 537
436 558
436 571
436 581
437 468
437 508
437 586
437 592
438 477
438 598
438 641
438 644
438 713
438 719
438 726
439 568
439 670
440 460
440 470
440 472
440 479
440 653
441 518
441 1119
443 453
443 523
443 528
443 650
444 457
444 468
444 659
444 664
444 952
445 510
445 525
445 642
445 908
447 453
447 618
447 766
447 841
448 500
448 520
448 593
448 603
449 462
449 470
449 509
449 641
449 646
449 665
449 675
450 451
450 601
450 614
450 640
450 916
450 1000
451 593
451 601
451 604
451 608
451 671
452 479
452 487
452 523
452 564
452 584
452 668
453 462
453 520
454 566
454 588
454 601
454 678
455 488
455 494
455 585
455 587
455 606
455 612
455 619
456 555
456 571
456 578
456 581
457 518
458 543
458 578
458 639
458 676
458 677
458 1039
459 490
459 518
459 533
459 656
460 541
460 690
461 492
461 657
462 509
462 540
462 646
462 653
462 677
462 713
463 555
463 602
463 653
463 676
463 677
463 682
464 602
465 469
465 526
465 560
465 597
465 601
465 617
465 640
466 468
466 616
466 664
466 669
467 487
467 493
467 572
468 539
469 526
469 650
469 652
469 681
469 683
470 563
470 657
471 500
471 600
472 476
472 560
472 589
472 677
473 487
473 665
474 500
474 590
474 990
475 569
475 621
475 642
476 566
476 589
476 677
477 479
477 569
477 604
477 643
477 713
477 719
479 622
479 644
480 520
480 562
480 663
480 710
481 645
482 516
483 547
483 584
483 675
483 1095
484 623
484 645
484 727
485 528
486 497
486 507
487 668
488 489
488 490
488 494
488 509
488 599
488 618
488 624
489 490
489 599
489 672
490 599
490 664
490 726
491 633
491 634
491 636
492 572
492 618
493 572
493 609
493 629
493 631
493 657
494 624
494 664
494 669
495 566
495 684
497 806
498 589
498 678
499 611
499 632
499 636
500 631
500 644
500 663
500 684
500 726
501 510
501 530
501 558
501 569
502 533
502 647
502 650
502 661
503 553
504 566
507 648
508 515
508 637
508 659
509 601
509 624
509 646
509 833
509 930
510 571
513 515
514 539
515 587
516 580
516 897
516 1049
520 559
521 559
522 527
522 557
522 560
522 598
522 610
522 789
523 527
523 640
523 657
523 829
525 573
525 606
526 614
526 640
527 598
527 604
527 609
530 531
530 672
531 535
532 618
534 581
535 561
535 591
536 576
536 578
536 873
537 575
537 577
537 583
539 544
539 637
540 648
540 684
542 631
543 639
546 650
546 659
546 661
546 671
546 681
547 584
548 684
550 616
550 1086
551 627
551 654
552 557
552 614
552 650
553 558
553 574
555 639
555 676
557 601
558 679
559 605
559 635
559 649
559 892
560 598
561 571
561 591
563 631
563 668
563 675
566 588
566 589
567 625
568 585
569 606
569 607
569 630
570 636
570 765
571 576
571 581
571 613
573 648
573 665
573 885
573 936
573 1074
580 1052
580 1059
581 637
582 621
583 680
585 617
585 619
585 947
585 1017
586 627
587 645
588 666
588 678
588 684
590 595
590 636
591 625
593 624
593 631
593 646
593 663
593 678
594 613
594 615
594 673
595 636
596 613
596 662
597 609
598 601
598 642
599 618
599 624
599 648
599 672
599 675
600 609
601 604
602 653
603 678
604 671
604 678
604 833
605 651
606 607
606 616
608 644
608 648
608 665
608 1000
609 657
610 614
610 621
611 635
611 779
611 892
611 1021
611 1035
613 615
613 804
613 1074
616 1009
616 1086
617 650
617 657
617 661
617 666
617 683
617 797
617 809
617 1036
618 624
618 674
622 629
622 646
624 642
624 672
625 679
626 647
627 862
629 644
629 665
629 674
631 644
631 663
633 634
633 658
636 640
637 932
639 676
640 648
641 646
641 669
641 1128
643 650
643 681
644 680
644 684
644 719
644 726
646 657
646 665
646 675
648 657
650 652
650 655
650 661
650 681
650 683
652 655
652 683
655 681
658 874
658 956
658 993
658 1077
658 1143
661 683
663 1043
664 669
664 792
664 967
665 674
669 679
669 887
669 968
678 684
681 683
685 731
685 737
685 750
685 770
685 784
685 809
685 834
685 838
685 880
685 1032
685 1033
685 1039
685 1136
686 688
686 699
686 880
686 980
686 998
686 1111
686 1117
687 737
687 809
687 818
687 938
687 1141
688 733
688 843
688 964
688 1061
688 1066
689 769
689 820
689 1002
689 1007
689 1041
689 1094
690 819
690 880
690 989
690 1055
690 1136
691 963
691 1029
691 1057
692 706
692 811
692 816
692 843
692 844
692 855
692 870
692 980
692 983
692 1092
692 1097
693 742
693 808
693 812
693 867
693 916
694 1064
695 701
695 740
695 742
695 771
695 773
695 775
695 790
695 829
695 846
695 949
695 951
695 958
695 969
695 989
695 1032
695 1033
695 1044
695 1062
695 1077
697 725
697 789
697 832
697 956
697 987
697 1034
698 783
698 848
698 858
698 954
698 966
698 1025
698 1075
699 707
699 714
699 731
699 737
699 750
699 770
699 867
699 877
699 922
699 1029
699 1033
700 707
700 953
700 974
701 712
701 740
701 779
701 802
701 826
701 846
701 884
701 968
701 1029
701 1043
701 1077
701 1092
701 1102
702 718
702 734
702 793
702 815
702 839
702 887
702 890
702 923
702 1079
702 1135
703 721
703 722
703 728
703 802
703 867
703 876
703 946
703 955
703 970
703 973
703 994
703 995
703 1006
703 1016
703 1044
703 1062
703 1109
703 1113
703 1146
704 739
704 747
704 755
704 780
704 979
704 1014
704 1086
704 1116
705 741
705 749
705 754
705 767
705 785
705 956
705 962
705 981
705 987
705 1104
705 1130
706 828
706 863
706 929
706 1072
706 1105
707 746
707 864
707 884
707 1029
708 752
708 899
708 927
709 710
709 750
709 880
710 750
710 808
710 1046
710 1141
711 777
711 794
711 816
711 843
711 852
711 880
711 921
711 995
711 1047
711 1119
711 1145
712 740
712 742
712 771
712 786
712 790
712 826
712 866
712 901
712 973
712 1022
712 1109
713 719
713 765
713 892
713 996
714 761
714 768
714 852
714 898
714 922
714 943
714 961
714 972
714 1018
714 1140
715 730
715 844
715 851
715 856
715 886
715 903
715 1101
716 746
716 840
716 854
716 880
716 1103
716 1121
717 767
717 875
717 897
717 1000
717 1021
717 1044
717 1087
717 1109
718 942
718 1048
718 1130
719 720
719 726
719 756
719 806
719 820
719 829
719 996
719 1000
719 1027
719 1128
720 783
720 806
720 881
720 930
720 933
720 940
720 1008
721 725
721 806
721 818
721 821
721 833
721 838
721 916
721 1006
721 1090
721 1133
721 1146
722 724
722 748
722 753
722 801
722 914
722 955
722 973
722 1003
722 1006
722 1022
723 834
723 871
723 900
723 1029
723 1037
723 1041
723 1100
724 784
724 822
724 838
724 895
724 946
724 955
724 1005
724 1006
724 1143
725 749
725 754
725 766
725 874
725 958
725 987
726 755
726 765
726 783
726 881
726 902
726 930
726 972
726 990
726 996
726 1015
727 745
727 757
727 896
727 898
727 1086
727 1112
727 1126
727 1132
728 735
728 864
728 885
728 907
728 964
728 1028
728 1037
728 1053
728 1079
728 1129
729 743
729 755
729 897
729 965
729 1036
729 1060
729 1087
730 739
730 757
730 760
730 815
730 821
730 842
730 885
730 907
730 944
730 964
730 1040
730 1086
731 753
731 756
731 775
731 838
731 877
731 895
731 911
731 913
731 992
731 1021
731 1029
731 1045
731 1051
731 1128
732 758
732 772
732 810
732 861
732 879
732 948
733 735
733 758
733 823
733 842
733 855
733 862
733 863
733 941
733 944
733 964
733 968
734 890
734 1071
735 823
735 839
735 863
735 877
735 964
735 1025
735 1106
735 1117
735 1129
736 759
736 763
736 772
736 813
736 815
736 854
736 863
736 923
736 933
736 960
736 1018
737 818
737 848
737 891
737 974
737 984
737 1033
737 1039
737 1065
737 1078
737 1092
738 749
738 754
738 769
738 789
738 874
738 956
738 987
738 993
738 1118
739 802
739 815
739 863
739 876
739 888
739 931
739 943
739 964
739 1111
739 1140
740 775
740 784
740 789
740 790
740 802
740 812
740 824
740 826
740 833
740 906
740 917
740 943
740 951
740 955
740 956
740 962
740 969
740 993
740 1044
740 1077
741 754
741 755
741 767
741 868
741 872
741 904
741 905
741 918
741 963
741 982
741 1060
742 773
742 784
742 812
742 824
742 866
742 891
742 951
742 955
742 969
742 1062
742 1143
743 875
743 897
743 1036
743 1087
744 745
744 852
744 870
744 873
744 945
744 954
744 983
744 986
744 996
744 1000
744 1079
744 1123
744 1138
745 757
745 850
745 859
745 860
745 861
745 873
745 879
745 887
745 1017
745 1054
745 1086
745 1106
745 1116
745 1123
745 1138
746 915
746 1045
747 912
747 1014
747 1048
747 1116
748 790
748 914
748 946
748 955
748 969
748 1109
748 1113
749 832
749 874
749 881
749 965
749 981
749 987
749 1104
750 808
750 854
750 857
750 1021
750 1128
750 1141
751 842
751 927
751 1097
752 760
752 799
752 805
752 850
752 1072
752 1126
753 779
753 801
753 818
753 842
753 866
753 891
753 922
753 973
753 977
754 769
754 831
754 874
754 918
754 962
754 981
754 993
754 1016
754 1036
754 1053
754 1067
755 847
755 875
755 892
755 897
755 921
755 942
755 1025
755 1035
755 1036
755 1043
755 1079
755 1098
755 1130
756 779
756 940
756 986
756 994
756 1000
756 1015
756 1049
756 1095
756 1098
756 1099
756 1120
756 1133
757 780
757 808
757 813
757 815
757 816
757 842
757 860
757 921
757 944
757 1086
757 1102
757 1126
758 764
758 796
758 810
758 851
758 885
758 936
758 948
758 964
758 1030
758 1050
758 1074
758 1102
758 1117
760 764
760 850
760 1079
760 1117
760 1125
761 776
761 823
761 855
761 863
761 883
761 927
761 943
761 961
761 1050
761 1079
762 765
762 806
762 808
762 869
762 900
762 909
762 922
762 994
762 996
762 1015
763 780
763 1025
763 1035
763 1039
763 1057
763 1075
763 1122
763 1135
764 788
764 804
764 876
764 888
764 890
764 920
764 931
764 936
764 964
764 1070
764 1079
764 1117
764 1119
764 1123
765 795
765 800
765 898
765 1099
766 827
766 833
766 841
766 958
766 965
766 986
766 1000
766 1021
766 1027
766 1095
767 786
767 904
767 981
767 987
767 1001
767 1034
767 1104
768 788
768 816
768 870
768 883
768 1018
768 1028
768 1085
768 1129
768 1140
769 795
769 820
769 904
769 1008
769 1015
769 1127
770 809
770 818
770 880
770 1046
770 1078
770 1108
770 1141
771 884
771 999
771 1022
771 1023
772 810
772 859
772 861
772 862
772 879
772 898
772 929
772 948
772 1030
772 1089
772 1094
772 1105
773 784
773 812
773 866
773 901
773 906
773 951
773 955
773 969
773 970
773 994
773 1003
773 1012
773 1019
773 1143
775 866
775 911
775 913
775 951
775 977
775 999
776 837
776 1028
776 1079
777 816
777 1047
778 856
778 927
778 1057
778 1083
779 877
779 986
779 1019
779 1029
779 1049
779 1092
779 1095
779 1099
779 1100
780 813
780 815
780 823
780 828
780 849
780 850
780 853
780 868
780 873
780 886
780 1014
782 800
782 855
782 927
782 988
782 1038
782 1127
783 933
784 790
784 801
784 824
784 852
784 901
784 906
784 917
784 951
784 956
784 969
784 1012
784 1032
785 806
785 829
785 841
785 940
785 1128
786 791
786 819
786 866
786 910
786 962
786 978
786 981
786 987
786 993
786 1005
786 1035
787 800
787 869
787 909
787 965
787 1039
788 794
788 816
788 912
788 943
788 961
788 976
788 983
788 1050
788 1053
788 1072
788 1079
789 790
789 791
789 829
789 874
789 889
789 916
789 918
789 939
789 956
789 962
789 985
789 993
789 1001
789 1027
789 1067
789 1118
789 1144
790 812
790 822
790 846
790 866
790 904
790 946
790 951
790 955
790 956
790 962
790 969
790 994
790 1006
790 1143
791 889
791 956
791 978
791 981
791 993
791 1013
791 1144
792 813
792 849
792 923
792 957
793 852
793 856
793 890
793 1024
793 1052
793 1135
794 803
794 851
794 918
794 924
794 944
794 1044
794 1066
794 1069
794 1070
794 1103
794 1145
795 887
795 988
795 1127
796 885
796 936
797 864
797 883
798 824
798 836
798 891
798 955
798 974
798 999
798 1019
798 1045
799 941
799 1126
800 848
800 872
800 904
800 924
800 982
800 986
800 988
800 1007
800 1034
800 1039
800 1049
800 1108
800 1127
801 844
801 950
801 1129
802 891
802 951
802 999
802 1032
802 1043
802 1113
803 807
803 882
803 1070
803 1125
804 813
804 825
804 839
804 850
804 860
804 863
804 873
804 876
804 882
804 888
804 890
804 920
804 921
804 923
804 931
804 957
804 1020
804 1038
804 1074
804 1102
804 1111
804 1138
805 945
806 829
806 833
806 838
806 910
806 958
806 990
806 996
806 1043
806 1056
806 1139
807 810
807 811
807 835
807 837
807 886
807 941
807 975
808 854
808 1004
808 1013
808 1046
808 1078
808 1141
809 818
810 811
810 835
810 859
810 861
810 862
810 935
811 849
811 851
811 853
811 859
811 861
811 862
811 867
811 885
811 907
811 908
811 935
811 1121
812 951
812 955
812 958
812 994
812 1003
812 1006
812 1044
812 1077
812 1113
813 837
813 873
813 888
813 923
813 952
813 1048
813 1091
813 1122
813 1126
813 1132
813 1137
814 823
814 837
814 858
814 879
814 908
814 1028
814 1089
814 1100
814 1101
814 1125
815 863
815 923
815 943
815 1000
815 1020
815 1111
815 1117
815 1132
816 968
816 1003
816 1047
816 1053
816 1069
816 1080
816 1102
817 884
817 1066
818 877
818 891
818 905
818 949
818 951
818 999
818 1109
819 854
819 869
819 933
819 970
819 989
819 1015
819 1055
819 1078
819 1136
820 905
820 927
820 1041
821 949
822 946
822 955
822 1005
822 1113
822 1143
823 851
823 852
823 879
823 883
823 896
823 907
823 936
823 972
823 976
823 1014
823 1018
823 1088
824 951
824 955
824 974
825 833
825 868
825 1014
825 1024
825 1038
825 1040
825 1111
825 1114
825 1117
826 866
826 901
826 914
826 922
826 946
826 973
826 1044
826 1062
826 1109
827 832
827 841
827 894
827 902
827 985
828 840
828 863
828 873
828 908
828 1024
828 1075
828 1097
828 1119
829 916
829 939
829 940
829 956
829 958
829 962
829 989
829 993
829 994
829 1000
829 1015
829 1027
829 1032
829 1035
829 1095
829 1118
830 835
830 1042
830 1066
830 1107
831 832
831 833
831 837
831 939
831 947
831 948
831 1000
832 841
832 902
832 978
832 985
832 987
832 1016
832 1034
832 1060
833 841
833 910
833 916
833 939
833 956
833 958
833 962
833 1015
833 1027
833 1032
833 1077
833 1118
834 865
834 869
834 871
834 892
834 900
834 909
834 910
834 1031
834 1037
834 1099
835 862
835 1030
835 1053
835 1066
835 1070
835 1103
836 842
836 974
836 999
836 1026
836 1142
837 853
837 861
837 868
837 873
837 887
837 896
837 898
837 908
837 942
837 954
837 1018
837 1028
837 1040
837 1053
837 1059
837 1070
837 1076
837 1086
837 1101
837 1114
837 1116
837 1130
837 1131
838 895
838 901
838 911
838 913
838 992
838 1012
838 1032
838 1044
838 1142
839 879
839 888
839 896
839 957
839 1020
839 1075
839 1106
839 1130
840 908
840 961
840 1028
840 1101
840 1102
841 1118
842 853
842 1029
842 1040
842 1086
842 1097
842 1124
843 877
844 855
844 863
844 931
844 950
844 952
844 1066
844 1097
844 1125
845 1092
846 1008
846 1078
846 1082
846 1136
847 991
847 1038
847 1133
848 888
848 895
848 930
848 944
848 1000
848 1098
849 853
849 859
849 1038
849 1079
850 860
850 870
850 945
850 966
850 1020
851 870
851 880
851 885
851 938
851 980
851 983
851 1069
851 1077
851 1145
852 879
852 884
852 896
852 907
852 943
852 976
852 1009
852 1018
852 1102
852 1116
853 859
853 864
853 870
853 886
853 952
853 1028
853 1077
853 1079
853 1088
854 1032
854 1045
854 1047
855 863
855 873
855 927
855 980
855 1054
855 1122
856 931
856 937
856 952
856 972
856 983
856 986
856 1057
857 951
857 1029
857 1033
857 1039
857 1055
857 1097
857 1136
858 879
858 959
858 1028
858 1052
858 1089
859 861
859 862
859 898
859 903
859 929
859 932
859 935
859 1089
859 1132
860 873
860 888
860 920
860 1020
860 1054
861 873
861 879
861 882
861 898
861 932
861 935
861 1018
861 1079
862 863
862 960
862 1103
863 941
863 944
863 960
863 966
863 968
863 1028
863 1030
863 1047
863 1050
863 1059
863 1066
863 1103
864 1069
864 1097
864 1102
864 1103
864 1109
865 875
865 1031
865 1041
865 1099
866 906
866 911
866 917
866 949
866 955
866 973
866 999
866 1003
866 1022
867 977
867 1004
867 1016
867 1026
867 1108
867 1141
867 1146
868 881
868 918
868 942
868 966
868 1001
868 1014
868 1028
868 1079
868 1118
868 1135
869 909
869 1095
869 1100
869 1128
869 1133
870 928
870 945
870 947
870 961
870 1028
870 1030
870 1050
870 1106
870 1122
871 1037
871 1099
871 1141
872 904
872 924
872 963
872 988
872 1007
872 1060
873 876
873 888
873 920
873 931
873 1014
873 1106
873 1114
874 918
874 955
874 956
874 981
874 985
874 987
874 993
874 1016
874 1034
874 1067
874 1118
874 1144
875 897
875 1087
875 1133
876 877
876 888
876 931
876 964
876 1047
876 1112
876 1117
876 1119
877 885
877 913
877 1003
878 1041
879 887
879 896
879 898
879 932
879 936
879 943
879 948
879 971
879 1018
879 1079
879 1089
879 1112
879 1125
879 1131
880 1008
880 1066
880 1069
881 930
881 958
881 982
881 1025
882 896
882 957
882 990
882 1057
882 1068
883 951
883 968
883 1119
883 1123
884 893
884 908
884 949
884 1023
884 1066
884 1092
884 1115
884 1142
885 888
885 890
885 931
885 936
885 976
885 1053
885 1074
885 1080
885 1084
885 1117
885 1140
886 915
886 952
886 967
887 898
887 966
887 1028
887 1079
887 1105
888 920
888 921
888 923
888 936
888 957
888 964
888 976
888 1014
888 1020
888 1079
888 1085
888 1106
888 1111
888 1140
889 956
889 978
889 987
889 993
889 1144
890 1028
890 1074
890 1079
890 1135
891 949
891 955
891 1005
891 1010
891 1078
892 942
892 1001
892 1035
892 1040
892 1098
892 1130
893 977
893 1005
893 1026
893 1108
894 902
894 905
894 965
894 1060
894 1073
894 1104
895 1078
895 1136
895 1142
896 898
896 990
896 1028
896 1079
896 1112
896 1126
896 1140
897 899
897 956
897 978
897 985
897 993
897 1021
897 1035
897 1036
897 1049
897 1060
897 1087
897 1123
897 1133
897 1135
898 927
898 932
898 960
898 1079
898 1085
898 1089
898 1116
898 1131
899 932
899 952
899 954
899 961
899 1035
899 1048
899 1052
899 1060
899 1110
899 1120
899 1145
900 909
900 931
900 1015
900 1095
901 917
901 918
901 973
901 1032
901 1057
902 1049
903 908
903 1017
903 1114
903 1123
904 959
904 965
904 1011
904 1060
904 1095
904 1098
904 1099
904 1127
905 1073
906 946
906 951
906 969
906 970
906 994
906 1003
906 1012
906 1016
906 1044
907 943
907 1009
907 1050
907 1074
907 1075
907 1119
908 942
908 1017
908 1101
909 1041
909 1100
910 939
910 956
910 1000
910 1062
910 1118
911 914
911 992
911 999
911 1045
912 1138
913 1045
913 1051
914 969
914 971
914 973
914 1047
915 967
915 975
915 1052
916 939
916 956
916 962
916 982
916 993
916 1000
916 1027
916 1043
916 1118
917 955
917 969
917 989
918 987
918 1060
918 1104
918 1118
920 936
920 1020
920 1054
920 1074
920 1106
921 954
921 982
921 986
921 990
921 1020
921 1075
921 1085
921 1095
921 1101
921 1106
921 1119
922 961
922 1026
922 1031
922 1056
923 935
923 1071
923 1137
924 1007
924 1021
926 952
926 959
926 1086
927 980
927 1059
927 1072
927 1102
927 1105
927 1117
927 1118
928 945
928 1080
929 1017
930 1015
930 1032
930 1041
931 1053
931 1054
931 1079
932 941
932 945
932 952
932 967
932 1120
933 959
933 1041
933 1098
934 950
934 953
935 982
935 1071
936 964
936 1052
936 1074
936 1080
936 1084
936 1102
937 1064
937 1142
938 1053
938 1083
938 1115
938 1145
939 951
939 956
939 958
939 1001
939 1027
939 1118
939 1131
940 1000
940 1008
940 1118
941 1126
942 960
942 1041
942 1048
942 1079
942 1130
943 948
943 1084
945 1080
945 1135
946 955
946 969
946 973
946 994
946 1003
946 1006
946 1012
946 1113
946 1143
947 1103
948 960
948 1084
949 951
949 977
949 988
949 1007
949 1023
949 1093
949 1139
949 1143
950 1083
951 956
951 969
951 992
951 994
951 1003
951 1012
951 1139
952 963
952 967
952 1025
952 1048
952 1104
952 1114
952 1120
953 1029
953 1096
954 1040
954 1048
954 1075
954 1110
955 969
955 973
955 977
955 1003
955 1005
955 1143
956 958
956 962
956 985
956 993
956 1001
956 1027
956 1060
956 1067
956 1118
956 1143
956 1144
957 1101
958 962
958 996
958 1000
958 1038
959 1127
960 1061
960 1102
961 1074
961 1101
961 1124
962 985
962 993
962 1067
962 1118
963 1005
963 1035
963 1145
964 1074
965 1034
965 1065
965 1098
965 1146
966 1081
966 1110
967 1017
967 1052
967 1085
967 1120
967 1122
967 1125
968 1063
968 1074
968 1102
968 1121
969 1003
969 1006
969 1012
969 1044
969 1143
970 980
970 1083
970 1102
970 1119
970 1136
970 1146
971 1014
971 1081
971 1131
972 1062
972 1085
973 1016
973 1109
973 1146
974 989
974 999
975 1058
976 1106
977 1005
977 1026
979 1116
980 1047
980 1102
980 1103
981 987
981 1067
981 1105
982 1101
983 1050
983 1069
983 1145
984 1031
984 1065
984 1092
984 1098
985 993
985 1016
985 1035
985 1087
985 1143
986 1025
986 1028
986 1049
986 1079
986 1098
986 1108
986 1120
987 1034
987 1067
987 1144
988 1007
989 1032
989 1033
989 1136
990 1043
990 1056
991 1043
991 1127
992 1022
992 1109
993 1027
993 1118
993 1144
994 995
994 1003
994 1006
994 1012
994 1027
994 1032
994 1055
994 1113
995 1022
995 1024
996 1000
996 1015
996 1027
996 1095
996 1128
997 1076
999 1019
999 1023
999 1026
999 1033
999 1078
999 1113
1000 1001
1000 1015
1000 1025
1000 1062
1000 1098
1000 1118
1000 1123
1000 1128
1001 1055
1001 1118
1002 1062
1003 1010
1003 1012
1003 1019
1003 1021
1003 1044
1003 1143
1004 1013
1004 1141
1005 1012
1005 1019
1005 1077
1005 1143
1006 1093
1006 1109
1006 1113
1006 1143
1008 1082
1009 1132
1010 1142
1011 1096
1012 1016
1012 1019
1012 1113
1012 1143
1013 1077
1013 1078
1013 1113
1014 1020
1014 1063
1014 1070
1014 1116
1014 1123
1014 1131
1015 1019
1015 1032
1015 1062
1015 1098
1015 1118
1016 1060
1016 1090
1016 1109
1017 1071
1017 1079
1017 1131
1018 1030
1018 1079
1019 1037
1020 1085
1020 1111
1021 1025
1021 1049
1021 1051
1021 1087
1021 1110
1021 1120
1023 1026
1023 1032
1023 1045
1024 1030
1024 1052
1024 1075
1024 1097
1024 1102
1024 1111
1024 1115
1024 1117
1024 1137
1025 1039
1025 1075
1025 1110
1025 1111
1025 1117
1025 1122
1026 1045
1026 1051
1026 1108
1027 1032
1027 1118
1027 1128
1028 1050
1028 1053
1028 1059
1028 1079
1028 1086
1028 1103
1028 1130
1029 1043
1029 1056
1029 1069
1029 1072
1029 1092
1029 1127
1030 1050
1030 1053
1030 1066
1030 1069
1030 1103
1030 1111
1030 1117
1030 1145
1031 1065
1031 1092
1031 1099
1031 1100
1032 1090
1032 1118
1033 1038
1033 1046
1033 1077
1033 1090
1034 1104
1035 1087
1036 1060
1036 1133
1038 1076
1039 1043
1039 1046
1039 1049
1039 1098
1039 1108
1040 1079
1040 1086
1040 1094
1040 1116
1040 1135
1040 1138
1041 1099
1043 1130
1045 1051
1045 1108
1046 1141
1047 1050
1047 1121
1047 1125
1048 1052
1048 1058
1048 1120
1048 1135
1048 1140
1049 1087
1049 1095
1049 1098
1049 1099
1050 1053
1050 1111
1051 1098
1051 1139
1052 1054
1052 1100
1052 1114
1053 1079
1053 1140
1055 1133
1055 1136
1058 1114
1059 1079
1059 1081
1059 1102
1060 1083
1060 1087
1060 1098
1060 1110
1062 1123
1062 1138
1065 1092
1066 1129
1067 1118
1068 1069
1068 1072
1068 1140
1069 1072
1069 1124
1069 1145
1070 1081
1070 1125
1071 1079
1071 1094
1071 1116
1073 1093
1075 1119
1076 1105
1076 1127
1079 1106
1079 1130
1081 1114
1081 1131
1082 1099
1082 1100
1085 1106
1086 1116
1086 1126
1086 1132
1087 1133
1089 1138
1091 1132
1092 1098
1093 1139
1094 1097
1094 1126
1098 1099
1098 1105
1098 1125
1098 1127
1099 1100
1101 1111
1101 1119
1103 1119
1103 1145
1105 1134
1108 1141
1110 1130
1110 1135
1111 1112
1111 1117
1111 1129
1112 1117
1113 1143
1114 1125
1117 1125
1117 1129
1118 1146
1122 1137
1123 1134
1125 1131
1142 1145
