#num-nodes
1089
#num-links
4391
#links
0 35
0 99
0 113
0 172
0 175
0 193
0 205
0 244
0 248
0 284
0 433
0 607
1 18
1 22
1 207
1 220
1 255
1 271
1 286
1 306
1 333
1 458
1 612
1 815
1 931
2 8
2 66
2 84
2 96
2 125
2 130
2 136
2 138
2 139
2 165
2 290
2 295
2 301
2 347
2 350
2 387
2 394
2 484
2 516
2 524
2 527
2 578
2 618
2 1014
3 184
3 325
3 367
3 397
3 462
3 493
3 517
3 529
3 543
3 550
3 609
3 630
3 869
4 47
4 96
4 209
4 461
4 572
4 627
4 755
4 815
5 28
5 133
5 293
5 320
5 340
5 433
5 563
5 769
5 955
5 1050
5 1071
6 262
6 285
6 311
6 524
7 142
7 154
7 167
7 179
7 304
7 357
7 378
8 23
8 115
8 190
8 294
8 324
8 353
8 367
8 403
8 429
8 456
8 529
8 576
9 85
9 107
9 136
9 231
9 244
9 253
9 299
9 372
9 392
9 575
9 620
10 137
10 188
10 199
10 220
10 221
10 224
10 266
10 329
10 399
10 410
10 469
10 481
10 491
10 511
10 576
10 638
10 928
11 192
11 333
11 386
11 480
11 857
12 158
12 461
12 491
13 64
13 169
13 175
13 227
13 339
13 347
13 485
13 490
13 533
13 584
14 18
14 79
14 123
14 138
14 155
14 434
14 476
14 526
14 543
14 607
14 612
14 615
15 26
15 28
15 126
15 264
15 327
15 353
15 398
15 441
15 447
15 481
15 641
16 320
16 364
16 386
16 531
16 934
16 935
17 70
17 274
17 839
18 65
18 175
18 184
18 207
18 216
18 306
18 333
18 416
18 521
18 526
18 542
18 612
18 615
18 636
19 43
19 358
19 363
19 433
19 522
19 562
19 577
19 637
20 216
20 262
20 287
20 350
20 424
20 516
20 632
20 651
21 29
21 53
21 68
21 69
21 89
21 134
21 166
21 202
21 263
21 290
21 326
21 367
21 414
21 470
21 493
21 540
21 559
21 606
21 609
21 614
21 689
22 92
22 212
22 387
22 461
22 558
22 564
22 815
22 928
23 76
23 165
23 186
23 336
23 340
23 344
23 347
23 349
23 459
23 479
23 519
23 574
23 588
23 796
23 866
23 885
24 139
24 287
24 290
24 298
24 350
24 479
24 559
24 651
24 1014
25 109
25 217
25 571
25 610
26 63
26 126
26 160
26 193
26 226
26 246
26 347
26 424
26 429
26 441
26 450
26 767
27 138
27 178
27 280
27 382
27 389
28 83
28 95
28 137
28 190
28 261
28 320
28 491
28 834
29 68
29 80
29 200
29 289
29 307
29 414
29 422
29 470
29 540
29 630
30 141
30 338
30 599
31 40
31 92
31 201
31 209
31 212
31 354
31 387
31 412
31 452
31 483
31 587
31 620
32 185
32 224
32 275
32 294
32 551
32 554
32 557
33 70
33 133
33 210
33 213
33 293
33 462
33 497
33 498
34 83
34 190
34 235
34 238
34 242
34 260
34 405
34 489
34 503
34 599
35 163
35 172
35 175
35 327
35 341
35 357
35 547
35 592
36 235
36 238
36 331
36 340
36 366
36 488
36 1006
37 59
37 151
37 162
37 225
37 310
37 356
37 374
37 464
37 468
37 483
37 488
38 43
38 62
38 554
39 162
39 254
39 310
39 465
39 642
39 977
40 209
40 387
40 452
40 620
41 169
41 228
41 245
41 265
41 284
41 375
41 429
41 482
41 547
41 561
41 582
41 695
41 977
42 131
42 562
43 168
43 198
43 238
43 264
43 433
43 554
44 46
44 423
45 230
45 560
46 58
46 151
46 225
46 279
46 374
46 395
46 404
46 418
46 424
46 762
46 765
46 821
46 1052
47 73
47 91
47 112
47 572
48 58
48 160
48 165
48 278
48 423
48 556
48 641
49 140
49 169
49 176
49 597
50 77
50 150
50 224
50 571
50 573
50 576
50 638
51 227
51 303
51 437
51 525
51 532
52 57
52 131
52 141
52 210
52 213
52 224
53 68
53 134
53 157
53 218
53 422
53 470
53 550
53 585
54 76
54 139
54 349
54 351
54 496
54 535
54 545
54 552
55 82
55 129
55 256
55 312
55 358
55 365
55 510
55 595
55 626
55 628
55 696
56 431
56 806
57 118
57 119
57 180
57 192
57 345
57 447
57 448
57 480
57 542
57 570
57 601
57 605
57 626
58 151
58 225
58 279
58 310
58 377
58 418
58 464
58 522
58 765
58 982
59 473
60 149
60 206
60 218
60 321
60 422
60 471
60 501
61 78
61 83
61 285
61 311
61 450
61 457
61 496
61 545
61 566
61 616
61 804
62 199
62 399
62 402
62 410
62 554
62 569
62 986
62 1005
63 69
63 347
63 395
63 419
63 424
63 443
63 530
63 906
64 205
64 303
64 367
64 508
64 525
64 532
65 85
65 102
65 127
65 146
65 153
65 169
65 193
65 234
65 396
65 451
65 482
65 541
65 542
65 559
65 582
65 613
65 648
65 799
66 91
66 107
66 153
66 227
66 259
66 336
66 367
66 392
66 439
66 527
66 567
66 629
67 142
67 343
67 347
67 416
67 421
67 525
68 69
68 134
68 166
68 291
68 367
68 414
68 470
68 493
68 606
68 609
68 652
68 689
69 96
69 136
69 143
69 259
69 263
69 294
69 342
69 392
69 535
69 559
69 577
70 133
70 373
70 640
72 221
72 229
72 275
72 420
72 503
72 624
73 171
73 188
73 396
73 603
73 606
74 95
74 278
74 678
74 913
75 263
75 301
75 339
75 349
75 451
75 535
75 595
76 152
76 203
76 216
76 344
76 347
76 459
76 479
76 498
76 524
76 558
76 574
76 577
76 796
76 931
77 184
77 265
77 319
77 393
77 422
77 437
77 471
77 501
77 526
77 532
77 550
77 556
78 85
78 95
78 270
78 703
79 155
79 306
79 470
79 611
79 612
79 615
80 113
80 255
80 289
80 319
80 397
80 458
80 470
80 609
80 790
81 183
82 462
82 510
82 546
83 260
83 275
83 557
83 566
83 699
83 804
84 139
84 157
84 262
84 290
84 349
84 350
84 516
85 89
85 102
85 110
85 167
85 193
85 228
85 245
85 309
85 357
85 396
85 410
85 443
85 529
85 541
85 580
85 605
86 100
86 278
86 474
86 515
86 641
87 119
87 156
87 223
87 278
87 304
87 357
87 378
88 148
88 157
88 192
88 216
88 530
88 574
88 632
88 711
88 839
89 134
89 204
89 230
89 288
89 291
89 303
89 307
89 326
89 389
89 481
89 493
89 525
89 532
89 593
89 611
89 614
90 174
90 197
90 333
90 351
90 455
90 466
91 112
91 127
91 145
91 153
91 227
91 336
91 367
91 439
91 532
91 559
91 588
91 602
91 629
91 950
92 109
92 130
92 170
92 211
92 336
92 354
92 371
92 387
92 412
92 452
92 559
92 567
92 587
93 127
93 129
93 228
93 239
93 263
93 271
93 309
93 505
93 519
93 691
94 112
94 333
94 443
95 100
95 124
95 185
95 208
95 360
95 528
95 568
95 641
95 879
96 263
96 301
96 350
96 394
96 527
96 536
96 578
97 596
98 109
98 116
98 266
98 312
98 398
98 403
98 867
98 1008
99 122
99 220
99 271
99 325
99 332
99 384
99 458
99 485
99 498
100 185
100 507
100 515
100 518
101 136
101 172
101 197
101 367
101 490
102 110
102 126
102 169
102 172
102 175
102 193
102 231
102 232
102 234
102 315
102 351
102 396
102 541
102 561
102 648
102 767
102 773
103 169
103 423
103 482
104 492
104 527
105 276
105 475
106 107
106 211
106 263
106 280
106 299
106 415
106 504
106 529
106 615
106 629
107 153
107 171
107 244
107 299
107 439
107 490
107 580
107 602
108 112
108 300
108 957
109 116
109 276
109 589
109 610
110 257
110 318
110 327
110 343
110 351
110 505
110 506
110 576
110 977
111 236
111 240
111 475
111 589
112 228
112 439
112 567
112 579
113 234
113 370
113 396
113 485
113 608
114 160
114 246
114 377
114 454
114 495
114 632
114 941
115 250
115 355
115 374
115 465
115 470
115 473
116 122
116 325
116 379
116 389
116 556
116 589
116 604
116 610
116 630
116 1008
117 202
117 281
117 477
117 546
117 869
118 128
118 314
118 386
118 408
118 416
118 480
118 570
118 869
119 142
119 154
119 156
119 167
119 223
119 309
119 357
119 378
119 520
119 529
119 603
119 605
120 438
120 523
121 333
122 147
122 182
122 213
122 325
122 507
122 556
122 572
122 876
123 155
123 271
123 305
123 348
123 526
123 612
123 615
124 208
124 223
124 360
124 568
124 853
125 133
125 143
125 290
125 347
125 350
125 394
125 516
125 615
125 618
125 1014
126 175
126 193
126 205
126 228
126 267
126 407
126 441
126 547
126 592
126 596
126 696
127 130
127 153
127 193
127 232
127 451
127 602
127 617
127 848
128 247
128 252
128 379
128 408
128 570
128 586
129 168
129 340
129 428
129 490
129 522
129 533
129 934
130 263
130 271
130 387
130 412
130 595
130 602
130 606
131 208
131 213
132 275
132 312
132 364
133 153
133 181
133 293
133 1050
134 288
134 415
134 532
134 540
134 614
134 1039
135 245
135 375
135 857
135 935
136 227
136 244
136 259
136 263
136 265
136 330
136 336
136 367
136 583
136 602
136 608
136 864
137 221
137 224
137 261
137 266
137 329
137 369
137 410
137 419
137 436
137 438
137 455
137 469
137 473
137 511
137 523
137 571
137 576
138 207
138 268
138 306
138 348
138 537
138 612
138 636
139 143
139 157
139 165
139 287
139 295
139 298
139 301
139 347
139 394
139 516
140 176
141 322
141 334
141 445
141 500
141 590
142 223
142 357
142 378
142 603
143 157
143 282
143 287
143 324
143 366
143 406
143 431
143 571
144 275
144 557
145 147
145 351
145 367
145 439
145 502
145 526
145 617
146 198
146 501
146 502
146 536
147 182
147 325
147 348
147 351
147 476
147 556
147 585
147 586
147 610
147 616
148 216
148 358
148 424
148 502
148 530
148 762
149 218
149 316
149 321
149 422
149 471
149 501
150 194
150 260
150 282
150 344
150 398
150 571
150 997
151 250
151 374
151 404
151 468
152 157
152 159
152 164
152 324
152 494
152 516
152 939
153 259
153 293
153 392
153 559
153 567
153 602
154 167
154 179
154 185
154 218
154 326
154 357
154 378
154 593
154 613
155 268
155 286
155 348
155 451
155 493
155 526
155 612
156 223
156 278
156 300
156 304
156 357
156 378
156 436
156 520
156 523
157 205
157 216
157 246
157 285
157 290
157 295
157 349
157 358
157 424
157 459
157 479
157 545
157 552
157 711
157 755
157 767
157 1014
158 240
158 391
158 631
159 164
159 371
159 494
160 226
160 338
160 346
160 405
160 413
160 566
161 232
161 288
161 630
162 230
162 368
162 432
162 642
163 267
163 547
164 494
164 928
165 262
165 394
165 399
165 404
165 454
165 566
166 204
166 211
166 291
166 326
166 470
166 504
166 562
166 630
167 179
167 185
167 309
167 378
167 429
167 576
167 613
168 258
168 264
168 452
168 596
169 306
169 333
169 636
170 587
171 172
171 243
171 297
171 452
171 529
171 544
171 588
171 603
171 605
172 175
172 234
172 245
172 341
172 547
172 596
173 502
173 525
173 532
173 536
174 224
174 389
174 511
174 562
174 576
175 228
175 248
175 284
175 341
175 451
175 575
175 584
176 270
176 597
177 291
177 393
177 598
178 198
178 202
178 314
178 397
178 550
178 622
179 319
179 357
179 378
179 423
179 465
179 603
180 192
180 314
180 385
180 480
180 607
180 626
181 443
181 548
182 185
182 246
182 402
182 424
182 565
182 876
183 258
183 333
183 371
183 403
183 550
183 827
184 201
184 232
184 307
184 443
184 548
184 617
185 455
185 515
185 518
185 554
185 565
185 573
186 194
186 285
186 317
186 433
187 255
187 372
187 417
187 426
187 458
187 537
187 608
187 864
187 984
188 195
188 220
188 466
189 266
189 469
189 480
189 487
190 566
190 807
190 835
190 953
190 972
190 1083
191 421
191 539
192 345
192 365
192 480
192 487
192 512
192 600
192 619
192 621
192 624
192 626
192 727
192 789
192 847
192 997
193 234
193 267
193 309
193 353
193 392
193 441
193 519
193 547
193 559
193 592
193 648
194 282
194 405
194 413
194 518
194 571
194 577
195 466
196 305
197 203
197 219
197 232
197 323
197 333
197 395
197 490
197 592
197 620
198 232
198 428
198 493
198 540
198 550
198 555
198 604
198 611
199 419
199 456
199 514
200 470
200 537
200 609
200 611
201 239
201 255
201 271
201 284
201 301
201 342
201 458
201 505
201 572
201 615
201 934
202 204
202 550
202 555
202 604
202 617
203 255
203 313
203 338
203 395
204 211
204 299
204 373
204 382
204 396
205 243
205 284
205 407
205 554
205 659
206 251
206 337
206 343
206 347
206 358
206 421
206 477
206 556
207 521
207 561
207 612
207 615
208 445
208 573
209 234
209 244
209 387
209 458
209 483
210 213
210 297
210 326
210 399
210 424
210 430
210 449
210 523
210 548
210 589
210 637
210 639
211 274
211 280
211 415
211 434
211 504
211 540
211 604
212 299
212 431
212 452
212 558
212 595
212 971
213 273
213 297
213 424
213 430
213 497
213 589
214 624
215 340
215 344
215 363
215 431
215 524
215 545
216 286
216 313
216 358
216 371
216 377
216 457
216 459
216 479
216 530
216 632
216 762
217 261
217 401
217 408
217 505
218 422
218 471
218 501
218 593
219 252
219 367
220 255
220 368
220 372
220 400
220 426
220 465
220 557
220 560
220 734
221 261
221 329
221 401
221 410
221 419
221 438
221 450
221 455
221 469
221 571
221 928
222 459
223 357
223 364
223 378
223 423
223 436
223 455
223 520
223 573
224 455
224 469
224 511
224 576
225 250
225 279
225 336
225 356
225 374
225 404
225 464
225 473
225 698
225 762
225 896
226 343
226 347
226 358
226 371
226 436
226 535
227 263
227 358
227 367
227 406
227 412
227 499
227 587
227 803
228 232
228 284
228 292
228 323
228 977
229 275
229 420
229 624
230 333
230 352
230 526
231 305
231 446
231 493
231 575
231 620
232 253
232 288
232 342
232 351
232 397
232 490
232 564
232 572
232 602
232 616
232 804
233 346
234 392
234 417
234 559
234 567
234 582
234 993
235 242
235 489
235 513
236 276
236 472
236 475
236 631
236 655
237 276
237 472
237 475
237 476
237 631
237 655
238 242
238 488
238 489
239 458
239 615
240 390
240 475
240 631
240 633
240 714
242 489
242 600
242 785
242 986
243 294
243 388
243 407
243 554
243 594
244 248
244 253
244 299
244 375
244 406
245 248
245 265
245 284
245 375
245 544
245 547
245 977
246 317
246 377
246 424
246 438
246 484
246 578
246 632
247 252
247 296
247 379
247 408
247 585
247 586
247 616
248 323
248 327
248 375
248 499
248 575
248 581
248 582
248 641
250 279
250 328
250 418
250 464
250 468
250 473
251 281
251 352
251 373
252 296
252 380
252 586
252 616
252 638
253 439
253 572
253 580
253 617
253 620
254 359
254 404
254 427
254 465
255 277
255 290
255 295
255 367
255 426
255 458
255 476
255 505
255 521
255 542
255 636
255 921
256 373
256 426
256 627
257 272
257 545
257 563
257 774
258 430
258 499
258 596
259 263
259 439
259 451
259 483
259 548
259 559
260 506
260 599
261 272
261 275
261 300
261 401
261 438
261 455
261 523
261 557
261 571
261 599
262 287
262 350
262 394
262 443
262 516
262 578
262 618
262 632
262 696
263 342
263 350
263 451
263 535
263 559
263 630
264 429
264 447
264 596
265 327
265 375
265 502
265 525
265 547
265 572
266 329
266 419
266 455
266 469
266 511
266 512
266 514
267 547
267 592
267 664
268 286
268 423
268 482
268 506
268 526
268 612
268 636
270 403
270 411
270 456
270 551
271 277
271 615
271 631
271 1014
272 320
272 335
272 557
272 758
272 902
272 974
273 795
274 297
274 331
274 550
275 312
275 420
275 503
275 557
275 566
275 597
275 622
276 475
277 286
277 306
277 612
277 636
278 378
278 381
278 473
278 641
279 310
279 356
279 374
279 405
279 406
279 418
279 464
279 468
280 289
280 415
280 504
280 534
280 934
281 321
281 462
281 504
282 285
282 286
282 311
282 349
282 405
282 571
282 596
283 539
283 601
284 292
284 323
284 409
284 429
284 552
284 584
284 591
284 592
285 311
285 405
285 457
285 495
286 526
286 542
286 612
286 636
287 295
287 301
287 350
287 394
287 395
287 516
287 527
287 530
287 578
287 618
287 632
288 291
288 537
288 614
289 393
289 414
289 470
289 534
289 598
289 614
290 350
290 394
291 303
291 393
291 470
291 493
291 537
291 598
292 411
292 977
293 294
293 312
293 640
293 1050
294 388
294 399
294 407
294 433
294 557
294 594
295 301
295 394
295 516
295 524
295 578
295 736
296 380
296 501
296 586
296 593
296 616
297 331
297 399
297 452
297 483
297 588
297 859
298 392
298 406
298 559
298 651
298 1014
298 1042
299 452
299 533
299 542
300 436
300 1004
301 395
301 527
301 533
301 606
301 1009
303 359
303 393
303 414
303 470
303 537
303 598
303 731
304 357
304 520
304 569
305 451
305 526
305 575
305 606
305 636
306 575
306 636
307 502
307 532
307 540
307 575
309 443
309 455
309 467
309 505
309 528
309 529
309 592
309 603
309 613
310 356
310 653
311 405
311 457
312 564
312 580
312 627
313 530
313 534
313 584
314 408
314 480
315 485
315 560
316 321
316 333
316 485
316 572
316 603
316 609
317 405
318 327
318 339
318 506
318 515
318 533
318 584
319 437
319 470
319 525
319 556
320 338
320 433
320 599
320 935
320 1050
322 445
322 590
323 353
323 460
323 547
323 592
323 593
323 635
324 338
324 366
324 516
324 577
325 327
325 332
325 337
325 397
325 556
325 589
326 493
326 593
326 617
327 375
327 506
327 544
327 641
328 1006
328 1050
329 338
329 419
329 455
329 599
330 336
330 367
330 458
330 485
330 521
331 452
331 488
331 588
332 333
332 384
333 569
333 579
333 605
333 613
333 636
335 758
335 974
336 367
336 479
336 588
337 343
337 347
337 421
337 477
337 556
338 346
338 459
338 599
339 343
339 358
339 384
339 430
339 451
339 461
339 533
339 584
339 623
339 627
339 628
340 558
340 595
340 971
341 361
341 392
341 417
341 572
341 582
341 602
342 417
342 582
342 1039
343 533
343 561
343 623
344 349
344 405
344 433
344 459
344 479
344 530
344 566
344 595
344 599
344 631
344 787
344 796
344 803
344 1014
345 365
345 619
345 621
345 626
345 847
346 468
347 358
347 363
347 430
347 527
347 530
347 535
348 380
348 422
348 432
348 470
348 475
348 526
348 586
348 612
349 535
349 574
349 595
350 394
350 484
350 504
350 516
350 527
350 578
350 618
351 353
351 367
351 396
351 617
351 630
351 638
352 373
352 389
352 622
353 481
353 547
353 592
354 387
354 412
354 504
354 587
354 620
355 468
356 464
356 469
356 483
356 667
357 378
357 520
357 529
357 603
357 641
358 443
358 522
358 530
358 574
359 470
360 410
360 474
360 515
360 568
361 431
363 430
363 535
363 595
363 759
363 853
364 425
364 528
364 541
365 626
365 727
367 490
367 567
368 374
368 404
368 468
369 419
369 436
369 455
369 473
369 581
369 583
371 535
371 794
371 870
371 921
372 426
372 463
372 560
373 393
373 510
373 519
374 404
374 418
374 468
375 572
375 641
375 977
376 544
377 424
377 453
378 551
379 408
380 389
380 501
380 526
380 541
380 580
380 586
380 593
381 497
381 641
382 517
382 614
383 490
384 432
384 627
386 428
386 480
386 487
386 562
386 857
387 412
387 620
388 407
388 544
388 594
388 613
388 1084
389 477
389 491
389 504
390 471
390 631
391 631
392 406
392 559
392 564
392 567
392 602
393 537
393 540
393 598
393 614
393 652
394 484
394 527
394 618
394 631
395 680
395 821
396 482
396 485
396 541
396 580
396 608
397 517
397 550
397 614
397 630
398 441
398 481
398 523
398 571
398 626
398 640
399 410
399 430
399 599
399 888
400 417
400 485
400 581
400 607
401 438
401 523
402 413
403 411
403 547
403 551
403 576
403 592
403 1008
404 468
404 607
405 457
405 496
406 418
406 496
406 545
406 970
407 594
407 1084
409 583
409 764
410 438
410 474
410 514
410 523
410 1029
411 413
411 551
411 883
411 957
411 1067
411 1087
412 620
413 431
413 518
413 552
413 597
413 651
414 470
414 493
414 532
414 540
414 604
414 609
414 614
416 421
416 525
416 539
416 579
417 582
417 604
417 993
418 468
419 436
419 455
419 457
419 469
419 518
420 503
420 557
420 563
422 470
422 471
422 501
422 550
422 604
422 906
423 638
423 1060
424 592
424 632
425 436
425 520
425 528
425 565
425 695
425 790
426 463
426 560
427 465
428 509
428 560
429 443
429 489
430 450
430 499
430 522
430 535
430 627
431 454
432 464
432 470
432 476
433 497
433 500
433 640
433 932
433 1050
434 614
436 455
436 523
436 528
436 762
437 589
438 455
438 460
438 469
438 523
438 583
439 490
439 526
439 588
439 629
440 599
440 655
441 481
441 592
441 827
442 466
442 511
442 551
442 606
443 548
443 592
445 514
445 590
446 486
447 529
447 605
450 496
450 535
450 545
450 906
451 483
451 516
451 535
452 483
452 588
453 524
453 562
453 895
454 524
454 527
454 591
454 632
455 469
455 511
455 523
455 576
455 928
456 551
456 562
456 689
457 496
457 538
458 476
458 482
458 505
458 521
458 572
458 578
458 587
458 636
458 921
458 934
458 1039
459 479
459 751
460 469
460 573
460 592
460 635
461 533
461 584
461 627
461 637
461 666
461 680
461 1084
462 546
462 555
462 630
464 488
464 542
464 564
464 667
466 518
466 576
467 588
467 613
469 511
469 514
469 523
469 573
469 600
470 493
470 532
470 537
470 540
470 586
470 611
471 501
471 525
471 546
471 604
472 475
472 476
472 655
473 581
473 583
474 515
474 922
476 655
479 527
479 588
479 796
480 487
480 512
480 528
480 570
480 596
480 600
480 621
480 733
480 789
480 847
481 547
481 592
482 580
483 558
483 564
483 587
484 516
484 578
484 618
484 632
484 665
484 837
484 1051
485 505
485 607
485 608
485 613
487 500
487 600
487 847
488 942
488 1006
490 535
490 548
490 580
491 607
494 788
494 920
495 578
495 618
496 545
496 632
497 628
497 641
498 628
501 536
501 593
502 525
502 526
502 532
502 546
502 550
502 556
502 1045
503 624
504 529
505 542
505 636
508 531
509 588
510 546
511 583
511 607
512 562
512 600
512 619
512 628
512 709
512 930
513 583
513 631
515 518
516 578
516 618
517 604
517 630
519 550
519 604
519 971
520 528
521 629
524 578
525 532
526 607
526 612
526 615
527 559
527 618
528 695
528 813
528 869
528 909
528 1003
528 1023
529 603
529 613
530 762
531 577
532 536
532 1045
534 598
534 630
534 906
535 595
535 608
535 906
536 546
537 540
537 611
538 580
538 605
538 895
538 991
539 601
540 598
540 609
540 611
541 580
541 608
541 875
542 585
542 636
544 571
545 796
546 604
547 592
548 822
549 839
550 604
551 576
552 637
554 570
555 604
556 579
557 566
559 567
560 561
560 622
560 628
561 584
561 586
561 606
561 623
563 767
564 617
566 601
566 616
566 699
566 703
566 804
567 602
567 608
571 576
571 638
571 858
572 602
572 616
572 804
575 604
575 822
576 638
577 1043
578 618
578 632
580 608
582 993
585 617
586 616
587 617
588 605
589 610
591 977
592 607
594 712
594 1084
596 600
597 747
599 1074
602 613
602 616
603 613
605 607
605 608
605 628
606 615
608 864
612 615
614 630
615 934
615 1039
619 626
619 847
621 626
621 628
621 847
621 997
622 626
622 628
627 1023
628 784
630 906
633 635
637 639
640 857
643 965
644 739
644 824
644 852
644 882
644 945
644 1010
644 1046
645 706
645 754
645 790
645 902
645 999
646 694
646 812
646 813
646 867
646 1010
646 1026
647 795
647 1000
648 658
648 665
648 701
648 749
648 784
648 867
648 1009
649 657
649 730
650 685
650 709
650 770
650 811
650 866
650 890
650 962
650 1000
650 1023
651 660
651 689
651 704
651 736
651 794
651 1014
652 674
652 721
652 746
652 803
653 664
653 786
653 896
653 1015
654 754
654 790
654 834
654 1015
655 731
655 754
655 773
655 778
655 812
655 851
655 936
655 943
655 988
655 999
655 1024
656 706
656 711
656 865
656 954
656 995
656 1080
657 815
657 859
657 1066
658 714
658 781
658 866
658 885
658 905
658 996
658 1028
659 664
659 665
659 718
659 784
659 794
659 837
659 885
659 993
660 665
660 704
660 705
660 736
660 742
660 794
660 803
660 837
660 885
660 904
660 921
660 933
660 946
660 960
660 1005
660 1014
660 1042
660 1045
660 1051
661 711
661 800
661 837
661 884
661 890
661 904
661 1009
662 761
662 893
662 966
662 980
662 1065
663 668
663 729
663 826
663 856
663 865
663 899
663 1033
664 684
664 705
664 706
664 718
664 724
664 784
664 799
664 800
664 837
664 885
664 980
664 993
665 689
665 701
665 705
665 724
665 746
665 800
665 811
665 837
665 866
665 884
665 890
665 925
665 933
665 959
665 973
665 994
665 1042
665 1051
666 702
666 721
666 759
666 835
666 844
666 873
666 880
666 942
666 991
666 994
666 1049
666 1085
667 677
667 765
667 816
667 881
667 896
667 921
667 948
667 970
667 1015
668 669
668 699
668 804
668 818
668 825
668 859
668 874
668 949
668 1031
668 1080
669 717
669 792
669 830
669 953
669 1031
670 681
670 861
670 985
671 695
671 723
671 791
671 838
671 877
671 879
671 891
671 907
671 912
671 979
671 1057
671 1061
671 1085
672 677
672 786
672 816
672 823
672 860
672 896
672 1075
673 712
673 722
673 870
673 894
673 1001
674 708
674 913
674 991
674 1047
675 713
675 785
675 798
675 806
675 873
675 892
675 920
675 951
675 986
675 1064
676 698
676 729
676 819
676 860
676 888
676 944
676 947
676 992
676 998
676 1011
676 1052
676 1075
677 814
677 816
677 821
677 895
677 896
677 944
677 966
677 996
678 705
678 730
678 862
678 913
678 921
678 941
678 1051
678 1056
679 723
680 734
680 742
680 746
680 815
680 821
680 839
680 852
680 857
680 859
680 862
680 864
680 866
680 880
680 920
680 924
680 931
680 946
680 970
680 995
680 1066
680 1082
680 1085
681 728
681 783
681 861
681 944
681 945
681 964
681 969
683 685
683 968
683 995
683 1023
683 1042
683 1048
683 1072
684 718
684 749
684 767
684 773
684 799
684 858
684 893
684 898
684 993
684 1005
684 1044
684 1058
685 775
685 799
685 828
685 1048
686 770
686 817
686 819
686 944
686 981
686 992
686 998
686 1035
688 746
688 880
689 724
689 752
689 811
689 830
689 880
689 902
689 905
689 919
689 925
689 973
689 983
689 986
689 1017
689 1039
690 733
690 815
690 905
690 1028
690 1066
691 734
691 737
691 739
691 752
691 785
691 789
691 798
691 852
691 919
691 921
691 923
691 981
691 1031
691 1069
692 705
692 746
692 787
692 794
692 837
692 844
692 866
692 880
692 885
692 943
692 1065
693 727
693 733
693 755
693 784
693 847
694 812
694 813
694 815
694 867
694 1023
694 1051
694 1087
695 699
695 791
695 804
695 806
695 861
695 944
695 1064
696 711
696 725
696 767
696 830
696 1009
696 1079
698 768
698 819
698 860
698 881
698 888
698 896
698 897
698 900
698 947
698 963
698 992
698 998
698 1035
698 1052
698 1067
698 1075
699 787
699 791
699 804
699 848
699 871
699 929
699 1032
700 723
700 738
700 757
700 870
700 887
700 938
700 965
700 1073
701 925
701 985
702 709
702 721
702 735
702 826
702 844
702 953
702 991
702 992
702 1031
703 741
703 834
703 903
703 909
703 988
704 705
704 706
704 736
704 742
704 800
704 866
704 957
704 960
704 973
704 1017
704 1051
704 1087
705 706
705 724
705 726
705 736
705 752
705 754
705 784
705 794
705 800
705 823
705 826
705 837
705 839
705 881
705 902
705 921
705 925
705 960
705 1014
705 1017
705 1042
705 1051
705 1053
706 707
706 711
706 712
706 788
706 800
706 866
706 883
706 885
706 893
707 723
707 734
707 761
707 892
707 961
707 1064
708 806
708 819
708 836
708 907
708 949
708 1033
708 1085
709 872
709 949
709 982
709 1016
709 1031
709 1041
709 1069
710 723
710 738
710 745
710 769
710 859
710 864
710 955
711 719
711 788
711 800
711 830
711 837
711 926
711 1009
711 1019
712 722
712 788
712 1001
712 1033
713 769
713 785
713 818
713 836
713 859
713 872
713 876
713 934
713 955
713 1024
713 1071
714 776
714 996
714 1028
715 982
716 722
716 773
716 834
716 849
716 893
716 895
716 966
716 1040
716 1071
716 1072
717 763
717 1055
718 799
718 839
718 885
718 902
718 950
718 975
718 993
718 1036
718 1045
719 732
719 787
719 794
719 972
719 978
719 1002
720 956
721 745
721 797
721 826
721 844
721 944
721 992
721 1049
721 1082
722 804
722 1001
723 766
723 806
723 878
724 815
724 837
724 971
724 973
724 993
724 1017
724 1058
725 813
725 829
725 908
725 977
725 1009
726 730
726 734
726 753
726 788
726 815
726 885
726 901
726 1000
727 732
727 836
727 847
727 1029
728 766
728 868
728 905
728 1003
728 1031
729 838
729 844
729 942
729 946
729 947
729 1026
730 742
730 746
730 752
730 757
730 777
730 783
730 839
730 844
730 865
730 866
730 871
730 906
730 917
730 924
730 933
730 946
730 949
730 959
730 971
730 1018
730 1078
731 732
731 943
731 988
731 995
731 1019
731 1023
731 1048
732 755
732 836
732 936
733 747
733 755
733 789
733 847
733 1065
734 859
734 872
734 908
734 916
734 920
734 957
735 815
735 832
735 844
735 871
735 917
735 920
735 946
735 949
735 964
735 969
735 991
735 1047
735 1078
736 752
736 794
736 800
736 837
736 866
736 881
736 885
736 888
736 902
736 904
736 960
736 973
736 1045
736 1051
736 1053
737 747
737 771
737 1026
738 758
738 870
738 887
738 985
738 1060
739 852
739 945
739 1010
739 1032
739 1046
739 1068
741 834
741 909
741 988
741 1037
741 1048
742 815
742 844
742 863
742 866
742 885
742 912
742 916
742 920
742 939
742 941
742 945
742 954
742 970
742 1078
742 1085
743 778
744 871
744 925
745 795
745 797
745 815
745 826
745 864
745 907
745 937
745 959
745 964
745 969
745 1012
745 1047
745 1078
746 788
746 794
746 832
746 844
746 862
746 865
746 873
746 880
746 892
746 918
746 939
746 946
746 959
746 970
746 994
746 1047
746 1049
746 1066
746 1082
747 855
747 1010
747 1084
748 1027
749 784
749 786
749 789
749 932
749 933
749 983
749 989
749 1009
749 1015
750 1079
751 932
751 1058
752 880
752 916
752 924
752 946
752 959
752 973
753 902
754 786
754 790
754 831
754 978
754 1002
754 1065
755 823
755 895
755 919
755 921
755 1015
756 824
757 800
757 807
757 836
757 844
757 931
757 946
757 959
758 798
758 822
758 870
758 879
758 917
758 974
758 976
758 985
758 1069
759 769
759 961
759 1032
761 779
761 784
761 845
761 934
761 943
761 966
761 978
761 1074
762 783
762 816
762 1040
764 1020
765 781
765 823
765 867
765 896
765 996
765 1001
765 1075
767 893
767 960
767 1042
767 1074
768 819
768 900
768 947
768 948
768 1011
768 1052
769 826
769 892
769 920
769 934
769 1062
769 1065
769 1071
770 1023
770 1060
771 897
771 1006
772 1069
773 858
773 893
773 966
773 980
773 1065
775 794
775 936
776 837
776 936
776 1028
777 843
777 869
777 922
777 970
777 1029
777 1050
778 816
778 1037
779 845
779 858
779 960
779 1015
780 850
780 912
780 950
780 1012
780 1078
781 1028
782 802
783 788
783 894
783 920
784 789
784 796
784 1009
785 790
785 798
785 832
785 852
785 892
785 995
785 997
785 1031
785 1034
786 790
786 926
786 978
786 983
786 995
786 1023
786 1065
786 1072
787 804
787 837
787 838
787 848
787 884
787 943
787 1002
787 1042
787 1045
787 1074
788 804
788 862
788 866
788 906
788 929
788 1000
788 1053
788 1086
789 790
789 798
789 847
789 904
789 951
789 989
789 997
789 1031
790 831
790 896
790 972
790 1019
790 1075
791 838
791 877
791 891
791 944
791 961
791 979
791 1047
791 1053
791 1057
791 1061
793 1000
794 803
794 837
794 866
794 885
794 902
794 950
794 1045
794 1051
796 811
796 844
796 885
796 905
796 933
796 983
796 1058
797 907
797 924
797 937
797 940
797 1012
798 822
798 857
798 923
798 1033
799 875
799 993
799 1044
800 837
800 890
800 898
800 904
800 920
800 980
800 1017
800 1020
800 1042
801 835
802 882
802 934
802 952
803 926
803 978
803 1005
803 1042
803 1058
804 848
804 892
804 929
806 817
806 825
806 911
806 961
806 1069
807 908
807 931
807 939
807 987
807 1044
807 1079
808 846
808 934
808 958
808 982
808 1032
811 866
811 895
811 933
811 971
811 973
811 1058
811 1059
812 936
812 943
813 851
813 975
813 1015
813 1087
814 898
814 1040
815 844
815 852
815 859
815 864
815 920
815 926
815 934
815 946
815 959
815 1066
815 1082
815 1085
816 823
816 881
816 896
816 983
816 1072
817 861
817 866
817 911
817 944
818 925
819 824
819 860
819 947
819 948
819 1035
819 1052
820 874
821 834
821 919
821 960
821 1005
822 853
822 917
822 1020
823 880
823 881
823 888
823 896
823 1004
823 1015
824 838
824 840
824 860
824 870
824 879
824 911
824 962
824 1024
824 1031
825 836
825 873
825 885
825 894
825 958
825 994
825 1024
825 1047
826 832
826 844
826 865
826 899
826 921
826 937
826 971
826 1005
827 829
827 887
828 977
829 855
829 903
829 930
829 1016
829 1076
830 833
830 902
830 930
830 983
830 986
831 837
831 1002
831 1026
831 1042
831 1060
832 844
832 880
832 892
832 939
832 994
832 1066
832 1082
833 890
834 849
834 859
834 972
834 1002
834 1083
835 928
835 931
835 1073
835 1082
835 1083
836 869
836 934
836 942
836 1031
836 1050
837 845
837 884
837 888
837 890
837 921
837 933
837 996
837 1042
837 1051
838 911
838 924
838 937
838 944
838 946
838 972
838 1002
838 1026
838 1074
838 1085
839 1023
840 1026
841 887
841 965
842 911
842 942
842 944
842 947
842 958
842 1052
843 1029
844 847
844 864
844 924
844 939
844 959
844 963
844 991
844 994
844 1049
844 1066
844 1082
844 1085
845 945
845 978
845 1002
845 1008
845 1074
845 1083
847 934
847 951
849 903
849 975
849 1002
849 1004
849 1025
849 1038
849 1072
849 1077
850 851
850 865
850 1012
850 1013
850 1085
851 853
851 1020
852 906
852 920
852 957
852 1049
853 914
853 1002
853 1060
853 1087
854 993
854 1013
855 901
856 906
857 882
857 932
857 934
857 1082
858 893
858 936
858 1044
858 1065
859 920
859 990
859 994
860 879
860 888
860 897
860 900
860 947
860 963
860 992
860 998
860 1011
860 1035
860 1052
860 1075
861 891
862 920
862 939
863 920
863 939
863 954
864 907
864 959
864 961
864 994
864 1084
865 899
865 934
865 941
865 959
865 1085
866 869
866 885
866 902
866 920
866 954
866 960
866 970
866 980
866 1000
866 1017
866 1047
867 925
867 983
867 996
867 1005
868 923
868 1064
869 909
869 1050
870 1003
870 1069
870 1073
871 899
871 934
871 939
871 958
871 1052
871 1078
872 1086
873 951
873 994
874 882
874 957
874 984
874 987
874 1084
876 879
876 985
877 891
877 937
877 979
877 1053
877 1057
877 1086
879 886
879 965
879 1046
879 1062
879 1069
879 1073
880 924
880 946
880 959
880 994
881 888
881 896
881 944
881 978
882 956
882 1054
882 1068
883 903
883 957
883 1067
883 1087
884 890
884 904
884 983
884 1002
884 1042
885 888
885 902
885 1017
885 1047
886 990
886 1033
887 1001
888 944
888 947
888 963
888 998
888 1002
888 1035
888 1053
888 1075
890 904
890 935
890 972
890 1000
890 1002
890 1075
891 911
891 1033
891 1053
891 1057
891 1061
892 929
892 957
892 961
892 994
893 936
893 966
893 980
894 995
894 1086
895 971
895 973
895 1043
895 1058
896 1075
897 900
897 947
897 958
897 963
897 1011
897 1052
898 920
898 953
898 959
898 972
898 990
898 1040
898 1042
898 1083
898 1087
899 1085
900 917
900 944
900 947
900 992
900 1046
900 1052
900 1075
901 1046
901 1055
902 921
902 925
902 926
902 1008
902 1023
902 1071
903 1002
903 1077
904 1002
904 1005
904 1042
904 1072
905 973
905 996
906 912
906 920
906 959
906 960
907 924
907 992
907 1053
908 926
908 939
908 973
908 1005
909 988
909 1077
911 1049
912 964
912 1027
912 1047
913 919
913 921
913 933
913 1051
913 1056
916 1039
917 946
917 958
917 963
917 964
917 969
917 1085
918 941
918 946
918 964
918 969
918 1009
918 1047
918 1078
919 921
919 1015
919 1051
920 959
920 970
920 995
920 1009
920 1082
921 1005
921 1007
921 1012
921 1014
921 1017
921 1051
921 1056
922 1029
923 972
923 1002
923 1030
923 1033
924 959
924 962
925 933
925 986
925 1009
925 1051
926 954
926 1020
927 953
927 1073
928 959
928 1047
928 1083
929 944
929 1032
930 983
930 1059
931 1034
931 1082
932 1044
933 971
933 1007
933 1058
934 1007
934 1058
935 1023
935 1040
936 943
936 1002
936 1048
937 944
937 964
937 969
937 1027
938 1073
939 964
939 969
939 1047
940 992
940 1023
941 1047
942 981
942 991
942 1049
943 988
943 1019
943 1037
943 1048
944 947
944 958
944 992
944 998
944 1002
944 1027
944 1049
944 1052
944 1053
944 1054
944 1086
945 1003
945 1085
946 959
946 971
946 1017
946 1024
946 1042
946 1054
947 963
947 992
947 998
947 1011
947 1035
947 1052
947 1075
948 998
948 1035
949 957
949 1032
949 1071
950 1045
951 1020
952 1011
953 963
953 998
956 1012
956 1032
957 1086
958 1032
959 1047
959 1083
960 980
961 1049
961 1064
961 1085
963 981
963 998
963 1018
963 1052
964 1027
964 1047
965 990
965 1079
966 978
966 1065
966 1074
968 974
968 1071
968 1079
969 1027
969 1047
970 995
970 1007
970 1052
971 973
971 1056
971 1058
972 1002
972 1087
973 1058
973 1070
975 997
975 1004
975 1005
975 1024
975 1025
975 1032
975 1044
975 1055
975 1069
975 1076
977 978
978 1002
978 1074
979 1010
979 1026
979 1053
980 1000
980 1042
981 1002
981 1086
982 991
982 1082
983 986
983 1005
983 1007
983 1008
983 1058
983 1072
984 1084
986 997
987 1006
988 1048
988 1071
988 1077
989 997
991 1049
992 998
992 1011
992 1035
992 1052
992 1066
994 1066
995 1048
995 1080
995 1085
998 1035
998 1052
1002 1074
1003 1085
1004 1005
1004 1015
1004 1025
1004 1072
1005 1038
1005 1070
1007 1058
1009 1087
1010 1067
1010 1068
1011 1035
1011 1052
1013 1069
1013 1079
1015 1019
1015 1058
1018 1030
1018 1069
1021 1022
1021 1024
1021 1025
1024 1025
1024 1064
1024 1076
1025 1038
1025 1060
1025 1076
1027 1052
1029 1083
1030 1033
1031 1084
1032 1064
1035 1052
1038 1065
1038 1072
1038 1076
1039 1088
1043 1071
1047 1079
1052 1075
1053 1057
1053 1061
1053 1086
1054 1085
1057 1061
1060 1076
1060 1077
1061 1086
1067 1087
1069 1079
1069 1083
1072 1073
1075 1088
1076 1077
1082 1083
