#num-nodes
25
#num-links
106
#links
0 2
0 4
0 5
0 7
0 8
0 10
0 13
0 19
0 21
0 23
1 14
1 17
1 24
2 4
2 5
2 7
2 10
2 13
2 18
2 19
2 21
2 23
2 24
3 12
3 14
3 15
3 24
4 5
4 7
4 8
4 9
4 13
4 16
4 18
4 19
4 22
4 24
5 7
5 8
5 9
5 10
5 13
5 18
5 19
5 21
5 22
5 23
5 24
6 11
6 16
6 22
7 8
7 10
7 13
7 18
7 19
8 9
8 16
8 18
8 22
8 24
9 11
9 15
9 16
9 18
9 20
9 22
10 12
10 13
10 19
10 21
10 23
11 12
11 15
11 16
11 18
11 20
11 22
12 16
12 18
12 22
12 24
13 18
13 19
13 21
13 23
14 17
14 19
14 20
15 16
15 17
15 20
15 22
15 24
16 18
16 20
16 22
17 19
17 20
18 19
18 22
19 23
20 22
20 24
22 23
22 24
