#num-nodes
495
#num-links
2096
#links
0 11
0 45
0 59
0 139
0 241
0 288
1 51
1 127
1 136
1 144
1 230
1 238
1 259
1 260
1 284
1 330
2 53
2 130
2 164
2 172
2 184
2 360
3 15
3 79
3 80
3 211
3 229
3 232
3 233
3 261
3 268
3 279
3 287
3 308
3 311
3 356
4 67
4 135
4 182
4 234
4 240
4 273
4 301
4 346
4 360
5 15
5 37
5 40
5 68
5 80
5 228
5 229
5 233
5 356
6 87
6 382
7 28
7 45
8 21
8 93
8 103
8 117
8 121
8 218
8 221
8 222
8 284
9 45
9 181
9 206
9 226
9 275
10 36
10 193
10 242
10 252
10 259
10 311
10 313
10 319
11 201
12 30
12 31
12 35
12 57
12 81
12 303
12 315
12 316
12 456
13 36
13 167
13 192
13 213
13 259
13 294
13 328
13 365
14 60
14 134
14 137
14 143
14 200
14 209
14 230
14 251
14 378
15 27
15 31
15 68
15 150
15 232
15 287
15 311
15 316
15 493
16 36
16 167
16 192
16 230
16 320
17 118
17 180
17 231
17 336
18 21
18 114
18 185
18 197
18 207
18 228
18 297
18 298
18 316
19 37
19 58
19 120
19 125
19 197
19 236
19 244
19 285
20 45
20 62
20 64
20 114
20 156
20 163
20 226
20 241
20 275
21 93
21 117
21 120
21 131
21 177
21 185
21 191
21 217
21 222
21 274
21 283
21 322
21 358
21 381
22 24
22 51
22 138
22 170
22 324
23 116
23 177
23 296
23 377
24 51
24 324
25 28
25 59
25 62
25 64
25 98
25 163
25 201
25 226
25 241
25 275
25 325
25 341
25 370
26 30
26 85
26 142
26 144
26 177
26 225
26 296
26 319
26 333
26 334
26 342
26 349
26 371
26 456
27 31
27 41
27 56
27 86
27 88
27 126
27 129
27 139
27 145
27 150
27 152
27 157
27 165
27 186
27 187
27 189
27 229
27 255
27 261
27 305
27 340
28 64
28 118
28 139
28 226
28 341
28 467
29 83
29 91
29 92
29 113
29 161
29 164
29 207
29 234
29 307
29 332
29 336
29 354
29 377
30 47
30 112
30 130
30 164
30 212
30 227
30 256
30 279
30 287
30 307
30 311
30 313
30 318
30 371
31 35
31 41
31 86
31 95
31 126
31 129
31 152
31 186
31 199
31 229
31 233
31 256
31 279
31 316
32 95
32 142
32 164
32 166
32 172
32 310
32 333
32 383
33 87
33 89
33 130
33 131
33 151
33 233
33 252
33 255
33 270
33 279
33 309
33 352
34 38
34 78
34 142
34 183
34 302
34 304
34 310
34 366
35 56
35 57
35 75
35 249
35 315
35 316
36 37
36 44
36 50
36 96
36 227
36 365
37 80
37 120
37 169
37 205
37 211
37 250
37 268
37 285
37 293
37 298
37 313
37 317
37 356
37 358
37 403
38 214
38 222
38 298
38 302
38 304
38 323
38 362
38 366
39 85
39 167
39 260
39 362
40 86
40 108
40 236
40 282
40 357
40 380
41 140
41 145
41 152
41 234
41 276
42 70
42 88
42 96
42 152
42 186
42 197
42 210
42 232
42 381
43 124
43 132
43 291
43 306
43 334
43 335
43 348
44 108
44 117
44 191
44 322
45 62
45 156
45 196
45 241
45 288
45 292
45 343
45 386
46 75
46 342
46 456
47 115
47 194
47 198
47 227
47 243
47 249
47 279
47 318
47 337
47 344
47 383
48 64
48 185
48 187
48 392
49 62
49 63
49 102
49 123
49 181
49 206
49 263
49 264
49 290
49 375
50 96
50 103
50 116
50 319
50 350
50 361
50 362
50 366
50 379
51 167
51 170
51 235
51 315
51 324
52 136
52 270
52 333
52 369
52 386
53 159
53 166
53 258
53 299
53 308
54 127
54 202
54 347
55 112
55 123
55 138
55 170
55 195
55 209
55 251
55 278
55 345
55 346
56 57
56 152
56 191
56 249
56 267
56 310
56 349
56 377
57 224
57 303
58 125
58 271
58 287
58 374
58 382
59 98
59 102
59 139
59 163
59 245
59 326
59 341
60 148
60 269
60 270
60 375
61 64
61 71
61 226
61 228
61 275
61 277
61 284
61 296
61 325
62 92
62 114
62 156
62 214
62 226
62 241
62 269
62 270
62 288
62 316
62 332
62 384
63 64
63 118
63 156
63 158
63 174
63 248
63 249
63 288
63 318
64 104
64 156
64 275
64 325
64 368
64 384
65 88
65 94
65 109
65 152
65 185
65 186
65 197
65 228
65 232
65 239
65 297
65 340
66 93
66 117
66 154
66 218
66 224
66 350
66 352
66 412
67 106
67 138
67 235
67 240
67 310
67 315
67 344
67 353
67 479
68 204
68 212
68 228
68 242
68 253
68 278
68 287
68 319
68 355
68 371
68 385
69 85
69 96
69 154
69 260
69 352
70 96
70 178
70 203
70 342
71 90
71 201
71 277
71 325
72 190
72 203
72 246
72 265
72 273
72 306
72 321
72 337
72 342
73 74
73 79
73 194
73 198
73 208
73 376
73 378
74 155
74 168
74 209
74 247
74 255
74 309
74 359
74 376
75 134
75 153
75 192
75 378
75 410
75 486
76 91
76 113
76 125
76 157
76 159
76 165
76 166
76 175
76 258
76 280
76 318
76 329
76 364
76 377
77 83
77 120
77 130
77 157
77 175
77 187
77 242
77 287
77 300
77 371
77 374
78 95
78 142
78 379
79 210
79 222
79 229
79 255
79 261
79 297
79 493
80 233
80 250
80 257
80 268
80 285
80 297
81 106
81 246
81 249
81 295
81 353
82 147
82 205
82 217
82 219
82 227
82 229
83 217
83 227
83 242
83 259
83 271
83 354
83 374
84 160
84 264
84 348
85 154
85 180
85 260
85 314
85 352
86 236
86 285
86 295
86 357
86 380
87 130
87 131
87 233
87 415
87 486
88 145
88 186
88 197
88 210
88 323
88 340
89 149
89 151
89 175
89 210
89 253
89 337
89 374
89 376
90 325
91 101
91 113
91 130
91 165
91 234
91 287
92 152
92 164
92 178
92 279
92 307
92 309
92 324
92 332
93 131
93 191
93 217
93 222
93 274
93 283
93 322
93 358
93 361
93 381
94 101
94 147
94 172
94 185
94 197
94 228
94 232
94 323
94 340
94 349
94 381
94 439
95 129
95 142
95 234
95 310
96 313
96 349
96 350
96 361
96 379
97 117
97 281
97 284
97 339
98 102
98 139
98 158
98 226
98 277
98 365
98 384
99 104
99 115
99 151
99 165
99 168
99 175
99 182
99 359
100 196
100 262
100 263
100 272
100 292
101 269
101 414
102 128
102 158
103 173
103 183
103 366
104 166
104 182
104 195
104 258
104 299
104 301
104 336
104 345
104 367
105 118
105 158
105 248
105 343
106 124
106 142
106 172
106 212
106 242
106 345
106 353
106 360
106 383
107 115
107 134
107 138
107 140
107 203
107 230
107 286
107 301
107 309
107 324
107 337
107 345
108 117
108 183
109 186
109 189
109 222
109 232
109 256
109 323
109 340
109 381
112 126
112 195
112 209
112 251
112 273
112 278
112 279
112 346
112 383
113 164
113 165
113 171
113 172
113 296
113 310
113 329
113 377
114 156
114 199
114 214
114 241
114 270
114 297
114 368
114 467
115 170
115 200
115 230
115 286
115 324
115 337
115 351
115 378
116 243
116 253
116 306
116 317
116 332
116 334
116 361
117 141
117 147
117 191
117 218
117 219
117 220
117 221
117 274
117 322
117 350
118 158
118 179
118 201
118 214
118 215
118 248
118 269
118 343
119 167
119 320
120 169
120 183
120 185
120 187
120 193
120 205
120 211
120 256
120 371
121 136
121 220
121 237
121 254
121 284
121 294
121 313
121 328
122 163
122 215
123 160
123 206
123 264
123 278
123 290
123 375
123 386
124 132
124 204
124 287
124 302
124 306
124 334
124 335
124 355
124 382
125 145
125 186
125 197
125 233
125 268
126 181
126 252
126 303
126 311
126 375
126 383
127 202
128 158
128 215
129 152
129 219
129 252
129 276
129 384
130 131
130 145
130 190
130 233
130 242
130 255
130 352
131 139
131 233
131 271
131 287
131 302
132 243
132 291
132 302
132 333
132 334
132 335
133 217
133 235
133 242
133 308
133 315
133 367
133 412
134 138
134 140
134 143
134 170
134 198
134 203
134 216
134 230
134 324
134 330
135 216
135 333
135 351
135 382
136 192
136 237
136 284
136 331
137 155
137 195
137 309
137 321
137 342
137 376
138 143
138 170
138 182
138 286
138 324
138 351
139 163
139 241
139 288
139 341
140 149
140 203
140 301
140 305
140 367
141 158
141 189
141 293
141 304
142 172
142 178
142 310
142 333
142 360
142 432
143 170
143 209
143 230
143 251
144 164
144 187
144 213
144 307
144 311
144 313
145 150
145 157
145 186
145 189
145 257
145 261
145 316
146 183
146 191
146 281
146 338
147 185
147 229
147 274
147 277
147 349
148 188
149 151
149 155
149 195
149 243
149 253
149 287
149 355
150 220
150 260
150 337
150 342
150 349
151 253
151 287
151 359
152 197
152 229
152 232
152 250
152 255
152 298
152 316
152 340
152 383
152 475
153 167
153 188
153 192
153 320
153 456
154 265
154 352
154 353
154 369
155 204
155 344
155 376
155 378
156 214
156 275
156 332
157 165
157 166
157 172
157 186
157 189
157 295
157 340
158 179
158 248
158 295
159 165
159 166
159 170
159 299
159 329
159 348
159 367
159 369
160 375
161 243
161 249
161 279
161 286
161 337
161 383
162 269
163 179
164 187
164 258
164 279
164 307
164 312
164 330
164 332
165 172
165 175
165 256
165 258
165 295
165 329
165 364
165 367
166 175
166 258
166 329
166 369
167 182
167 192
167 193
167 213
167 252
167 320
168 175
168 182
168 194
168 243
168 247
168 253
168 309
168 344
168 354
168 359
168 374
168 382
169 205
169 211
169 217
169 239
169 250
170 203
170 230
170 301
170 324
170 351
171 234
171 296
171 329
171 332
171 336
171 364
171 377
172 195
172 212
172 295
172 345
175 258
175 266
175 329
176 215
176 269
176 288
176 370
177 239
177 248
177 250
177 257
177 358
177 373
177 488
178 182
178 224
178 234
178 239
178 261
178 302
178 303
178 304
178 305
178 356
178 371
179 214
179 215
179 248
180 221
180 293
180 379
181 226
181 275
182 234
182 240
182 320
182 354
182 359
183 338
183 366
184 223
184 235
184 315
184 321
184 360
185 187
185 197
185 205
185 210
185 211
185 256
185 322
186 197
186 316
186 340
187 228
187 298
187 307
187 308
187 313
188 385
189 236
189 261
189 285
189 380
190 220
190 294
191 202
191 218
191 222
191 274
191 283
191 323
191 365
191 381
192 193
192 213
192 259
192 311
192 320
192 373
193 217
193 259
193 274
193 317
193 320
193 450
194 198
194 208
194 243
194 253
194 286
194 337
194 344
194 378
195 212
195 223
195 251
195 278
195 299
195 345
196 262
196 263
196 292
197 340
197 344
198 208
198 260
198 324
198 337
198 346
198 378
199 235
199 236
199 285
199 297
199 380
200 230
200 310
200 342
201 325
203 278
203 301
203 346
203 369
204 251
204 266
204 309
204 311
204 330
204 332
204 355
205 211
205 217
205 227
205 412
206 264
206 270
206 290
206 327
206 351
206 375
207 209
207 239
207 251
207 488
208 265
209 230
209 239
209 251
209 278
209 286
209 345
210 229
210 265
210 277
210 340
210 380
211 224
211 388
212 243
212 251
212 273
212 287
212 311
212 313
212 318
212 345
213 259
213 311
213 320
214 241
214 248
214 270
214 332
214 386
215 248
215 370
216 310
216 349
216 353
216 456
217 218
217 221
217 227
217 239
217 252
217 271
217 283
217 308
217 322
217 365
217 399
218 221
218 222
218 283
218 308
218 322
219 283
219 314
220 252
220 306
220 349
221 293
221 362
221 365
222 283
222 323
222 349
222 365
222 366
222 381
223 345
224 303
224 361
224 388
226 241
226 269
226 325
226 368
226 467
227 259
227 318
228 232
228 355
228 479
228 485
229 255
229 356
230 351
231 248
232 250
232 256
232 297
232 340
232 493
233 255
233 261
233 268
233 297
234 240
234 276
234 354
235 240
235 308
235 315
235 345
236 244
236 282
236 285
236 357
239 250
239 257
239 317
239 358
239 372
239 416
239 488
240 353
241 288
241 295
242 300
242 367
242 371
242 374
243 247
243 253
243 267
243 279
243 287
243 344
244 282
244 285
244 357
245 254
245 356
246 333
246 342
247 253
247 319
247 330
247 344
247 382
248 343
249 261
249 266
249 267
249 278
249 279
249 370
249 383
250 257
250 261
250 298
250 358
250 416
250 451
251 278
251 286
251 311
252 306
252 313
252 353
252 355
252 364
252 367
252 450
253 266
253 267
253 278
253 287
253 344
254 363
254 384
254 482
255 261
255 297
256 313
256 330
257 358
257 416
258 299
258 329
258 369
259 311
259 318
261 267
261 298
261 358
261 439
261 493
262 263
262 292
263 292
263 352
264 290
264 386
265 266
265 273
265 337
265 342
266 278
266 351
269 270
269 325
269 327
269 427
270 275
270 368
270 375
270 382
270 467
271 300
271 308
271 317
271 374
271 382
272 368
273 306
273 307
273 311
273 313
273 319
273 320
274 283
274 350
274 367
274 450
274 491
275 368
276 385
277 325
277 340
277 356
277 358
277 491
278 279
278 286
278 351
278 383
279 318
279 337
279 344
279 351
279 377
279 383
280 329
280 336
280 377
281 284
282 285
282 339
282 357
284 373
285 293
285 353
285 357
285 366
286 301
286 337
287 318
287 322
287 344
287 355
287 382
291 299
291 302
291 335
291 348
291 361
294 328
295 316
296 329
296 349
296 361
296 377
297 316
297 434
297 493
299 315
299 367
300 303
300 308
300 317
300 322
300 336
300 374
300 450
301 305
301 315
301 346
302 304
302 306
302 335
303 311
303 434
304 323
304 340
304 357
306 334
306 335
307 312
307 319
307 330
308 313
308 367
308 450
309 344
310 360
310 383
311 313
311 373
311 382
312 348
314 352
317 322
317 374
317 450
318 329
318 332
318 336
318 337
318 344
318 383
319 352
319 360
321 376
322 341
323 340
323 381
324 351
327 375
327 386
329 354
329 364
331 360
332 368
332 382
333 353
333 376
334 335
334 369
336 354
336 364
336 377
337 342
337 344
337 368
337 376
337 378
339 357
341 370
342 346
342 351
342 353
342 376
342 383
345 367
349 353
349 365
349 456
349 479
353 360
353 456
354 359
354 364
355 367
355 450
358 490
358 493
361 379
362 363
364 377
364 413
367 412
367 450
371 374
371 381
372 412
376 378
380 403
387 422
387 430
388 399
388 487
388 488
389 397
389 398
389 449
389 457
389 473
390 410
390 453
390 454
390 459
390 477
390 491
391 396
391 425
391 442
391 455
391 471
391 475
392 408
392 409
392 410
392 432
392 438
392 462
392 463
392 476
392 482
393 426
393 430
393 437
393 439
393 444
393 452
393 458
393 469
393 481
394 399
394 429
394 456
394 494
395 402
395 406
395 420
395 436
395 439
395 461
395 468
395 472
395 479
395 486
395 490
396 401
396 413
396 417
396 425
396 442
397 398
397 411
397 454
398 409
398 449
398 473
399 443
399 487
399 488
399 494
400 460
401 413
401 421
401 424
401 427
401 436
401 482
402 406
402 410
402 423
402 424
402 461
402 479
402 486
402 490
403 407
403 423
403 424
403 429
404 405
404 418
404 419
404 426
404 491
405 418
405 419
405 435
405 436
405 446
405 460
405 484
406 407
406 410
406 420
406 423
406 424
406 427
406 434
406 436
406 439
406 451
406 461
406 462
406 468
406 478
406 479
406 486
406 487
406 490
406 493
407 423
407 451
407 468
407 490
408 410
408 438
408 444
408 467
409 411
409 422
409 437
409 438
409 439
409 454
409 458
409 462
409 463
409 476
409 482
409 489
409 492
410 414
410 420
410 423
410 428
410 432
410 435
410 438
410 444
410 453
410 461
410 467
410 477
410 478
410 486
410 490
410 491
411 422
411 439
411 473
411 474
411 481
411 492
412 450
412 455
412 485
413 421
413 436
413 447
413 475
414 416
414 425
414 444
414 454
414 467
415 424
415 429
415 434
415 451
415 457
416 427
416 454
416 488
416 490
416 493
417 425
417 432
417 442
417 445
417 462
417 467
417 470
418 435
418 446
418 460
418 491
419 431
419 435
419 446
420 434
420 445
420 461
420 468
420 470
420 475
420 478
420 483
420 486
420 490
420 493
421 436
421 451
421 475
421 486
421 490
421 491
422 432
422 476
422 481
422 482
422 492
423 434
423 451
423 468
423 478
423 480
423 485
423 486
423 490
423 493
424 434
424 451
424 461
424 485
425 442
425 445
425 447
425 467
425 470
426 437
426 444
426 460
426 464
427 456
427 462
427 467
427 487
427 490
427 493
428 448
428 449
428 454
428 458
428 460
428 462
428 463
428 489
428 492
429 430
429 485
430 449
430 452
430 458
430 463
430 469
430 481
432 442
432 444
432 454
432 462
432 465
432 467
432 471
432 475
432 482
433 437
433 441
433 448
433 452
433 458
433 463
433 464
433 476
433 481
433 492
434 451
434 454
434 457
434 461
434 468
434 485
434 486
434 490
434 493
435 444
435 467
435 489
435 491
437 439
437 448
437 458
437 462
437 463
437 476
437 481
437 489
437 492
438 440
438 444
438 448
438 454
438 482
439 451
439 452
439 461
439 463
439 476
439 490
439 492
439 493
440 453
440 454
440 459
440 465
440 484
441 448
441 454
441 458
441 464
441 476
441 481
441 492
442 445
442 462
442 467
442 470
443 457
443 483
443 488
444 460
444 465
444 467
444 482
445 461
445 465
445 470
445 492
446 460
447 472
447 475
448 458
448 464
448 481
448 492
449 473
449 482
450 455
451 454
451 468
451 478
451 485
451 490
451 493
452 458
452 463
452 464
452 469
452 481
453 454
453 459
453 460
453 477
454 477
454 485
456 479
456 486
457 461
457 466
457 483
457 485
458 462
458 463
458 465
458 469
458 481
459 477
460 464
461 486
461 488
461 493
462 463
462 476
462 482
462 489
462 492
462 493
463 476
463 489
463 492
464 481
464 492
465 470
465 482
466 483
467 482
468 478
468 486
468 490
469 489
470 475
470 486
471 475
471 483
471 488
472 475
472 491
474 484
476 481
476 492
476 493
478 486
478 490
479 483
481 492
482 484
483 485
483 486
484 489
485 493
486 490
486 493
487 488
489 492
491 492
492 493
