#num-nodes
1008
#num-links
3917
#links
0 75
0 173
0 211
0 238
0 262
0 285
0 316
0 497
0 523
0 554
0 617
1 14
1 80
1 170
1 304
1 466
1 507
2 14
2 65
2 83
2 142
2 440
2 441
2 448
2 542
2 550
3 29
3 170
3 244
3 315
3 360
3 466
3 468
3 512
4 67
4 92
4 207
4 248
4 315
4 320
4 477
5 37
5 154
5 166
5 209
5 245
5 268
5 308
5 396
5 432
5 541
5 572
5 587
5 622
6 21
6 149
6 150
6 210
6 245
6 246
6 334
6 476
6 547
6 556
7 119
7 347
7 908
8 90
8 147
8 188
8 330
8 651
9 88
9 260
9 276
9 339
9 469
9 593
9 604
10 147
10 192
10 317
10 581
10 768
11 165
11 411
11 575
12 270
12 310
12 343
12 524
13 212
13 272
13 279
13 312
13 320
13 334
13 337
13 516
13 518
13 957
13 984
13 1002
14 15
14 50
14 80
14 284
14 304
14 357
14 507
14 564
14 575
14 578
14 885
15 91
15 142
15 149
15 325
15 327
15 442
15 477
15 885
16 151
16 223
16 456
16 458
16 520
17 114
17 144
17 182
17 212
17 218
17 325
18 92
18 219
18 254
18 344
18 406
18 412
18 465
18 551
18 625
19 57
19 84
19 221
19 300
19 359
19 790
20 88
20 177
20 195
20 273
20 291
20 352
20 456
20 458
20 483
20 511
20 605
21 160
21 232
21 273
21 301
21 348
21 386
21 393
21 511
21 547
21 550
21 590
22 98
22 121
22 490
23 250
23 436
23 493
23 526
23 528
24 74
24 96
24 279
24 460
24 496
24 623
25 99
25 239
25 320
25 331
25 345
26 41
26 211
26 242
26 305
27 60
27 75
27 129
27 303
27 338
27 353
27 376
27 405
27 437
27 461
27 793
28 229
28 253
29 76
29 180
29 244
29 363
29 457
29 465
29 512
29 595
29 716
29 728
30 40
30 136
30 157
30 210
30 265
30 327
30 471
30 564
30 576
30 625
30 930
31 53
31 65
31 88
31 190
31 352
31 423
31 494
31 503
31 584
32 326
32 616
32 906
33 44
33 160
33 225
33 350
33 630
34 82
34 93
34 111
34 151
34 190
34 203
34 278
34 348
34 352
34 356
34 361
34 382
34 449
34 547
34 602
34 613
35 253
35 280
35 281
35 311
35 425
35 465
35 551
36 266
36 364
36 499
36 858
37 67
37 92
37 209
37 268
37 296
37 308
37 317
37 492
37 586
37 587
38 68
38 69
38 161
38 243
38 367
38 391
38 459
38 460
38 603
39 47
39 97
39 241
39 266
39 408
39 417
39 448
39 592
40 75
40 133
40 523
40 576
41 96
41 207
41 248
41 455
41 610
42 235
42 283
43 68
43 163
43 217
43 428
44 364
44 392
44 537
44 590
44 604
45 84
45 196
45 302
45 416
45 439
45 505
45 526
45 553
45 624
47 213
47 241
47 408
47 592
48 138
48 201
48 374
48 413
48 453
48 518
48 539
48 567
48 623
49 79
49 165
49 180
49 302
49 313
49 367
49 402
49 484
49 541
49 587
49 623
50 80
50 245
50 246
50 302
50 343
50 435
50 466
50 521
50 674
51 345
52 144
52 267
52 288
52 418
52 472
52 475
52 520
52 556
52 580
52 585
53 289
53 442
53 469
53 494
53 564
54 245
54 314
54 383
54 404
54 457
54 554
54 564
54 571
54 784
55 100
55 132
55 194
55 238
55 375
55 389
55 428
55 444
55 582
55 608
55 800
56 159
56 170
56 227
57 221
57 359
58 93
58 374
59 135
59 162
59 170
59 227
59 638
60 68
60 405
60 430
60 459
60 495
60 548
61 174
61 355
61 433
61 452
61 513
61 545
62 78
62 230
62 247
62 383
62 399
62 435
62 565
62 566
62 579
62 780
62 800
63 105
63 131
63 181
63 186
63 245
63 261
63 282
63 344
63 509
63 538
63 978
64 238
64 251
64 291
64 355
64 433
64 487
64 536
64 537
64 584
64 680
65 82
65 170
65 212
65 217
65 251
65 433
65 440
65 448
65 499
65 536
66 94
66 131
67 140
67 280
67 460
67 468
67 530
67 623
67 625
68 129
68 161
68 263
68 459
68 488
68 548
68 549
68 609
69 117
69 238
69 263
69 324
69 328
69 337
69 349
69 393
69 428
69 451
69 499
69 582
69 616
69 629
69 940
69 975
70 225
70 246
70 294
70 341
71 95
72 74
72 93
72 122
72 401
72 453
72 525
73 74
73 181
73 215
73 216
73 372
73 379
73 439
73 448
74 92
74 140
74 279
74 447
74 453
74 539
75 303
75 338
75 405
75 431
75 437
75 461
75 523
75 594
76 180
76 363
77 184
77 540
78 184
78 191
78 228
78 445
78 594
79 98
79 388
79 390
79 432
79 445
79 454
79 468
79 518
79 539
80 212
80 507
80 521
80 663
81 201
81 577
82 195
82 203
82 278
82 348
82 361
82 449
82 564
83 93
83 97
83 102
83 212
83 221
83 222
83 284
83 293
83 359
83 375
83 448
83 488
84 144
84 182
84 221
84 300
84 359
84 571
84 725
86 190
86 223
86 240
86 352
86 483
86 564
87 113
87 243
87 311
87 324
87 350
87 490
87 498
87 510
87 573
87 575
88 278
88 291
88 356
88 423
88 462
88 543
88 564
88 590
89 90
89 188
89 193
89 328
89 519
89 749
89 971
90 193
90 196
90 235
90 395
90 519
90 555
90 601
91 149
91 325
91 505
91 526
92 148
92 219
92 313
92 463
92 498
92 506
92 565
92 566
92 574
92 809
92 873
92 926
93 97
93 113
93 117
93 170
93 358
93 362
93 375
93 861
94 106
94 215
94 221
94 261
94 320
94 321
94 374
94 418
94 512
94 527
94 557
95 336
96 284
96 293
96 328
96 424
96 459
96 474
96 582
97 193
97 220
97 296
97 408
97 511
97 602
97 861
98 237
98 257
98 302
98 331
98 409
98 529
98 558
98 612
98 623
98 630
98 721
99 345
99 380
99 578
100 178
100 198
100 217
100 297
100 349
100 393
100 542
100 548
100 629
101 278
101 348
101 352
101 612
101 613
101 621
102 172
102 251
102 359
102 458
102 477
102 528
102 536
102 610
103 228
103 486
103 526
104 143
104 197
104 258
104 321
104 332
104 382
104 440
104 550
105 186
105 357
105 512
106 297
106 320
106 399
106 434
106 490
106 533
106 609
106 641
106 725
106 857
107 122
107 156
107 302
107 376
107 448
107 606
107 607
108 137
108 193
108 208
108 213
108 255
108 302
108 304
108 376
108 493
108 597
109 214
109 259
109 373
109 492
109 502
109 506
109 622
110 545
111 352
111 389
111 421
111 621
112 132
112 161
112 178
112 206
112 217
112 365
112 487
112 548
112 626
112 958
113 116
113 126
113 138
113 158
113 279
113 391
113 442
113 453
113 529
113 530
113 543
113 803
113 1003
114 182
114 253
115 636
115 979
116 182
116 338
116 379
116 455
117 130
117 135
117 237
117 280
117 296
117 328
117 337
117 460
117 516
117 603
117 612
118 552
118 927
119 211
119 908
119 920
120 254
120 329
120 512
121 349
121 390
121 393
121 482
121 718
121 759
122 237
122 384
123 281
123 446
123 622
124 166
124 200
124 448
126 158
126 160
126 201
126 240
126 314
126 323
126 391
126 466
126 509
126 594
127 187
127 414
127 418
127 557
127 599
128 219
128 313
128 406
128 574
129 212
130 135
130 139
130 141
130 257
130 296
130 354
130 373
130 426
130 506
130 567
130 595
130 848
132 194
132 260
132 293
132 367
132 375
132 389
132 471
132 487
132 582
134 139
134 180
134 234
134 272
134 280
134 374
134 406
134 414
134 432
134 502
134 506
134 562
134 586
135 139
135 141
135 354
135 402
135 506
135 595
135 848
136 210
136 440
137 147
137 220
137 233
137 424
137 450
137 485
137 571
137 611
137 856
138 237
138 248
138 311
138 322
138 367
138 453
138 529
139 141
139 381
139 402
139 426
139 502
139 506
139 557
139 855
140 306
140 358
140 373
140 390
140 447
140 474
140 603
140 738
140 855
140 867
140 965
141 209
141 259
141 296
141 354
141 396
141 399
141 426
141 432
141 506
141 595
142 143
142 146
142 208
142 307
142 386
142 422
142 487
142 494
142 536
142 545
142 550
143 146
143 185
143 215
143 219
143 325
143 334
144 179
144 251
144 291
144 300
144 352
144 364
144 456
144 458
144 462
144 486
144 522
145 175
145 176
145 195
145 213
145 334
145 614
146 213
146 265
146 320
146 325
146 332
146 474
146 501
147 472
147 554
147 622
148 227
148 228
148 463
148 465
148 551
148 554
148 557
148 622
148 670
149 175
149 269
149 325
149 334
149 600
150 198
150 206
150 217
150 280
150 440
150 487
150 606
150 957
151 203
151 223
151 278
151 291
151 356
151 361
151 449
151 458
152 239
152 521
152 549
152 595
152 725
153 169
153 174
153 249
153 262
153 397
153 626
154 215
154 219
154 329
154 335
154 380
154 695
155 256
155 319
155 571
155 576
156 162
156 496
156 579
157 327
157 372
157 431
157 441
157 459
157 563
157 583
157 603
158 201
158 240
158 306
158 314
158 323
158 337
158 367
158 391
158 464
158 567
159 186
159 578
160 222
160 225
160 273
160 283
160 380
160 456
160 458
160 471
160 594
161 320
161 327
161 354
161 372
161 431
161 441
161 459
161 563
162 235
162 472
164 410
164 413
164 451
164 518
164 612
164 618
165 196
165 486
165 529
165 625
166 263
166 376
166 417
166 428
166 430
166 448
166 490
166 532
168 213
168 249
168 339
168 428
168 478
169 251
169 293
169 300
169 322
169 462
169 584
170 227
170 315
170 343
170 466
170 529
170 530
171 254
171 360
171 414
171 420
172 209
172 212
172 217
172 292
172 353
172 360
172 490
172 541
172 630
173 285
173 319
174 275
174 276
174 320
174 501
174 626
175 213
175 219
175 245
175 265
175 334
175 335
175 473
175 614
176 197
176 232
176 260
176 307
176 339
176 382
176 487
176 592
177 238
177 273
177 291
177 427
177 511
177 537
178 206
178 225
178 251
178 262
178 297
178 349
178 365
178 532
178 583
178 623
178 803
179 342
180 234
180 236
180 248
180 259
180 272
180 374
180 464
180 517
180 586
181 261
181 400
181 443
181 522
182 253
183 199
183 209
183 214
183 255
183 259
183 280
183 492
183 567
184 185
184 324
184 456
184 458
184 490
184 526
184 533
184 540
185 311
185 433
185 495
185 524
185 609
186 218
186 261
186 280
186 442
186 522
187 211
187 327
187 432
187 504
188 193
188 199
188 370
188 424
188 434
188 519
188 616
188 971
189 486
189 927
190 223
190 273
190 352
190 458
190 471
190 536
190 605
191 354
191 563
191 614
192 255
192 317
192 373
192 562
192 581
193 197
193 260
193 441
193 444
193 493
193 501
193 519
193 749
194 220
194 375
194 389
194 428
194 471
194 487
194 616
195 208
195 278
195 283
195 291
195 348
195 389
195 403
195 456
195 605
195 608
196 371
196 601
196 624
197 260
197 340
197 382
197 442
197 501
197 598
198 389
198 487
198 490
198 616
199 434
199 557
200 488
201 306
201 323
201 391
201 506
201 612
201 650
203 278
203 330
203 361
203 580
203 605
203 613
203 621
204 233
204 340
204 399
204 429
204 579
204 651
205 281
205 319
205 446
205 540
205 826
206 217
206 349
206 393
206 997
207 226
207 316
207 398
207 420
207 534
207 544
207 553
207 565
208 262
208 275
208 494
208 545
208 626
209 214
209 255
209 272
209 308
209 373
209 454
209 586
209 595
209 701
210 319
210 334
210 624
211 242
211 250
212 280
212 311
212 908
212 984
213 245
213 265
213 302
213 308
213 325
213 557
214 255
214 373
214 567
215 219
215 254
215 334
215 335
215 439
215 477
217 590
217 844
218 252
218 270
218 310
218 360
218 486
218 526
219 279
219 321
219 334
219 439
219 491
219 517
219 544
219 548
219 581
220 616
221 332
221 411
221 528
222 225
222 490
222 605
223 278
223 397
223 483
224 617
225 311
225 355
225 365
225 384
225 409
225 410
225 422
225 428
225 451
225 469
225 499
226 248
226 425
226 460
226 465
226 491
226 551
226 625
226 918
227 315
227 343
227 623
227 1002
228 396
228 445
228 465
228 562
228 648
228 667
228 855
229 253
229 392
229 537
230 240
230 247
230 264
230 295
230 565
230 566
231 238
231 297
231 353
231 386
231 594
232 260
232 273
232 386
232 487
232 550
233 271
233 450
233 485
233 597
233 611
234 281
234 360
234 533
235 283
235 416
235 472
235 475
236 401
236 474
236 562
237 358
237 529
237 530
237 595
237 612
237 630
238 297
238 351
238 582
238 594
240 287
240 296
240 314
240 484
240 530
240 560
240 630
240 927
243 452
243 921
244 512
244 531
244 532
245 254
245 292
245 416
245 420
245 457
245 554
245 564
245 571
246 332
246 360
246 420
246 978
247 282
247 445
247 498
247 565
247 566
247 595
247 975
248 254
248 383
248 695
248 932
249 276
249 339
249 428
249 545
250 330
250 555
250 620
251 262
251 359
251 462
251 480
251 536
251 584
251 997
253 294
253 500
254 261
254 285
254 320
254 357
254 374
254 414
254 501
254 586
254 814
255 259
255 296
255 306
255 337
255 358
255 373
255 390
255 396
255 447
255 467
255 492
255 516
255 586
255 603
256 362
256 576
257 279
257 390
257 428
257 460
257 545
257 723
258 321
258 557
258 889
259 390
259 567
259 577
259 622
260 340
260 382
260 391
260 433
260 442
260 487
260 598
261 357
261 360
261 416
261 497
261 501
261 512
261 522
261 599
262 275
262 359
262 626
263 284
263 301
263 428
263 490
263 939
264 445
264 486
264 562
264 581
264 921
265 291
265 325
265 361
265 606
266 598
266 749
267 302
267 472
267 475
267 556
267 571
267 580
268 587
269 325
269 332
269 334
269 556
269 557
269 600
270 304
270 310
270 363
271 425
271 426
271 663
272 323
272 506
272 586
273 352
273 356
273 361
273 375
273 449
273 456
273 492
273 511
273 537
273 543
273 605
274 374
274 631
274 1005
275 276
275 285
275 339
275 397
275 584
275 626
276 433
276 545
276 559
276 584
276 626
276 723
278 289
278 291
278 348
278 356
278 421
278 449
278 613
278 621
279 315
279 390
279 391
279 442
279 492
279 496
279 558
279 938
280 296
280 337
280 365
280 460
280 516
280 567
281 446
282 305
282 574
282 699
283 380
283 475
283 493
283 598
284 321
284 360
285 316
285 319
285 355
285 458
285 478
286 524
286 578
287 315
287 370
287 413
287 460
287 530
287 560
289 294
289 366
289 452
289 604
289 610
290 312
290 315
290 331
290 367
290 460
290 588
291 348
291 352
291 361
291 449
291 478
291 536
291 537
291 583
291 605
291 613
292 360
292 406
293 456
293 458
293 490
293 501
294 423
294 500
294 601
295 414
295 485
296 373
296 432
296 463
296 582
296 598
296 601
296 612
296 713
297 349
297 350
297 365
297 401
297 479
297 499
297 583
298 553
298 606
298 643
299 301
299 430
300 416
300 535
301 490
302 325
302 376
302 466
302 468
302 481
302 829
302 985
303 338
303 437
303 461
303 594
303 607
304 363
304 441
304 507
305 429
305 628
305 803
306 323
306 364
306 367
306 447
306 468
306 538
306 567
307 310
307 382
307 550
307 598
308 368
308 432
308 498
308 506
308 565
308 586
308 778
310 355
310 363
310 524
310 550
311 365
311 367
311 464
311 529
311 533
311 573
311 588
312 315
312 464
312 484
312 498
312 509
312 561
312 707
312 804
313 344
313 406
313 412
313 544
313 574
313 579
313 976
314 336
314 554
314 589
315 349
315 453
315 466
315 468
315 803
316 319
316 984
317 320
317 562
317 581
317 1002
318 338
318 604
319 564
320 321
320 370
320 401
320 451
320 474
321 334
322 413
322 453
322 509
322 529
322 539
322 647
322 938
323 506
323 855
324 333
324 401
324 437
324 479
324 573
324 594
324 855
325 332
325 418
325 600
326 429
326 474
326 585
326 628
327 335
327 376
328 351
328 377
328 417
328 418
328 428
328 557
328 582
328 595
329 455
330 475
330 555
330 571
331 367
331 387
331 452
331 529
331 558
331 588
331 618
331 920
332 334
332 520
332 577
332 840
332 860
333 345
333 470
333 546
334 407
334 477
334 554
334 571
335 341
335 375
335 391
335 477
335 498
335 531
335 829
336 419
337 365
337 373
337 558
338 353
338 379
338 395
338 405
338 437
338 461
338 594
339 355
339 362
339 387
339 478
340 363
340 382
340 501
340 559
340 598
340 627
343 470
343 546
343 609
344 512
345 380
345 556
345 570
345 578
345 912
346 485
348 361
348 380
348 382
348 503
348 514
348 547
348 617
349 482
349 629
349 928
350 355
350 490
350 533
351 391
351 424
351 428
351 536
351 582
351 584
351 616
352 456
352 458
352 605
353 407
353 461
353 480
353 508
353 594
353 609
354 448
354 482
354 563
354 848
355 433
355 490
355 510
355 545
355 593
356 361
356 423
356 458
356 483
356 503
356 536
356 605
356 617
358 386
359 433
359 441
359 584
359 626
360 420
360 558
361 449
361 456
361 511
361 514
361 547
361 580
361 613
362 548
362 618
362 885
363 1005
364 366
364 456
364 483
365 567
365 623
365 853
365 997
366 423
366 503
367 460
367 529
367 558
367 567
367 575
367 588
367 595
367 630
368 386
368 453
368 464
370 622
372 459
373 396
374 512
374 586
375 406
375 419
375 448
375 459
375 485
375 611
375 628
375 847
375 882
376 437
376 466
376 474
377 418
378 582
379 452
379 488
379 514
380 387
380 391
380 578
381 525
381 565
381 566
382 514
382 580
383 435
383 541
383 554
383 587
384 479
384 791
386 487
386 545
387 800
388 432
388 445
388 454
388 464
388 506
388 525
388 565
388 600
389 421
389 449
389 616
390 447
390 490
390 492
390 567
390 612
391 418
391 442
391 588
392 590
393 410
393 542
393 548
393 629
394 399
395 519
395 528
396 402
396 426
396 432
396 586
396 688
397 483
397 494
397 536
397 584
398 534
399 434
399 557
400 443
400 470
401 410
401 490
401 582
401 745
403 573
404 554
404 573
405 437
405 461
405 594
406 412
406 432
406 435
406 544
406 586
406 606
407 424
407 476
407 480
407 583
407 616
407 618
408 473
409 777
409 861
409 874
409 876
410 451
410 498
410 573
410 603
410 612
410 629
411 575
412 465
412 544
412 551
413 453
413 518
413 539
413 567
413 819
413 938
416 472
417 448
417 643
418 489
418 554
418 580
418 624
419 525
420 486
420 534
420 978
421 449
421 456
421 512
422 494
422 598
423 462
423 500
423 617
424 474
424 480
424 582
424 616
425 465
425 491
425 551
426 551
427 430
427 437
427 495
427 513
427 583
427 588
427 618
428 499
428 532
428 612
428 616
428 629
428 723
428 958
429 585
429 628
430 462
430 495
430 510
430 513
430 533
430 618
430 623
431 437
431 461
431 590
431 603
431 620
432 454
432 463
432 577
432 579
433 487
433 536
433 583
433 617
434 557
435 931
436 493
437 461
437 594
437 603
437 608
437 618
437 749
438 507
438 931
439 444
441 442
442 501
442 545
444 449
444 513
444 616
445 562
445 566
446 566
446 882
447 453
447 965
447 1001
448 511
448 549
448 563
450 485
450 611
451 532
451 612
451 629
451 721
451 730
452 578
452 610
452 697
453 539
453 938
454 627
456 458
456 483
457 554
458 462
458 511
458 537
458 557
458 620
459 603
459 609
460 464
460 567
460 623
460 948
461 594
461 793
462 494
462 536
462 559
462 604
462 626
463 531
464 517
465 491
465 539
465 551
465 557
465 647
465 716
465 728
466 468
466 625
466 649
467 470
467 572
468 649
468 870
469 604
470 546
472 475
472 520
472 556
472 580
473 535
474 475
475 520
475 556
475 580
476 480
476 490
476 621
477 549
477 594
478 545
479 480
479 527
479 609
479 628
482 488
482 674
483 602
483 604
483 605
485 611
486 625
487 493
487 598
488 558
488 897
490 510
490 529
490 533
490 536
490 548
490 629
491 496
491 525
491 551
491 699
492 516
492 623
493 501
495 618
496 498
498 561
498 931
499 532
499 629
501 522
501 550
501 592
502 557
502 625
503 857
504 555
505 519
505 526
505 540
506 586
506 622
506 848
509 575
510 573
510 630
510 777
511 605
511 958
512 728
513 532
513 545
513 618
514 607
515 888
518 612
518 623
518 641
519 621
520 526
520 580
521 585
521 618
521 628
523 528
523 617
524 531
525 566
526 540
527 624
527 925
528 529
528 556
528 571
528 580
528 601
529 588
529 675
529 803
529 938
530 560
530 630
530 938
530 1002
531 927
532 618
533 548
533 551
533 753
534 544
534 553
534 606
535 592
536 582
536 584
536 885
537 547
539 544
541 587
542 598
545 603
545 626
545 629
545 940
547 608
547 613
547 617
549 559
550 598
550 600
551 625
553 701
554 622
556 580
557 579
558 588
558 625
558 723
558 732
561 749
561 840
561 933
562 566
562 581
562 632
562 648
562 840
565 780
566 595
567 612
567 706
567 831
567 844
567 948
568 885
569 624
570 580
573 617
574 579
574 585
574 881
575 609
575 610
576 601
577 579
578 593
579 587
582 629
583 617
583 629
584 626
585 628
586 625
586 996
588 618
595 630
596 895
597 611
597 675
597 831
597 977
600 624
601 624
601 713
602 605
602 608
603 604
603 749
604 749
605 621
606 801
607 620
609 812
613 621
614 680
615 663
615 859
617 725
617 900
622 625
629 630
629 975
632 639
632 645
632 667
632 670
632 825
632 952
632 963
632 976
633 637
633 655
633 730
633 788
633 790
633 818
633 838
633 886
633 887
633 890
633 955
633 961
633 989
634 638
634 707
634 725
634 749
634 754
634 769
634 830
634 845
634 853
634 867
634 896
634 918
634 930
634 936
634 990
635 802
635 852
635 866
635 954
635 1000
635 1007
636 662
636 664
636 675
636 709
636 717
636 750
636 795
636 818
636 870
636 965
636 966
636 979
636 1001
637 655
637 659
637 694
637 696
637 724
637 799
637 871
637 886
637 887
637 909
637 955
637 996
637 1007
638 732
638 777
638 847
638 917
638 928
638 944
638 958
638 971
638 997
639 678
639 884
639 901
639 918
639 996
640 691
640 798
641 917
641 928
641 936
641 948
642 643
642 647
642 658
642 676
642 685
642 695
642 716
642 727
642 834
642 843
642 870
642 958
642 974
642 979
643 845
643 875
643 893
644 650
644 664
644 718
644 719
644 723
644 759
644 851
644 881
644 934
644 981
644 989
645 653
645 715
645 735
645 742
645 746
645 763
645 775
645 788
645 792
645 799
645 806
645 851
645 859
645 892
645 983
646 651
646 663
646 675
646 762
647 685
647 716
647 728
647 874
647 965
648 650
648 716
648 728
648 739
648 773
648 901
648 927
648 990
649 717
649 721
649 736
649 804
649 858
649 881
649 920
649 952
649 978
650 666
650 693
650 713
650 721
650 736
650 750
650 770
650 804
650 809
650 845
650 847
650 849
650 853
650 861
650 920
650 936
650 944
650 1002
651 722
651 773
651 855
651 880
651 974
652 672
652 694
652 714
652 891
652 982
653 696
653 735
653 746
653 814
653 851
653 912
653 949
653 981
654 679
654 681
654 691
654 724
654 738
654 760
654 772
654 782
654 787
654 817
654 826
654 828
654 836
654 878
654 935
654 959
654 961
654 970
654 991
655 658
655 660
655 677
655 699
655 781
655 796
655 820
655 863
655 874
655 969
655 1005
656 798
656 988
657 660
657 875
658 781
658 796
658 821
658 838
658 874
658 1005
659 714
659 727
659 732
659 749
659 750
659 754
659 755
659 812
659 829
659 841
659 884
659 936
659 962
659 979
660 982
660 1000
661 748
661 840
661 902
661 954
662 666
662 709
662 717
662 745
662 750
662 795
662 861
662 926
662 979
663 676
663 722
663 975
663 1001
664 696
664 709
664 750
664 790
664 792
664 829
664 836
664 912
664 959
664 979
664 1000
664 1002
665 710
665 975
665 1005
666 672
666 709
666 712
666 745
666 750
666 809
666 829
666 858
666 861
666 870
666 904
666 963
666 979
666 990
667 755
667 780
667 825
667 830
667 843
667 858
667 938
667 952
667 963
668 686
668 756
668 863
669 687
669 765
669 871
669 877
669 910
669 934
670 788
670 825
670 952
671 744
671 763
671 770
671 775
672 879
672 904
673 806
673 813
673 903
673 934
673 959
674 707
674 773
674 822
674 829
674 904
674 924
674 927
674 938
674 973
675 728
675 795
675 831
675 832
675 870
675 977
676 739
676 745
676 783
676 793
676 807
676 951
677 796
677 810
677 874
677 981
677 1005
678 720
678 736
678 764
678 874
678 881
678 884
678 901
678 922
678 987
678 996
679 691
679 734
679 757
679 760
679 762
679 781
679 807
679 826
679 991
680 742
680 942
680 988
681 719
681 725
681 807
681 900
681 933
681 954
681 986
682 702
682 737
682 745
682 814
682 915
683 840
683 880
683 896
683 937
684 685
685 769
685 821
685 834
685 974
686 765
686 901
686 942
686 955
686 959
686 962
686 982
687 694
687 754
687 797
687 837
687 847
687 859
687 862
687 940
687 972
687 982
688 804
688 837
688 841
688 857
688 917
688 920
688 944
688 965
688 990
689 757
689 959
689 986
690 767
691 724
691 734
691 738
691 776
691 794
691 817
691 826
691 964
691 966
691 967
692 763
692 808
692 837
692 847
692 851
692 869
692 882
692 909
692 942
692 972
692 973
693 713
693 732
693 774
693 812
693 845
693 849
693 853
693 857
693 879
693 891
693 893
693 923
693 936
693 944
694 737
694 760
694 837
694 859
694 924
694 1004
694 1007
695 774
695 794
695 857
695 863
695 992
696 742
696 851
696 912
696 942
696 972
696 983
697 844
697 859
697 934
697 994
698 883
698 893
699 717
699 738
699 739
699 821
699 835
699 840
699 860
699 894
699 957
701 838
701 883
701 992
702 706
702 731
702 751
702 775
702 785
702 865
702 871
702 892
702 956
702 983
702 1000
703 716
703 728
704 730
704 738
704 827
704 854
704 889
704 975
704 986
705 791
705 962
706 964
707 708
707 749
707 804
707 930
708 745
708 749
708 793
708 931
708 938
709 712
709 717
709 727
709 750
709 795
709 829
709 861
709 926
709 979
709 1002
710 739
711 806
711 883
711 912
711 934
711 999
712 764
712 838
712 857
712 882
712 920
712 939
712 944
713 714
713 732
713 778
713 812
713 853
713 904
713 923
713 928
714 727
714 742
714 754
714 763
714 792
714 844
714 912
714 924
714 936
714 942
714 959
714 972
715 760
715 797
715 799
715 820
715 875
715 949
715 994
715 998
716 727
716 728
716 730
716 736
716 740
716 897
716 917
716 990
716 1004
717 730
717 736
717 754
717 795
717 807
717 809
717 819
717 832
717 843
717 861
717 873
717 948
717 957
717 965
717 973
717 979
717 984
717 1002
718 723
718 730
718 756
718 759
718 858
718 886
718 909
718 994
719 911
719 964
720 762
720 779
720 846
720 926
720 967
720 969
720 993
721 861
721 920
721 940
721 958
722 728
722 733
722 897
722 1001
723 759
723 858
723 989
724 782
724 787
724 817
724 826
724 935
724 964
724 1006
725 755
725 803
725 900
725 930
725 984
726 828
726 937
726 971
727 728
727 754
727 781
727 829
727 962
728 730
728 736
728 740
728 834
728 896
728 974
728 1005
729 873
730 827
730 836
730 909
730 926
730 989
730 991
731 775
731 889
732 754
732 812
732 853
732 880
732 904
732 928
733 777
733 784
733 797
733 908
733 911
733 922
733 942
734 817
734 878
734 905
735 775
735 810
735 814
735 892
735 929
736 774
736 957
736 984
738 783
738 799
738 827
738 911
738 953
738 961
738 968
738 970
738 989
739 780
739 841
739 892
739 897
739 932
739 951
739 957
739 958
739 963
740 745
740 793
740 873
740 896
740 897
740 912
740 953
740 1002
740 1004
741 820
741 893
741 914
741 976
741 1005
742 746
742 754
742 859
742 868
742 887
742 925
742 940
742 978
742 981
742 982
743 771
743 798
743 866
743 945
743 954
744 749
744 763
744 770
744 772
744 776
744 782
744 887
744 911
744 933
745 793
745 814
745 829
745 836
745 896
745 926
745 990
746 753
746 760
746 869
746 887
746 895
746 955
746 983
747 798
747 875
747 935
747 991
747 1006
748 852
748 866
748 970
748 1000
749 752
749 755
749 784
749 918
750 829
750 870
750 926
750 961
750 990
751 785
751 864
751 875
751 899
751 931
751 1000
752 755
752 845
752 870
752 873
752 918
752 964
753 799
753 828
753 887
753 976
754 809
754 843
754 861
754 867
754 890
754 965
754 979
754 1002
755 825
755 907
756 778
757 779
757 787
757 832
757 945
757 977
757 1007
759 805
759 858
759 869
759 875
759 886
759 994
760 775
760 781
760 801
760 892
760 895
760 940
760 947
761 765
761 833
761 868
761 872
761 916
761 931
762 781
762 876
762 967
762 969
763 775
763 792
763 808
763 816
763 844
763 851
763 869
763 933
763 942
763 959
763 972
763 981
763 983
764 809
764 835
764 846
764 853
764 855
764 876
764 967
765 863
765 868
765 913
765 916
765 919
765 988
765 994
766 815
767 919
768 784
768 795
768 857
768 898
768 936
768 944
768 958
769 821
769 861
769 957
769 1003
770 787
770 805
770 828
770 935
770 955
770 995
771 884
771 907
771 950
772 858
772 895
772 940
773 845
773 846
773 853
773 927
773 985
773 990
773 1004
774 840
774 842
774 845
774 907
774 912
774 971
774 979
774 985
775 788
775 800
775 810
775 892
776 782
776 817
776 905
776 970
777 900
777 908
777 928
777 944
777 966
777 1003
778 812
778 879
778 880
779 932
779 985
780 784
780 848
780 860
780 951
780 987
781 796
781 1005
782 826
782 827
782 828
782 878
782 964
782 970
783 898
783 1001
784 797
784 880
784 897
784 918
785 864
785 899
785 1000
786 787
786 827
786 889
787 805
787 826
787 869
787 935
787 955
787 1006
788 800
788 816
788 836
788 982
789 791
789 857
789 867
789 938
789 940
789 944
789 978
790 883
790 1000
791 857
791 957
791 958
791 984
791 1002
792 808
792 813
792 837
792 859
792 940
792 959
792 981
792 982
792 998
793 862
793 904
793 990
794 932
795 890
795 923
796 863
796 880
796 937
796 976
796 1005
797 799
798 875
798 942
799 806
799 814
799 843
799 919
799 942
799 994
800 847
800 882
800 919
801 816
801 872
801 899
801 914
801 949
801 956
802 866
802 1007
803 884
804 857
804 920
804 936
804 938
804 939
804 944
805 811
805 826
805 887
805 995
805 996
805 1007
806 814
806 882
806 934
806 956
806 983
807 831
807 832
807 905
807 989
808 816
808 851
808 981
809 843
809 853
809 861
809 957
809 962
809 979
809 984
809 1002
810 814
810 856
810 910
810 963
811 996
812 853
812 880
812 904
812 928
812 978
813 814
813 862
813 892
813 903
813 941
813 998
814 836
814 887
814 915
814 934
814 983
817 905
817 967
817 970
817 991
818 838
818 887
818 911
818 935
818 968
818 982
819 846
819 867
819 906
819 928
819 948
819 969
820 823
820 914
820 946
820 983
821 994
822 959
823 946
824 874
825 873
825 907
825 922
825 952
826 964
826 970
827 832
827 889
827 909
827 935
827 977
828 849
828 886
828 887
828 909
828 955
828 961
828 970
828 996
830 918
830 930
830 990
831 843
831 948
831 960
831 967
831 977
831 993
832 889
832 909
832 945
832 977
832 1006
833 856
833 872
833 903
834 844
834 881
834 918
834 959
834 965
834 974
835 969
836 837
836 847
836 882
836 901
837 847
837 857
837 901
837 940
837 959
837 972
837 982
838 887
838 982
839 911
840 860
840 952
841 858
841 861
841 867
841 948
841 957
841 979
841 984
841 1002
842 912
842 919
842 947
842 971
842 988
843 846
843 861
843 948
843 979
843 984
843 1002
844 856
844 934
845 862
845 927
845 936
845 971
846 848
846 876
846 922
846 960
846 967
846 969
846 987
847 851
847 853
847 882
847 890
847 926
847 940
847 942
847 972
847 979
848 951
848 987
849 937
849 964
851 940
851 942
852 866
852 954
853 884
853 887
853 920
853 923
853 926
853 927
853 936
853 944
853 957
853 997
853 1002
854 945
854 1006
854 1007
856 903
857 920
857 936
857 944
858 873
858 879
858 881
858 920
858 953
858 975
858 989
858 990
859 882
859 901
859 924
859 929
859 939
859 940
859 942
859 982
859 999
860 918
860 932
860 937
861 867
861 873
861 879
861 896
861 923
861 940
861 948
861 957
861 960
861 965
861 979
861 990
862 904
863 868
863 874
863 1001
863 1002
863 1005
864 1000
866 954
867 879
867 948
867 957
867 960
867 965
867 979
867 1002
868 916
868 931
870 879
870 897
870 953
870 965
870 971
870 981
870 990
871 872
871 877
871 899
872 877
873 880
873 890
873 894
873 897
873 926
873 948
873 1002
874 880
874 939
874 1005
875 959
875 982
876 960
876 967
877 883
878 905
878 935
879 880
879 904
879 965
880 904
880 929
880 945
880 965
881 938
881 974
881 978
882 934
883 899
883 949
883 1007
884 893
884 897
885 957
885 978
886 955
887 895
887 912
887 955
889 909
889 964
889 977
890 894
890 926
890 973
890 990
891 921
891 925
891 953
891 1003
892 903
892 949
892 983
893 914
893 1001
894 926
895 910
895 923
895 955
896 1002
897 953
897 1001
898 1001
899 931
899 999
900 930
900 984
901 942
901 996
902 983
903 949
904 975
905 961
907 918
907 971
907 976
908 920
908 1003
910 955
912 919
912 959
912 971
913 915
914 1005
915 919
917 958
918 974
918 979
919 947
919 962
920 923
921 925
921 939
921 955
921 966
921 1003
922 927
922 953
923 957
923 979
923 984
924 929
924 947
924 982
925 1001
925 1003
926 979
928 936
928 944
928 948
928 958
929 938
929 939
929 945
929 982
930 966
930 979
932 985
933 986
934 942
934 962
934 982
934 999
935 998
935 1006
936 944
936 948
936 962
936 984
938 963
938 973
939 958
939 966
939 982
939 1003
940 944
940 959
940 972
940 982
942 981
944 958
944 978
945 977
945 1006
947 988
948 957
948 960
948 967
948 985
950 1005
951 987
952 963
952 966
952 978
952 979
952 984
953 965
953 975
955 963
956 983
956 1000
957 958
957 971
957 984
957 1004
958 979
958 984
959 974
960 967
960 993
961 970
961 979
962 998
963 978
964 991
965 974
965 979
966 1003
967 969
967 987
967 993
969 987
970 991
970 1006
972 981
972 982
973 982
979 990
979 1002
982 998
984 1004
987 993
991 1006
995 996
996 1007
997 1002
