#num-nodes
1111
#num-links
2743
#links
0 314
0 337
0 503
0 716
0 765
0 889
0 939
1 551
2 125
2 319
2 997
3 286
4 202
4 676
4 708
4 731
4 760
5 438
5 442
5 556
5 768
6 490
6 645
6 874
6 923
6 1028
7 123
7 490
7 713
7 1038
8 219
8 1004
10 152
10 170
10 359
10 667
11 97
11 993
12 16
12 294
12 545
12 874
13 246
13 355
13 436
13 643
13 734
13 1033
14 461
14 863
15 347
15 630
15 744
15 799
15 1072
16 417
17 208
17 444
17 716
18 30
18 370
18 530
18 699
18 976
19 146
20 580
20 1055
21 346
21 521
22 581
23 256
24 365
24 581
24 755
25 383
26 142
26 237
26 384
26 482
26 566
26 948
27 35
27 387
27 392
27 443
27 541
27 937
28 30
28 34
28 183
28 251
28 685
28 822
28 1088
29 51
29 142
29 266
29 476
29 543
29 673
29 775
29 1089
30 151
30 496
30 609
30 685
30 697
30 776
30 1075
31 450
31 673
31 937
31 1039
31 1089
32 451
32 1017
33 251
33 277
33 312
33 377
33 488
33 496
33 548
33 584
33 594
33 635
33 722
33 866
33 941
33 942
33 1029
34 340
34 713
34 761
34 941
34 960
34 982
34 1013
37 204
37 620
37 800
37 928
37 930
37 954
37 956
37 978
38 217
38 221
38 327
38 639
38 713
38 803
38 897
38 973
38 1040
39 61
39 573
39 586
39 595
39 691
39 893
39 896
40 415
40 552
40 577
40 918
40 945
42 418
42 613
42 791
42 921
42 946
43 188
43 262
43 387
43 392
43 443
43 470
43 527
43 531
44 205
45 391
45 414
45 712
45 1061
46 235
46 267
46 356
46 435
46 507
46 703
46 748
46 768
47 48
47 385
47 688
47 722
47 1064
48 605
48 727
48 859
48 860
48 1006
49 489
50 203
50 600
50 713
50 731
51 67
51 198
51 349
51 683
51 721
51 938
51 962
51 1039
51 1095
52 59
52 200
52 281
52 412
52 429
52 887
52 926
52 965
52 1005
53 367
53 545
53 977
54 251
54 340
54 607
54 713
54 749
54 776
54 821
54 1043
55 204
55 739
55 786
55 1025
56 123
56 414
56 860
57 317
57 910
58 64
58 80
58 142
58 236
58 261
58 263
58 337
58 451
58 751
58 764
58 819
59 244
59 429
59 573
59 610
59 820
59 861
59 887
59 1005
60 378
60 534
61 495
61 691
61 974
62 602
64 676
64 1085
65 295
66 494
66 811
66 1060
67 160
67 793
67 806
67 909
67 959
67 1076
67 1096
68 388
68 419
68 526
68 927
69 139
69 540
69 582
69 924
69 1047
70 76
70 84
70 625
70 746
70 876
71 634
71 959
72 76
72 119
72 1105
73 122
73 175
73 525
73 676
73 879
74 188
74 451
74 643
74 867
74 934
74 987
74 1011
75 157
75 458
75 516
75 575
75 608
75 633
75 765
75 903
76 362
76 625
76 824
77 315
77 319
77 389
77 639
77 829
77 863
77 1031
77 1084
78 121
78 132
78 159
78 343
78 353
78 366
78 883
78 1029
80 142
80 263
80 751
81 148
81 197
81 338
81 758
81 805
81 821
81 860
81 885
81 982
81 1010
81 1043
82 168
82 501
83 290
84 612
84 625
84 746
84 876
84 912
84 964
85 440
85 588
85 725
85 1014
86 188
86 333
86 626
87 251
87 259
87 404
87 911
87 942
88 898
88 1094
89 499
89 866
89 943
89 1018
89 1061
90 116
91 730
91 872
92 207
92 420
93 232
93 307
93 418
93 558
93 890
94 161
94 528
94 601
94 840
94 1058
95 176
95 658
95 853
95 872
95 981
96 97
96 164
96 269
96 296
96 613
96 1082
97 164
97 166
97 217
97 360
97 479
97 576
97 803
98 675
98 695
98 770
98 812
98 1075
98 1092
99 158
99 268
99 504
99 868
99 1011
101 346
101 963
101 1086
102 380
102 415
102 564
102 936
102 963
103 983
104 126
104 343
104 593
104 796
105 265
105 950
105 1052
106 125
106 315
106 319
106 342
106 361
106 506
106 723
106 976
107 128
107 233
107 991
107 1088
108 361
108 377
108 589
108 971
108 1040
109 130
109 246
109 373
109 520
109 642
109 734
111 613
112 211
112 223
112 1053
113 600
114 329
114 880
115 346
115 601
115 673
116 461
117 587
118 464
118 599
118 609
118 675
118 690
118 877
119 288
120 464
121 851
121 854
121 883
122 363
123 360
123 490
123 502
123 655
123 709
123 805
123 850
123 860
123 942
123 982
124 971
124 984
125 160
125 247
125 315
125 319
125 518
125 807
125 829
125 997
125 1064
125 1084
126 278
126 417
126 636
126 640
126 757
126 843
126 883
126 923
127 203
127 813
127 854
127 1060
128 1088
129 218
129 229
129 343
129 368
129 377
129 705
129 1082
130 246
130 288
130 373
130 520
130 734
130 741
130 753
130 1033
131 247
131 274
131 325
131 417
131 705
131 791
131 919
132 159
132 883
133 482
133 528
133 933
133 1020
134 443
134 476
134 516
134 632
134 839
135 859
135 983
137 354
137 725
137 908
137 921
137 1020
137 1041
138 163
138 322
138 608
138 889
139 259
139 285
139 540
139 678
139 837
139 1019
140 496
140 685
140 1045
141 969
141 985
141 1057
142 751
142 802
142 830
142 853
142 1020
143 517
144 373
144 544
144 947
145 314
145 776
145 889
145 989
146 373
147 155
147 429
147 606
147 1005
148 414
148 502
148 758
149 219
149 693
151 243
151 609
151 822
151 852
152 426
152 614
152 643
152 947
152 1032
153 165
153 382
153 410
153 767
153 1101
154 342
155 498
155 861
155 965
155 1005
156 217
156 422
156 803
156 1087
157 276
157 321
157 587
157 681
158 250
158 390
158 409
158 641
158 696
158 721
158 790
158 806
158 962
158 987
158 1053
159 366
159 717
160 319
160 364
162 165
163 509
163 581
163 739
163 938
163 1095
163 1109
164 994
166 361
166 647
166 724
167 515
167 621
167 683
167 857
167 920
167 931
168 184
168 377
168 501
168 712
169 384
169 782
170 359
170 884
170 904
171 465
171 505
172 242
173 464
173 662
173 1013
174 248
174 308
174 513
174 856
175 357
175 420
175 425
175 629
175 811
175 873
176 872
176 981
177 195
177 421
177 445
177 793
178 741
179 346
179 544
179 638
179 642
179 963
179 985
180 228
180 250
180 484
180 504
180 562
180 573
180 586
180 595
180 671
180 896
181 459
181 463
181 592
181 828
182 423
182 562
182 715
182 816
182 948
183 424
183 575
184 523
185 520
185 1012
185 1057
186 297
186 298
186 481
186 686
186 693
186 710
186 904
186 1044
186 1077
187 369
187 381
187 695
187 762
187 792
187 825
187 827
187 968
187 1006
188 213
188 333
188 459
188 492
188 592
188 626
188 679
188 692
188 853
188 1047
189 326
189 455
189 586
189 940
190 559
190 611
190 846
190 878
191 512
191 556
191 745
191 1081
195 209
195 421
195 590
195 830
195 1016
196 326
196 525
196 912
196 954
196 956
196 964
197 338
197 386
197 699
197 1018
197 1043
198 916
198 951
198 1039
199 351
199 591
200 244
200 345
200 412
200 429
200 610
200 861
200 926
200 965
201 276
201 595
201 1090
202 596
202 677
202 708
202 760
203 614
203 643
203 867
203 934
204 426
204 483
204 588
204 903
204 928
204 1014
204 1041
206 585
206 684
206 779
206 781
206 795
206 802
206 808
206 854
206 901
207 365
207 420
207 698
207 853
207 1090
208 444
208 517
208 696
208 765
208 889
208 939
209 216
209 331
209 392
209 453
209 516
209 582
209 590
209 793
209 830
209 909
209 937
209 1016
210 309
210 313
210 895
210 1098
211 223
211 276
212 304
212 537
212 635
212 815
212 865
212 1061
213 220
213 240
213 795
214 290
214 618
214 632
214 700
214 778
215 483
215 572
215 728
216 425
216 564
216 617
216 629
216 806
216 823
216 886
216 978
216 989
216 1026
216 1070
217 422
217 578
217 591
217 803
217 829
217 856
217 973
218 253
218 368
218 374
218 533
218 705
218 803
219 693
220 310
220 541
220 718
221 863
221 1049
221 1074
222 281
222 299
222 345
222 412
222 720
222 926
222 933
222 965
223 276
223 557
224 407
224 462
224 634
224 656
224 930
225 256
225 788
225 827
227 235
227 439
227 748
227 768
227 785
227 1093
228 459
228 795
228 937
229 241
229 274
229 791
229 809
230 531
230 592
231 1050
232 241
232 568
233 277
233 312
233 394
233 548
233 579
233 594
233 866
233 966
233 1010
234 759
235 267
235 507
235 664
235 1108
236 337
236 764
236 828
236 853
236 1017
237 384
237 397
237 407
237 631
237 689
237 782
237 948
237 1108
238 322
238 403
238 641
238 734
238 1072
239 704
239 739
239 1070
240 341
240 467
240 560
240 601
240 648
240 978
241 274
241 342
241 417
241 613
241 791
241 809
241 844
242 268
242 945
243 405
243 409
243 411
243 538
243 852
243 908
244 429
244 610
244 861
244 926
244 965
244 1005
244 1033
244 1058
245 281
245 720
245 1022
246 355
246 520
246 741
246 1033
247 274
247 382
247 730
247 740
247 807
247 855
247 897
247 1031
248 343
248 364
248 436
248 856
249 254
250 390
250 671
250 696
250 896
250 909
250 1015
251 277
251 367
251 496
251 545
251 713
251 776
251 866
251 941
252 253
252 307
252 310
253 997
254 539
254 1096
256 681
257 806
257 954
257 956
259 528
259 924
259 1019
260 495
260 935
261 332
261 449
261 692
262 387
262 392
262 470
262 527
262 736
264 614
265 950
265 999
265 1075
266 326
266 421
266 566
266 896
266 1016
267 356
267 507
267 512
267 745
267 748
267 768
267 1093
267 1094
268 581
269 306
269 309
269 895
269 991
270 642
270 734
270 741
270 985
271 580
271 1099
272 324
272 342
272 807
272 829
273 545
274 325
274 342
274 417
274 494
274 705
274 923
274 1082
275 341
275 479
275 756
275 915
276 321
276 463
276 879
277 283
277 304
277 312
277 584
277 594
277 754
277 788
277 865
277 866
278 417
278 461
278 636
280 571
281 345
281 429
281 965
281 1005
282 316
282 441
282 805
282 870
282 942
282 1006
283 360
283 422
284 507
284 512
284 664
284 666
284 748
284 775
284 797
284 1096
285 528
285 1019
286 416
288 544
289 735
289 782
290 700
291 447
291 455
291 514
291 540
291 766
291 777
291 798
291 940
291 1047
291 1065
292 507
292 785
293 745
294 310
294 372
294 513
295 918
296 740
296 803
296 855
296 858
296 897
296 946
296 973
297 628
297 1077
298 514
298 517
299 347
299 781
299 837
299 1073
301 417
301 615
301 981
303 705
304 312
304 404
304 548
304 822
304 866
304 1063
305 546
305 547
305 597
305 630
305 689
305 777
305 954
306 747
307 1082
308 364
308 591
308 754
308 792
308 856
308 919
308 925
309 717
309 895
310 337
310 513
310 660
310 679
310 939
311 1049
311 1064
312 316
312 548
312 584
312 866
312 877
312 1010
313 895
313 1098
314 392
314 522
314 614
314 692
314 889
314 934
314 939
315 319
315 342
315 639
315 670
315 829
315 1031
315 1084
316 441
316 496
316 697
316 870
316 946
316 1075
317 537
318 521
318 769
319 863
319 1031
319 1074
320 754
321 384
321 681
321 975
321 1072
322 522
322 772
322 849
322 962
322 1062
323 644
323 788
324 446
325 346
325 413
325 638
325 829
326 375
326 515
326 573
326 586
326 620
326 787
326 800
326 893
327 383
327 518
327 639
327 722
327 869
327 973
327 994
328 726
328 993
329 575
330 995
330 1053
331 387
331 590
331 721
331 839
331 935
331 959
331 1016
331 1020
331 1076
332 449
332 621
332 664
332 692
332 868
332 920
332 1011
333 459
333 626
333 660
334 519
334 520
334 954
334 956
334 1033
335 338
335 487
335 841
337 463
337 544
337 701
337 853
337 878
337 901
337 939
337 1017
338 369
338 655
338 713
339 400
339 535
339 540
339 782
339 948
339 1047
340 697
340 1087
341 479
341 688
341 915
342 506
342 639
342 791
342 807
342 883
342 1084
343 412
343 417
343 705
343 843
344 888
345 353
345 373
345 412
345 965
346 513
346 638
346 963
347 634
347 837
347 975
347 1041
348 735
349 389
349 626
349 679
349 683
349 834
349 863
350 813
350 846
350 951
351 946
351 1066
352 833
352 912
352 924
353 417
353 784
353 810
353 883
354 725
354 745
354 799
355 482
355 638
355 734
355 1072
355 1073
356 435
356 439
356 512
356 703
356 745
356 768
359 884
360 454
360 464
360 850
360 1024
361 506
361 576
361 706
361 927
362 625
363 938
363 1096
364 827
364 856
365 552
365 577
365 834
366 367
367 411
367 852
367 977
367 1043
368 374
368 919
369 559
369 695
369 812
369 982
369 1067
370 391
370 538
370 699
370 1013
371 439
371 708
371 754
371 1046
372 416
372 755
374 834
374 919
375 484
375 588
375 893
375 896
376 404
376 488
376 530
376 865
376 866
377 548
377 579
377 712
377 807
377 1001
379 501
379 712
380 463
380 614
381 490
381 670
381 792
381 852
381 885
381 1006
382 410
382 767
382 1101
383 855
383 994
384 407
384 750
384 782
384 948
385 494
385 545
385 591
385 639
385 801
385 807
385 976
385 984
385 1029
385 1064
386 441
386 490
386 769
386 1048
386 1052
387 443
387 470
387 503
387 527
387 596
387 793
387 1049
388 456
388 828
388 868
388 1105
389 459
389 626
389 679
389 683
390 668
390 696
390 1015
391 704
391 1043
392 421
392 443
392 470
392 503
392 527
392 721
392 889
392 909
394 398
394 460
394 526
394 594
394 619
394 825
395 524
395 742
395 748
395 785
395 1100
397 407
397 750
397 782
397 845
397 948
397 1108
398 537
398 865
399 485
399 656
399 786
399 1078
400 402
400 431
400 455
400 786
400 1070
400 1078
402 620
402 634
402 656
402 711
402 786
402 886
402 902
402 928
402 930
402 975
403 522
403 717
404 437
404 488
404 942
405 759
405 852
405 1002
405 1038
405 1051
405 1062
406 679
406 796
406 950
407 581
407 782
407 948
407 1104
407 1108
408 678
408 728
409 415
409 463
409 541
409 577
409 786
409 963
410 767
410 864
410 1101
411 1051
412 572
412 602
412 604
412 610
412 741
412 861
412 887
412 926
412 965
412 1033
414 571
414 758
415 552
415 577
415 894
416 652
417 705
417 791
417 809
418 571
418 966
418 973
419 458
419 545
419 585
419 808
419 983
420 679
420 873
420 1060
421 908
422 490
422 774
422 803
422 875
422 992
422 1087
423 562
423 715
423 816
424 950
425 629
425 677
425 956
425 978
425 1070
426 483
426 587
426 588
426 928
426 1014
426 1026
426 1032
426 1041
428 781
429 861
429 926
429 965
429 1005
431 753
431 1057
433 663
433 709
434 508
434 606
434 735
435 439
435 507
435 703
435 748
435 768
435 1058
436 854
437 774
437 914
437 932
437 960
437 1013
438 512
438 1081
439 507
439 703
439 748
439 768
439 783
440 689
440 998
441 490
441 571
441 805
441 891
441 1013
442 1081
443 692
443 793
443 908
443 1016
443 1020
443 1039
444 518
445 581
445 617
445 668
445 671
445 793
445 806
445 830
447 540
447 1047
447 1065
448 579
448 712
449 692
449 813
449 868
450 528
450 673
450 772
450 839
450 935
450 937
450 1039
450 1089
451 679
451 765
452 750
452 969
452 1054
453 716
453 765
453 807
453 868
453 939
454 593
454 914
454 1024
455 515
455 586
455 940
455 1070
456 957
456 1105
457 461
457 599
457 627
457 729
457 1075
458 469
458 585
458 633
458 955
458 1063
459 592
459 626
459 683
459 834
460 619
461 599
461 662
462 522
462 567
462 578
462 620
462 928
462 930
462 1010
463 755
463 859
463 873
463 921
464 662
464 826
464 970
464 991
464 1052
465 471
465 505
465 787
465 1070
466 468
467 680
467 978
467 1062
468 658
468 918
469 611
469 633
470 527
470 590
470 736
471 535
471 631
471 1054
472 898
474 669
474 677
475 538
476 509
476 718
476 894
476 963
476 998
476 1017
477 695
477 770
477 814
477 914
477 1102
478 747
478 749
478 960
478 1097
478 1105
479 756
479 883
479 915
479 1031
480 1053
481 851
481 1044
482 528
482 933
482 1016
483 572
483 1014
485 491
485 711
487 542
487 565
487 636
487 1006
488 534
488 1069
489 852
490 502
490 706
490 758
490 792
490 805
490 810
490 850
490 860
490 885
490 911
490 966
490 992
490 1006
490 1010
491 525
491 539
491 678
491 728
491 766
492 592
494 534
496 530
496 548
496 671
496 685
496 761
496 792
496 836
496 1045
497 907
497 970
499 822
499 881
499 1007
500 583
501 918
502 699
502 758
502 815
502 860
502 885
502 992
502 1038
503 517
503 606
503 696
503 772
503 832
503 871
503 889
504 557
504 845
505 595
505 787
506 706
506 958
506 1000
507 703
507 745
507 748
507 768
507 1081
508 730
509 579
510 656
510 889
511 606
511 746
511 794
511 912
512 745
512 1081
512 1093
513 642
513 643
513 735
513 863
513 894
514 692
514 752
514 798
514 853
514 908
515 586
515 611
515 621
515 940
516 590
516 601
516 793
516 830
516 896
516 909
516 1016
517 1094
518 639
518 927
520 702
520 734
520 741
520 763
520 961
520 1057
521 769
521 923
522 534
522 539
522 641
522 772
522 931
522 998
522 1072
523 1060
524 742
524 783
524 1004
524 1100
525 678
526 619
528 656
529 1080
530 571
530 594
530 697
530 976
530 1075
531 859
532 1087
535 540
535 1054
535 1065
537 594
538 1107
539 637
539 798
539 837
540 567
540 969
540 1047
540 1065
541 614
541 902
542 565
542 636
542 992
543 1039
544 985
545 674
545 925
545 984
545 1090
546 547
546 689
546 777
546 1104
547 777
547 1104
548 579
548 911
548 1048
548 1061
549 760
551 554
551 805
552 577
552 626
552 683
552 823
553 554
553 783
554 693
554 993
555 765
558 601
559 878
560 601
560 615
560 981
560 982
562 715
562 816
562 896
563 859
563 903
563 906
563 938
563 947
563 1091
564 617
564 629
564 668
564 804
564 806
564 978
564 1026
565 640
565 885
565 992
565 1063
566 799
566 1020
567 578
568 957
569 814
571 633
571 640
571 655
571 805
571 892
571 966
572 667
573 595
573 691
573 743
573 896
573 922
575 762
575 792
575 827
576 706
577 823
577 834
577 952
577 964
578 957
578 1010
578 1026
579 966
580 1055
580 1099
581 906
581 945
581 1004
581 1103
582 596
582 673
582 775
582 814
582 883
582 902
582 952
582 1046
584 635
584 1029
585 779
585 808
585 901
585 1029
586 691
586 940
586 1026
586 1070
587 902
587 1026
587 1041
588 928
588 969
588 1014
588 1026
588 1041
588 1070
589 807
589 880
589 1090
590 830
590 937
591 925
591 1036
592 614
592 643
592 683
592 834
593 796
593 1092
594 635
594 862
594 865
594 866
594 1001
595 787
595 896
595 922
596 849
596 1096
597 630
597 719
597 777
597 916
597 1059
598 775
598 889
599 627
599 662
600 606
601 680
601 794
601 829
601 988
602 887
603 869
604 743
604 929
605 856
606 789
606 798
606 1042
607 713
607 836
607 1043
608 903
609 690
610 861
610 965
611 752
611 857
611 878
612 626
614 643
614 939
615 981
615 1015
616 620
616 632
616 931
617 629
617 823
617 978
617 989
617 1026
617 1070
618 632
618 700
618 947
620 631
620 786
620 787
620 800
620 928
620 930
620 954
620 956
621 664
621 795
622 737
622 759
622 1007
622 1107
625 824
625 964
626 683
627 729
629 902
629 978
629 989
629 1070
630 631
631 787
631 845
631 954
631 956
632 719
632 931
633 655
634 656
634 671
634 959
634 975
635 865
635 1029
636 757
637 781
637 804
637 837
637 989
637 1073
639 722
639 994
639 1031
639 1074
640 803
640 992
641 975
641 1072
641 1073
642 702
642 734
642 741
643 683
643 704
643 867
643 934
644 803
645 976
645 1055
646 828
646 1083
648 739
649 723
649 751
652 706
652 1021
653 657
653 685
653 761
653 762
653 827
655 769
656 766
656 786
656 837
656 928
657 761
657 762
657 827
657 1043
658 872
659 793
659 798
660 834
661 797
662 697
662 970
662 991
662 1024
662 1052
663 709
663 710
664 868
665 701
665 842
666 687
666 738
666 742
666 1100
667 987
667 1032
668 671
668 696
668 766
668 772
668 793
668 909
668 1015
668 1042
669 678
669 1032
670 807
670 885
670 1031
671 696
671 839
671 896
672 890
673 935
673 937
673 988
673 1039
673 1089
674 726
674 801
674 897
674 984
674 1040
675 770
675 812
675 829
676 681
676 746
676 904
676 912
676 1070
676 1085
677 884
677 969
679 683
679 764
679 1011
680 696
681 886
681 907
681 1099
682 927
683 867
683 934
684 779
684 901
685 761
686 756
687 711
687 773
687 1094
688 756
688 915
688 983
688 1021
688 1066
689 725
689 750
689 777
689 1047
689 1065
689 1104
689 1108
690 1013
692 853
692 858
692 1083
695 812
695 825
695 1067
696 790
696 962
697 821
697 836
697 859
697 870
697 1023
697 1069
697 1075
700 778
700 945
701 1034
702 715
703 745
705 840
706 971
707 732
707 851
707 904
707 932
707 1077
708 754
708 760
709 805
709 874
710 851
711 773
711 1026
712 1061
713 982
713 1013
713 1043
714 760
714 1028
715 816
715 896
716 894
716 939
717 1063
718 901
718 963
719 787
719 931
719 1094
720 933
720 1022
720 1053
721 789
721 839
721 987
721 1076
722 1040
724 990
725 1047
726 801
726 1064
729 826
729 968
730 822
730 853
732 1054
735 800
735 956
735 998
737 860
738 773
738 1094
739 811
739 962
739 987
739 1095
740 803
740 817
740 844
740 855
740 897
741 753
741 763
741 921
742 1100
745 748
745 1081
746 912
746 964
746 1055
747 960
748 768
748 783
748 785
748 1093
749 821
750 782
750 948
750 1054
750 1104
751 802
751 894
751 934
751 939
751 1017
753 772
754 760
755 1025
756 915
756 983
757 923
758 982
758 992
759 1007
759 1035
759 1056
759 1107
761 827
761 1087
762 792
762 827
762 1087
763 767
763 893
763 896
763 969
764 963
765 854
765 894
765 934
765 939
766 789
766 1042
767 1101
768 785
768 1093
769 993
771 787
772 956
773 1094
774 822
774 875
776 941
777 1047
779 781
779 802
779 808
779 901
782 948
782 1104
782 1108
783 881
784 944
784 986
784 1021
786 886
786 928
786 930
787 878
788 895
788 1087
789 794
789 959
789 1042
790 963
790 1062
791 809
791 946
792 827
792 941
792 1045
793 806
793 830
793 1015
795 819
795 868
797 1096
798 921
799 956
800 893
800 954
800 956
800 1078
801 984
802 808
803 897
803 919
803 973
804 924
805 815
805 860
805 885
805 914
805 976
805 992
805 1010
805 1013
805 1045
806 959
807 880
807 1084
809 946
810 865
810 885
810 1006
810 1075
811 884
812 850
812 1003
812 1010
812 1067
813 846
814 1102
816 896
817 840
819 963
819 1017
820 965
820 1005
820 1058
821 825
821 961
821 1023
822 960
823 886
823 978
823 989
825 850
825 1067
826 1044
827 1035
827 1051
828 858
828 867
829 1031
829 1084
830 839
830 935
830 959
830 1016
832 833
833 834
835 932
835 968
836 992
836 1023
836 1045
837 1073
839 935
839 959
840 841
840 914
841 1082
843 1085
845 1054
845 1056
846 889
846 918
847 1075
849 916
849 962
850 860
850 885
850 1010
851 854
851 1044
852 1051
852 1102
853 1016
855 897
858 897
858 1098
859 873
860 1010
861 965
861 1005
861 1058
863 1049
865 866
865 1089
866 1049
868 934
868 1011
869 910
869 997
870 1069
871 1073
873 983
873 1060
874 915
874 1066
876 902
876 912
876 964
877 891
877 1024
881 1021
882 902
882 1022
882 1077
882 1094
884 904
885 992
885 1006
886 989
886 1026
886 1070
887 926
887 1005
889 961
893 954
893 1026
893 1041
897 919
897 994
899 944
899 986
899 1022
901 1017
902 964
902 1094
903 1062
903 1091
904 1077
906 962
908 1016
908 1020
909 1015
910 979
911 966
911 970
912 964
912 1078
913 1051
914 1092
915 1066
924 1073
925 1003
925 1036
926 965
926 1005
927 1044
927 1064
927 1090
928 952
929 930
932 935
932 968
933 935
933 1016
934 939
934 1011
935 937
935 1016
935 1020
935 1089
936 1026
936 1099
937 1039
937 1089
939 963
941 942
941 1045
943 1061
944 986
946 990
947 1032
950 999
952 1009
954 1000
954 1070
956 1026
956 1070
956 1078
960 1029
961 1014
961 1079
962 978
962 1095
963 1017
964 1078
965 1005
965 1058
969 1022
970 987
973 1040
975 1073
976 1010
976 1045
977 1010
978 1026
978 1070
982 1010
982 1013
986 1042
988 1039
989 1026
989 1070
991 1087
991 1088
996 1079
996 1097
996 1098
1002 1013
1004 1060
1007 1107
1012 1072
1014 1026
1014 1032
1014 1041
1016 1020
1019 1055
1022 1053
1023 1075
1026 1032
1026 1070
1027 1051
1029 1087
1031 1074
1031 1084
1034 1106
1039 1089
1040 1049
1047 1065
1056 1104
1059 1096
1072 1073
1073 1091
1080 1110
1097 1098
