#num-nodes
1184
#num-links
4990
#links
0 99
0 168
0 221
0 227
0 244
0 247
0 290
0 321
0 438
0 552
0 607
0 639
0 658
1 5
1 44
1 67
1 72
1 214
1 283
1 342
1 504
1 592
1 658
1 661
1 726
2 44
2 105
2 191
2 214
2 215
2 284
2 383
2 403
2 597
3 157
3 194
3 351
3 462
3 567
3 641
3 643
4 16
4 302
5 31
5 35
5 89
5 240
5 347
5 417
5 584
5 672
5 677
5 736
6 214
6 254
6 286
6 439
6 522
6 580
6 789
6 1120
7 71
7 549
7 615
7 683
7 686
8 62
9 86
9 172
9 207
9 252
9 297
9 309
9 327
9 408
9 462
9 575
9 580
9 629
9 686
9 1066
9 1081
10 32
10 306
10 412
10 551
10 597
10 649
11 85
11 117
11 346
11 408
11 441
11 448
11 453
11 454
11 515
11 675
11 714
11 985
12 128
12 177
12 278
12 284
12 322
12 333
12 531
12 600
12 604
12 649
12 653
13 78
13 79
13 101
13 105
13 180
13 260
13 486
14 116
14 321
14 459
14 531
15 243
15 279
15 948
16 543
16 664
17 156
17 191
17 384
17 476
17 531
17 538
17 564
17 665
17 677
18 528
18 610
18 640
19 40
19 85
19 123
19 413
19 473
19 573
19 588
19 598
19 608
19 611
19 660
19 664
19 707
20 27
20 89
20 102
20 217
20 267
20 502
20 540
20 571
20 598
20 632
20 645
21 143
21 145
21 547
21 621
21 702
22 105
22 200
22 411
22 417
22 433
22 587
22 624
22 672
22 677
22 736
23 24
23 234
23 248
23 308
23 412
23 418
23 585
23 731
24 32
24 60
24 62
24 83
24 248
24 249
24 412
24 546
24 645
25 478
25 518
25 553
25 618
26 188
26 891
27 32
27 48
27 94
27 102
27 176
27 199
27 213
27 252
27 267
27 324
27 372
27 381
27 460
27 469
27 510
27 516
27 522
27 542
27 571
27 572
27 579
27 590
27 626
27 642
27 645
27 646
27 943
28 64
28 239
28 256
28 299
28 390
28 439
28 490
28 636
28 694
28 699
29 40
29 380
29 404
29 434
29 482
29 501
29 543
29 678
30 224
30 248
30 249
30 319
30 461
30 505
30 617
30 649
30 673
31 240
31 347
31 389
31 417
31 496
31 656
31 662
31 677
31 731
31 732
31 736
32 171
32 177
32 324
32 359
32 383
32 442
32 524
32 527
32 546
32 626
32 627
32 658
33 70
33 393
33 475
33 510
33 575
33 868
33 1132
34 36
34 38
34 136
34 178
34 230
34 234
34 267
34 343
34 431
34 562
34 577
34 655
34 734
34 869
35 67
35 214
35 335
35 405
35 411
35 502
35 624
35 641
35 672
35 726
35 732
35 736
36 136
37 225
37 295
37 349
37 423
37 484
37 494
37 528
37 530
37 559
37 562
37 593
38 84
38 107
38 210
38 363
38 476
38 583
38 734
39 261
39 542
39 568
39 617
39 889
40 51
40 212
40 488
40 497
40 683
41 213
41 312
41 324
41 430
41 613
41 652
42 87
42 193
42 235
42 672
42 700
42 709
43 52
43 143
43 160
43 190
43 192
43 211
43 306
43 338
44 67
44 161
44 174
44 283
44 504
44 585
44 592
44 703
45 211
45 267
45 272
45 391
45 409
45 500
45 527
45 532
45 654
45 929
46 340
46 419
46 647
47 113
47 125
47 160
47 228
47 381
47 450
47 503
47 553
47 692
47 705
48 81
48 94
48 146
48 313
48 572
48 603
48 680
48 706
49 92
49 424
49 482
49 561
49 638
50 367
50 507
51 142
51 169
51 280
51 459
51 528
51 683
52 137
52 217
52 548
52 556
52 565
52 567
52 592
52 636
52 638
52 706
53 75
53 301
53 392
53 418
53 434
53 497
53 528
53 594
54 61
54 209
54 225
54 289
54 339
54 423
54 472
54 494
54 559
54 593
54 650
54 702
54 709
55 91
55 97
55 253
55 356
55 394
55 425
55 693
56 58
56 75
56 169
56 208
56 410
56 586
56 631
56 721
57 101
57 121
57 180
57 188
57 217
57 273
57 386
57 428
57 536
57 613
57 642
57 647
58 80
58 169
58 425
58 540
58 586
58 626
58 676
58 721
59 291
59 426
59 448
59 565
59 582
59 683
60 125
60 302
60 314
60 355
60 359
60 471
60 495
60 513
60 546
60 550
60 601
60 627
60 632
61 181
61 225
61 257
61 423
61 544
61 550
61 627
61 651
62 108
62 220
62 438
62 440
62 480
62 557
63 81
63 508
63 529
64 162
64 187
64 337
64 390
64 421
64 467
64 565
64 567
64 660
64 670
64 729
65 447
65 501
65 692
65 907
65 1061
66 116
66 407
66 475
66 523
66 731
67 97
67 283
67 288
67 331
67 426
67 429
67 441
67 451
67 502
67 504
67 592
67 726
68 88
68 407
68 409
69 72
69 96
69 124
69 248
69 317
69 396
69 479
69 667
69 709
70 97
70 104
70 121
70 219
70 272
70 296
70 344
70 398
70 470
70 566
70 676
70 685
70 687
71 131
71 615
71 683
71 686
72 262
72 396
72 592
72 742
72 807
73 208
73 294
73 296
73 470
73 535
73 688
74 117
74 148
74 271
74 277
74 293
74 353
74 368
74 394
74 455
74 469
74 506
74 514
74 515
74 519
74 535
74 591
74 622
74 637
74 697
74 725
75 169
75 208
75 289
75 392
75 410
75 443
75 686
75 721
76 97
76 179
76 181
76 296
76 394
76 541
76 609
77 157
77 160
77 207
77 218
77 228
77 251
77 261
77 270
77 286
77 342
77 360
77 379
77 395
77 464
77 489
77 612
77 641
77 646
78 79
78 121
78 180
78 258
78 260
78 310
78 386
78 422
78 428
78 594
78 633
78 679
79 180
79 260
79 310
79 358
79 422
79 427
79 428
79 536
79 679
79 1051
80 178
80 198
80 234
80 520
80 525
81 94
81 305
81 437
81 572
81 595
81 610
82 105
82 354
83 108
83 230
83 242
83 281
83 333
83 350
83 358
83 402
83 520
83 525
83 546
83 734
84 254
84 360
84 363
84 556
84 583
84 734
84 1067
85 96
85 190
85 288
85 353
85 396
85 548
85 594
85 602
85 611
86 91
86 297
86 575
86 1179
87 178
87 577
87 709
88 195
88 287
88 306
88 457
88 523
88 586
88 680
89 272
89 455
89 608
90 262
90 447
90 681
90 1009
91 231
91 236
91 306
91 312
91 324
91 356
91 389
91 430
91 540
91 571
91 630
91 652
92 101
92 366
92 428
92 464
92 638
93 131
93 580
94 397
94 415
94 510
94 542
94 579
94 614
94 1074
95 227
95 239
95 314
95 334
95 365
95 472
95 596
95 632
95 699
95 724
96 99
96 155
96 267
96 493
96 582
96 604
97 169
97 226
97 253
97 288
97 304
97 342
97 394
97 448
97 502
97 535
97 592
97 634
97 674
97 726
98 166
99 134
99 220
99 222
99 247
99 607
100 421
100 633
100 967
100 981
101 180
101 273
101 310
101 386
101 416
101 428
101 486
101 594
101 640
101 678
101 679
101 815
101 850
102 203
102 324
102 328
102 421
102 571
102 599
102 699
102 724
102 728
103 487
103 527
103 657
104 161
104 317
104 470
104 685
104 698
105 320
105 352
105 354
105 377
105 383
105 403
105 483
105 560
105 573
105 597
105 695
106 888
106 893
106 1023
106 1074
107 134
107 707
108 113
108 204
108 288
108 333
108 384
108 448
108 480
108 581
108 598
108 731
109 186
109 526
110 111
110 128
110 165
110 215
110 244
110 389
110 449
110 665
110 668
110 713
110 735
111 198
111 569
111 649
112 478
113 156
113 204
113 265
113 288
113 325
113 342
113 360
113 381
113 435
113 448
113 538
113 565
113 705
114 118
114 223
114 272
114 329
114 384
114 478
114 502
114 518
115 268
115 277
115 354
115 438
115 456
115 477
115 480
115 677
116 285
116 318
116 333
116 531
116 538
116 585
116 700
116 709
116 732
117 127
117 271
117 293
117 338
117 395
117 608
117 725
117 985
117 1020
118 174
118 272
118 585
118 604
118 618
118 731
119 177
119 249
119 284
119 461
119 557
119 569
119 600
119 649
119 656
119 690
120 307
120 481
120 1020
121 169
121 258
121 273
121 310
121 536
121 640
121 679
122 153
122 205
122 239
122 422
122 596
122 684
123 212
123 236
123 303
123 488
123 689
124 132
124 187
124 528
124 532
124 582
124 638
124 707
125 203
125 314
125 346
125 546
125 571
125 632
125 706
125 724
126 132
126 146
126 153
126 348
126 503
126 599
126 643
126 660
127 137
127 138
127 150
127 218
127 286
127 379
127 489
127 490
127 548
127 638
127 725
127 985
128 278
128 284
128 318
129 164
129 322
129 402
129 494
129 546
129 628
129 639
130 226
130 447
130 488
130 494
130 721
131 146
131 501
131 503
131 580
132 146
132 167
132 337
132 393
132 418
132 462
132 467
132 479
132 481
132 642
132 643
132 706
132 710
133 201
133 259
133 332
133 538
133 720
134 220
134 222
134 244
134 438
134 607
135 153
135 216
135 503
135 1118
136 573
137 147
137 151
137 292
137 342
137 352
137 556
137 558
137 592
137 612
137 689
138 157
138 375
138 435
138 444
138 503
138 526
138 629
139 267
139 298
139 382
139 410
139 462
139 542
139 579
139 629
140 154
140 156
140 178
140 198
140 347
140 452
140 468
141 408
141 555
141 706
142 154
142 159
142 393
142 568
142 734
143 146
143 313
143 366
143 631
143 633
144 407
144 563
144 620
145 435
146 187
146 289
146 372
146 382
146 421
146 462
146 633
147 218
147 228
147 286
147 379
147 395
147 415
147 489
147 556
147 689
147 737
148 149
148 163
148 166
148 174
148 217
148 272
148 293
148 323
148 326
148 426
148 429
148 454
148 455
148 478
148 514
148 546
148 591
148 663
148 689
148 698
148 731
149 217
149 457
149 461
149 514
149 627
150 214
150 272
150 288
150 342
150 353
150 502
150 518
150 725
151 240
151 292
151 359
151 389
151 504
151 556
151 689
152 369
153 216
153 239
153 365
153 472
153 503
153 596
153 1118
154 156
154 187
154 325
154 390
154 468
154 580
154 631
154 649
155 214
155 243
155 251
155 267
155 293
155 373
155 510
155 591
155 598
155 619
156 159
156 191
156 204
156 318
156 353
156 468
156 538
156 585
156 731
157 173
157 188
157 194
157 204
157 218
157 254
157 270
157 379
157 468
157 489
157 526
157 553
157 572
157 612
157 691
157 737
157 802
157 916
158 300
158 359
158 377
158 598
158 723
159 191
159 318
159 347
159 465
159 466
159 468
159 628
159 631
159 675
159 731
160 189
160 228
160 393
160 401
160 436
160 439
160 464
160 691
160 707
161 164
161 272
161 323
161 402
161 453
161 454
161 455
161 478
161 634
162 285
162 296
162 316
162 405
162 455
162 637
162 697
163 211
163 214
163 272
163 698
164 321
164 384
164 402
164 430
164 546
164 571
164 627
164 628
164 634
164 675
165 171
165 193
165 266
165 320
165 505
165 639
165 735
167 623
167 722
168 405
168 438
168 636
168 674
168 727
169 226
169 488
169 509
169 759
169 907
170 301
170 315
171 241
171 266
171 557
171 600
171 653
171 656
171 735
172 252
172 327
172 414
172 776
173 207
173 228
173 251
173 261
173 270
173 379
173 489
173 553
174 177
174 272
174 323
174 604
174 663
174 735
175 313
175 474
175 589
175 676
175 686
176 179
176 234
176 372
176 379
176 397
176 542
176 614
176 659
176 660
176 686
177 249
177 383
177 505
177 602
177 649
178 234
178 538
179 337
179 372
179 397
179 516
179 542
179 629
179 659
179 686
179 757
180 273
180 386
180 434
180 474
181 199
181 233
181 627
181 659
182 184
182 214
182 291
182 574
182 678
184 192
184 277
185 227
185 1132
186 374
186 406
186 512
186 629
187 462
187 468
187 475
187 537
187 691
188 260
188 330
189 218
189 228
189 251
189 261
189 265
189 270
189 360
189 379
189 464
189 708
189 737
190 492
190 563
191 198
191 347
191 389
191 461
191 468
191 475
191 731
192 275
192 331
192 487
192 704
193 198
193 246
193 347
193 449
193 505
193 557
193 628
193 655
193 672
194 204
194 265
194 276
194 381
194 468
194 590
195 248
195 300
195 303
195 407
195 459
195 488
195 523
195 554
196 262
196 475
197 272
197 294
197 387
197 508
197 529
198 234
198 347
198 389
198 465
198 655
199 229
199 337
199 377
199 381
199 421
199 435
199 590
199 694
200 336
200 411
200 433
200 451
200 464
200 489
200 493
200 496
200 636
201 246
201 259
201 557
201 655
201 720
202 335
202 408
202 434
202 555
202 578
203 314
203 324
203 632
203 724
204 207
204 325
204 360
204 381
204 538
204 553
204 590
204 705
204 731
204 737
205 256
205 299
205 684
205 889
205 1094
206 336
206 433
207 297
207 415
207 489
207 575
207 612
207 815
208 211
208 340
208 364
208 410
208 443
208 620
208 640
209 225
209 376
209 423
209 484
209 494
209 530
209 650
209 651
209 721
210 213
210 363
210 525
210 563
210 734
211 500
211 520
211 647
211 648
212 292
212 303
212 457
213 312
213 324
213 363
213 372
213 460
213 579
213 626
213 651
213 652
214 227
214 268
214 275
214 331
214 405
214 417
214 451
214 483
214 582
214 590
214 592
214 641
214 666
214 677
214 704
215 430
215 649
215 668
216 226
216 328
216 447
217 326
217 355
217 393
217 444
217 473
217 520
217 629
217 642
217 643
218 233
218 270
218 286
218 509
218 708
218 737
219 308
219 326
219 344
219 500
219 566
219 685
219 698
220 222
220 332
220 511
220 550
220 552
220 607
220 649
220 668
221 552
221 607
222 335
222 607
222 649
222 695
222 987
223 339
223 341
223 458
223 463
223 634
224 248
224 249
224 319
224 425
224 461
224 505
224 546
224 593
224 617
224 656
224 701
225 423
225 484
225 593
225 627
226 615
227 330
227 629
227 669
227 699
228 251
228 261
228 265
228 270
228 282
228 360
228 464
228 558
228 737
229 337
229 462
229 467
229 570
229 590
229 603
229 670
229 694
229 729
230 242
230 281
230 299
230 339
230 341
230 478
230 562
230 609
230 669
230 718
231 236
231 356
232 255
232 262
232 423
232 458
232 471
232 609
232 616
232 651
233 517
234 562
234 584
234 585
234 655
234 700
234 731
235 295
235 318
235 389
235 442
235 466
235 531
235 539
235 649
235 658
236 356
236 547
237 243
237 264
237 317
237 355
237 411
237 493
237 496
237 532
237 573
237 644
238 442
238 457
238 539
238 627
239 250
239 256
239 309
239 314
239 334
239 365
239 472
239 596
239 699
239 712
240 298
240 311
240 377
240 403
240 407
240 468
240 514
240 685
240 732
241 557
241 713
241 734
242 255
242 281
242 458
242 463
242 609
242 613
242 718
243 264
243 267
243 317
243 416
243 528
243 532
243 610
243 644
244 248
244 440
244 480
244 499
244 906
245 301
245 392
245 527
245 657
245 688
245 721
245 987
246 259
246 610
247 290
247 378
247 405
247 607
247 625
247 659
248 249
248 312
248 319
248 356
248 412
248 461
248 505
248 539
248 584
248 617
248 655
248 673
249 319
249 347
249 425
249 449
249 461
249 505
249 547
249 617
249 673
249 731
250 324
250 334
250 525
250 596
251 254
251 261
251 265
251 270
251 360
251 464
251 489
252 289
252 297
252 327
252 395
252 615
253 340
253 394
253 671
253 693
253 748
254 439
254 674
254 1053
254 1067
255 262
255 487
255 521
255 551
255 651
255 699
255 712
255 718
256 472
256 485
256 596
256 684
256 699
257 266
257 423
257 524
257 680
257 735
258 536
259 635
259 715
259 720
260 305
260 386
260 428
260 486
260 536
260 620
260 647
260 679
261 270
261 360
261 379
261 464
261 489
261 646
261 708
261 737
262 392
262 525
263 400
263 513
263 615
263 1076
264 267
264 532
264 644
265 381
265 489
265 517
265 550
265 553
265 606
266 639
266 653
266 720
266 735
267 309
267 346
267 479
267 542
267 571
267 620
267 644
267 738
268 320
268 354
268 456
268 480
268 668
268 677
269 407
269 891
270 311
270 360
270 379
270 464
270 472
270 612
271 275
271 293
271 323
271 353
271 368
271 581
271 591
271 601
271 618
271 622
271 626
271 637
271 704
272 307
272 323
272 453
272 454
272 455
272 460
272 469
272 519
272 604
272 605
272 618
272 634
272 637
272 663
272 687
272 697
272 703
272 731
273 362
273 386
273 520
273 588
273 724
274 616
275 288
275 331
275 342
275 417
275 597
275 622
275 704
275 727
275 1022
276 342
276 643
277 355
277 581
277 582
277 622
278 318
278 322
278 584
278 639
278 675
279 386
279 583
279 643
280 598
280 1067
280 1151
281 339
281 365
281 599
281 601
282 325
282 334
282 390
282 572
282 603
282 606
282 670
282 737
282 866
282 923
282 928
282 1087
283 307
283 333
283 502
283 504
283 574
283 592
283 690
283 725
283 726
283 727
284 322
284 438
284 499
284 569
284 600
284 649
284 653
284 701
285 331
285 335
285 591
285 619
285 665
285 987
286 382
286 395
286 489
286 522
286 548
286 610
288 331
288 332
288 333
288 342
288 370
288 407
288 502
288 504
288 583
288 592
288 726
289 485
289 647
289 686
289 728
290 320
290 405
290 438
290 639
291 354
291 591
291 697
292 556
292 689
293 408
293 514
293 515
293 574
293 575
293 585
293 725
293 734
295 322
295 326
295 349
295 350
295 423
295 514
295 559
295 568
295 657
296 358
296 363
296 375
296 406
296 470
296 512
296 1098
297 349
297 408
297 506
297 515
297 575
297 1081
298 311
298 382
298 399
298 410
298 468
298 492
298 497
298 686
299 308
299 478
299 506
299 601
299 609
299 663
299 687
299 718
300 457
300 523
300 554
300 586
300 905
301 315
301 391
301 392
301 476
301 487
301 527
301 657
301 688
301 721
302 487
302 530
302 564
302 584
303 310
303 457
303 523
303 554
304 388
304 573
304 590
304 602
305 437
305 595
306 356
306 357
306 430
306 487
306 551
306 613
306 713
307 323
307 394
307 574
307 609
307 1020
308 326
308 412
308 458
308 463
308 609
308 623
309 606
309 614
309 660
309 692
310 422
310 536
310 594
310 679
311 428
311 514
311 703
311 706
312 324
312 328
312 430
312 461
312 613
312 652
312 819
313 507
313 680
314 365
314 472
314 546
314 596
314 632
314 724
314 847
315 392
315 657
315 721
315 723
316 455
316 518
316 574
316 697
317 532
317 644
318 322
318 333
318 402
318 459
318 466
318 531
318 538
318 557
319 461
319 505
319 539
319 617
319 673
319 701
320 403
320 477
320 545
320 597
320 598
320 661
320 695
320 730
321 328
321 402
321 539
321 584
321 649
321 658
321 666
321 675
321 700
322 339
322 430
322 472
322 531
322 539
322 722
323 455
323 514
323 604
323 697
323 703
324 430
324 527
324 579
324 613
324 635
324 652
324 819
325 390
325 570
325 603
325 670
326 344
326 470
326 566
326 685
326 698
327 705
327 706
328 392
328 418
328 503
328 579
328 626
328 632
328 635
328 700
329 453
329 478
329 541
329 716
330 404
330 444
330 445
330 599
330 605
330 669
330 728
331 342
331 502
331 555
331 583
332 489
332 598
333 342
333 402
333 546
333 585
333 630
333 655
334 360
334 365
334 472
334 596
334 699
334 712
335 370
335 407
335 456
335 536
335 555
335 578
336 411
336 493
336 550
336 611
336 672
337 382
337 421
337 517
337 565
337 570
337 590
337 603
337 634
337 659
337 660
337 694
337 705
337 729
337 1009
338 464
338 614
338 645
338 697
339 341
339 472
339 491
340 425
340 535
340 619
340 620
340 647
342 411
342 437
342 489
342 502
342 515
342 591
342 592
342 618
342 697
342 726
342 789
342 795
343 452
343 562
345 513
345 588
346 372
346 394
346 441
346 469
346 479
346 644
346 716
347 452
347 628
347 630
347 672
347 675
347 731
348 485
348 615
348 1010
349 423
349 559
349 575
349 576
349 616
349 1179
350 379
350 388
350 585
350 612
350 655
351 411
351 453
351 571
351 662
352 456
352 496
352 545
352 695
353 515
353 618
354 370
354 383
354 483
354 545
354 560
354 695
354 701
354 730
354 795
355 578
355 579
355 583
355 643
355 716
356 572
356 586
356 597
356 667
356 701
357 681
358 418
358 428
358 679
359 377
359 389
359 556
359 571
359 689
360 395
360 472
360 572
360 580
360 641
360 643
360 928
361 547
362 447
362 507
362 587
362 714
362 738
362 970
363 522
363 583
363 734
363 819
363 1137
363 1168
364 473
364 535
364 620
364 693
365 444
365 472
365 596
365 601
365 632
365 699
365 712
365 1037
366 424
366 633
368 408
368 448
368 454
368 541
368 574
368 591
368 622
368 637
368 704
369 424
369 428
369 474
370 399
370 456
370 573
370 588
370 611
370 664
370 689
370 795
370 1138
372 381
372 397
372 462
372 469
372 479
372 522
372 589
372 605
372 636
372 645
372 660
373 393
373 462
373 469
373 475
373 479
373 511
374 406
374 1115
375 406
376 380
376 399
376 404
376 445
376 458
376 463
376 494
376 543
376 619
377 383
377 398
377 403
377 439
377 483
377 540
377 545
377 560
377 644
377 685
377 695
378 493
378 677
378 736
379 388
379 489
379 612
379 708
380 543
380 678
381 450
381 553
381 641
381 645
382 404
382 407
382 489
382 548
382 737
383 398
383 403
383 477
383 483
383 547
383 560
383 597
383 598
383 656
383 658
383 690
383 736
384 402
384 453
384 518
384 564
384 675
384 724
385 396
385 521
385 581
385 625
385 781
386 610
386 966
386 1070
388 455
388 502
388 504
388 515
388 574
388 581
388 618
388 622
388 637
388 704
388 725
388 726
388 776
389 417
389 540
389 571
389 665
389 677
389 776
390 522
390 572
390 603
390 670
390 781
391 520
391 654
391 929
391 1052
392 423
392 487
392 657
392 688
392 721
393 436
393 475
393 1152
394 469
394 676
395 611
395 737
395 1098
396 681
397 462
397 485
397 542
397 614
397 629
398 440
398 480
398 540
398 545
398 727
399 492
399 605
399 674
401 436
401 497
401 691
402 453
402 539
402 546
402 584
402 585
402 675
403 483
403 545
403 560
404 445
404 485
404 513
404 543
404 599
404 631
404 728
405 411
405 417
405 433
405 639
405 677
406 611
406 620
406 629
406 1098
406 1115
407 523
407 554
407 563
407 573
407 662
408 441
408 506
408 1045
409 424
410 529
410 551
410 686
411 451
411 480
411 489
411 493
411 611
411 636
411 666
411 732
411 736
412 480
412 527
412 569
413 493
413 598
413 611
414 516
414 545
414 580
414 626
414 642
414 686
415 510
415 579
415 589
415 708
415 812
416 481
416 532
416 815
417 496
417 624
417 672
417 736
418 467
418 516
418 729
419 481
419 647
420 623
420 716
421 467
421 517
421 570
421 645
421 706
421 729
422 424
422 594
422 638
422 679
423 445
423 484
423 530
423 559
423 585
423 593
423 616
423 630
423 651
423 667
423 709
423 717
424 434
424 496
424 594
424 752
424 1093
425 427
425 540
425 648
425 667
426 502
426 564
426 575
426 591
426 622
426 697
426 726
428 679
429 575
429 591
429 622
430 494
430 652
431 562
431 577
431 869
432 578
432 710
433 754
434 501
434 640
435 436
435 450
435 490
435 629
435 643
435 694
435 717
435 957
436 475
436 488
436 510
436 629
436 642
436 691
437 595
437 610
438 480
438 607
438 639
438 649
438 668
439 464
439 556
439 558
439 580
439 670
439 724
440 480
440 499
440 540
440 701
441 985
442 477
442 658
443 554
443 610
444 489
444 494
444 669
444 694
445 599
445 728
446 480
446 491
447 507
447 597
447 721
448 502
448 515
449 690
450 452
450 553
450 590
450 705
450 737
451 555
452 538
452 553
452 562
452 665
452 666
453 454
453 478
453 502
453 518
453 604
453 618
453 634
453 663
454 478
454 604
454 618
454 634
454 757
455 519
455 574
455 581
455 637
455 697
455 704
456 573
456 611
456 641
456 664
456 674
458 494
458 609
458 616
458 660
458 687
458 735
460 473
460 486
460 503
460 597
460 627
460 651
461 505
461 584
461 617
462 469
462 542
462 570
462 614
462 646
462 1141
463 494
463 593
463 616
463 660
464 691
464 737
465 480
465 656
465 731
466 531
466 557
466 649
466 655
466 731
467 536
467 570
467 589
467 670
468 580
468 660
468 1039
469 470
469 479
469 609
469 716
470 676
470 685
470 1101
471 487
472 503
472 596
472 626
472 632
472 655
472 706
472 712
472 761
473 474
473 511
473 535
473 629
473 693
474 511
474 631
474 693
475 1061
475 1152
476 734
477 598
477 658
477 661
477 668
478 511
478 518
478 663
478 718
479 609
479 686
480 540
480 568
480 701
481 527
481 535
481 568
481 610
481 672
481 688
481 833
482 507
483 560
483 597
483 695
484 494
484 530
484 700
484 702
484 709
485 513
485 526
485 642
485 684
486 678
486 1061
487 530
487 584
487 657
487 709
487 721
488 563
489 490
489 553
489 606
489 641
490 575
490 606
490 641
490 694
492 563
492 664
492 674
493 666
493 967
493 1022
494 530
494 536
494 559
494 593
494 650
494 651
494 721
495 627
495 722
496 587
496 665
496 666
496 672
496 677
496 736
497 528
497 710
497 714
497 723
500 520
500 527
500 566
500 648
501 575
501 623
502 515
502 564
502 592
502 637
502 725
502 726
503 684
504 592
504 695
504 726
505 569
505 617
505 639
505 672
505 673
506 514
506 575
506 591
506 1179
508 529
508 598
508 613
508 624
508 692
510 583
511 667
511 693
512 657
512 671
513 631
514 541
514 585
514 622
514 637
514 687
514 703
514 976
515 575
515 726
516 517
516 537
516 542
516 629
516 642
516 646
516 659
516 660
516 683
517 606
517 612
517 670
517 686
517 737
518 663
519 574
519 581
519 606
519 637
519 697
519 706
519 1039
520 648
520 654
522 544
522 564
522 583
522 646
523 554
526 706
526 802
527 535
527 657
528 723
529 624
530 559
530 562
530 593
530 657
530 667
530 709
531 675
532 561
532 619
532 644
532 660
532 684
534 685
535 540
535 620
536 605
536 679
536 932
537 542
537 629
537 642
537 686
538 675
538 700
538 731
539 584
540 607
540 701
541 687
542 609
542 642
542 660
544 606
544 1087
545 649
545 695
545 701
545 704
546 571
546 628
546 675
547 626
548 710
549 615
551 722
551 723
552 607
552 639
552 666
553 641
553 737
555 578
556 587
556 689
556 738
557 649
557 653
557 668
557 690
557 720
558 587
558 738
559 709
560 597
560 695
561 605
561 669
561 1171
562 630
562 655
563 571
563 624
564 581
564 630
564 663
564 703
565 570
565 603
565 705
566 676
566 685
567 570
567 629
567 662
567 705
568 573
568 628
568 889
569 658
569 661
569 701
570 580
570 603
570 670
570 729
571 587
571 662
571 724
571 738
572 614
572 642
572 646
572 928
573 591
573 611
573 664
573 674
573 693
573 721
573 987
574 618
574 637
574 697
574 704
575 1066
575 1179
577 660
577 721
578 1032
579 636
579 645
579 670
579 683
579 706
579 724
580 614
580 724
581 622
581 685
582 602
582 703
582 725
584 628
584 675
584 700
585 655
586 594
586 625
586 626
586 640
587 689
587 732
587 738
588 664
588 829
589 602
589 686
590 737
591 727
591 1125
592 641
592 725
592 726
593 616
593 651
593 709
594 679
596 632
596 699
596 712
597 598
597 649
597 653
597 667
597 678
597 1067
598 635
598 643
598 661
598 1067
599 613
599 669
599 728
600 653
600 656
600 690
601 609
603 659
603 670
604 618
604 619
604 697
604 703
605 686
606 737
608 611
608 644
608 660
608 725
608 755
609 718
610 613
611 641
613 651
613 1047
614 1078
615 683
615 686
616 651
617 673
617 701
618 619
618 663
619 650
620 654
620 715
620 718
621 647
621 648
622 637
623 660
623 682
624 692
627 632
628 675
628 724
629 659
629 1081
630 675
630 722
631 633
632 724
634 663
635 720
636 706
636 724
637 697
638 706
639 717
642 646
643 660
645 660
646 947
649 666
649 695
649 975
650 651
650 721
651 699
651 702
651 712
653 656
654 671
654 929
655 700
656 690
657 721
658 661
658 690
659 683
659 684
659 686
660 683
662 732
662 736
665 666
665 677
666 668
666 677
666 700
667 709
668 690
669 699
669 712
669 728
669 1171
670 729
672 736
673 700
673 709
675 700
676 685
677 732
677 736
678 721
679 721
681 730
681 1009
682 725
683 686
683 725
683 1010
684 715
684 834
684 889
684 1094
684 1106
685 687
685 698
686 1039
686 1119
687 716
691 707
692 733
693 777
693 804
693 1128
694 699
694 1108
695 727
699 712
700 709
708 732
708 737
712 768
717 731
722 965
724 1005
726 737
726 1020
727 1022
732 736
732 920
734 819
739 766
739 789
739 837
739 862
739 928
739 958
739 982
739 996
739 1012
739 1014
739 1030
739 1114
739 1120
739 1125
739 1158
739 1165
739 1172
740 879
740 893
740 1106
741 752
741 816
741 920
741 933
741 936
741 956
741 990
741 1025
741 1057
741 1115
741 1178
742 806
742 942
742 1014
742 1053
742 1067
742 1125
742 1133
742 1157
742 1158
742 1179
743 801
743 892
743 903
743 968
743 985
743 1044
743 1141
743 1159
744 751
744 756
744 801
744 819
744 831
744 972
744 973
744 1031
744 1044
744 1048
744 1112
744 1169
745 1156
747 768
747 781
747 787
747 810
747 864
747 882
747 886
747 919
747 939
747 964
747 1074
747 1076
747 1088
747 1104
748 804
748 1128
749 959
749 960
749 964
749 988
749 1048
751 768
751 787
751 788
751 809
751 886
751 944
751 1034
751 1042
752 883
752 885
752 920
752 1153
753 780
753 1113
754 838
754 848
754 885
754 1115
754 1170
755 950
755 1067
756 801
756 819
756 831
756 936
756 985
756 1044
756 1051
756 1170
756 1173
757 843
757 847
757 867
757 1033
757 1041
757 1053
757 1155
757 1158
757 1172
758 810
758 1001
758 1101
758 1136
758 1139
759 825
759 907
759 911
759 1151
759 1173
760 799
760 930
760 1023
760 1144
761 1087
762 780
762 807
762 825
762 831
762 848
762 911
762 927
762 1029
762 1129
762 1147
763 787
763 810
763 858
763 1028
763 1116
764 1017
765 769
765 782
765 808
765 852
765 878
765 903
765 908
765 916
765 923
765 943
765 949
765 957
765 988
765 992
765 1018
765 1056
765 1102
765 1117
765 1140
765 1148
765 1166
766 795
766 806
766 822
766 829
766 837
766 849
766 862
766 871
766 882
766 916
766 958
766 982
766 983
766 996
766 1012
766 1014
766 1030
766 1056
766 1098
766 1125
766 1133
766 1158
766 1165
766 1179
767 784
767 829
767 863
767 958
767 992
767 1072
767 1085
767 1123
768 809
768 886
768 944
768 1063
769 788
769 789
769 881
769 916
769 928
769 943
769 992
769 995
769 1019
769 1056
769 1104
770 777
770 852
770 912
770 916
770 941
770 1040
770 1053
770 1072
770 1085
770 1146
771 821
771 902
771 998
771 1164
772 793
772 800
772 828
772 857
772 926
772 1016
772 1059
772 1063
772 1112
772 1142
772 1153
772 1171
773 943
773 1062
774 866
774 878
774 1007
774 1040
774 1067
774 1146
774 1149
775 785
775 966
775 1070
775 1124
776 782
776 812
776 862
776 1060
776 1125
776 1165
778 790
778 793
778 836
778 846
778 914
778 950
778 987
778 1027
778 1085
779 1076
780 831
780 920
781 928
781 1086
781 1088
781 1091
782 852
782 878
782 899
782 908
782 957
782 974
782 1011
782 1038
782 1054
782 1083
782 1117
782 1138
782 1140
783 946
783 1063
783 1169
784 997
784 1001
784 1042
784 1062
784 1072
784 1123
785 791
785 817
785 831
785 836
785 877
785 953
785 955
785 1027
785 1032
785 1085
785 1142
786 817
786 1105
786 1142
786 1163
786 1174
787 788
787 852
787 858
787 873
787 947
787 990
787 1104
787 1116
788 873
788 914
788 915
788 940
788 1047
788 1116
789 822
789 837
789 849
789 863
789 871
789 882
789 958
789 971
789 973
789 996
789 1017
789 1030
789 1066
789 1079
789 1098
789 1114
789 1120
789 1125
789 1133
789 1154
789 1172
789 1179
790 891
790 960
790 965
790 970
790 1034
790 1088
790 1161
791 846
791 955
791 966
792 1048
792 1115
793 828
793 978
793 1059
794 805
794 858
794 861
794 884
794 910
794 936
794 977
794 982
794 994
794 1025
794 1031
794 1057
794 1100
794 1154
794 1164
795 829
795 839
795 916
795 1040
795 1104
795 1138
796 946
796 981
796 1076
796 1174
797 835
797 1002
797 1126
797 1136
797 1141
798 848
798 882
798 892
798 942
798 1025
798 1091
798 1094
799 930
799 1023
799 1086
799 1136
799 1161
800 828
800 857
800 928
800 1016
800 1059
800 1063
800 1112
800 1163
800 1171
801 892
801 915
801 1044
801 1051
801 1111
801 1170
802 843
802 975
802 1179
803 992
803 1082
803 1121
803 1150
804 1010
804 1033
804 1052
805 899
805 903
805 910
805 923
805 933
805 939
805 940
805 994
805 1005
805 1038
805 1138
806 812
806 840
806 916
806 1012
806 1018
806 1125
806 1135
806 1165
807 808
807 830
807 1138
807 1176
808 839
808 873
808 903
808 908
808 916
808 923
808 934
808 957
808 960
808 986
808 1040
808 1056
808 1102
808 1146
808 1148
808 1166
808 1177
809 928
809 1086
809 1160
809 1183
810 814
810 904
810 931
810 935
810 1062
810 1068
810 1096
810 1104
811 891
811 914
811 952
812 819
812 948
812 981
812 1081
812 1158
813 832
813 833
813 877
813 1003
813 1026
813 1036
813 1049
813 1142
814 826
814 836
814 891
814 903
814 904
814 957
814 987
814 992
814 1068
814 1089
815 820
815 821
815 846
815 865
815 953
815 1027
815 1034
815 1050
816 848
816 861
816 920
816 951
816 956
816 1025
816 1037
816 1094
816 1169
817 831
817 846
817 877
817 1032
817 1105
818 990
818 1072
818 1104
818 1161
818 1177
819 824
819 946
819 1021
819 1052
819 1077
819 1078
820 821
820 941
820 985
820 1034
820 1096
820 1161
821 978
822 849
822 862
822 976
822 1114
822 1125
822 1172
822 1180
823 843
823 975
824 905
824 980
824 1157
824 1176
826 847
826 945
826 988
826 997
826 1015
826 1034
826 1086
826 1087
827 829
827 1048
828 1016
828 1059
828 1063
828 1112
828 1171
829 859
829 968
829 997
830 866
830 934
830 939
830 1104
830 1138
830 1150
831 877
831 1032
831 1036
831 1105
831 1108
831 1111
831 1142
831 1170
832 877
832 905
832 926
832 1026
832 1093
832 1151
833 846
833 953
833 978
834 867
834 889
834 925
834 936
834 1000
834 1024
834 1094
834 1106
834 1144
834 1178
835 876
835 914
835 962
835 1004
835 1034
835 1126
835 1139
835 1141
836 846
836 953
836 955
836 1027
836 1050
836 1056
836 1097
837 849
837 862
837 875
837 948
837 981
837 1017
837 1043
837 1060
837 1114
837 1120
837 1125
837 1133
837 1164
838 848
838 911
838 956
839 908
839 916
839 934
839 940
839 1017
839 1064
839 1087
839 1138
840 849
840 862
840 871
840 901
840 928
840 958
840 983
840 996
840 1060
840 1098
840 1114
840 1125
840 1133
840 1158
840 1165
841 875
841 877
841 965
841 1029
841 1176
842 864
842 892
842 995
842 1059
842 1062
842 1176
843 975
843 988
843 1033
843 1041
844 872
844 1032
844 1035
844 1045
844 1118
844 1181
846 953
846 978
846 1027
846 1086
846 1091
846 1099
846 1124
847 945
847 947
847 1032
847 1064
847 1083
848 911
848 1000
848 1025
849 860
849 862
849 866
849 871
849 923
849 971
849 1060
849 1114
849 1133
849 1135
849 1138
849 1154
849 1165
849 1179
850 894
851 902
851 993
851 1010
851 1022
851 1039
851 1066
851 1130
851 1132
851 1138
851 1155
851 1157
852 908
852 916
852 923
852 938
852 940
852 943
852 961
852 986
852 999
852 1018
852 1040
852 1146
853 981
853 1021
853 1087
853 1155
854 899
854 910
854 936
854 961
854 1038
854 1055
854 1086
855 863
855 939
855 943
855 978
855 991
856 860
856 872
856 963
856 976
856 977
856 1012
856 1065
856 1100
856 1110
856 1157
856 1164
856 1181
857 890
857 1016
857 1031
857 1059
857 1063
857 1112
857 1171
858 900
858 903
858 904
858 977
858 1077
858 1116
859 979
860 862
860 982
860 1012
860 1014
860 1066
860 1100
860 1120
860 1133
860 1154
860 1158
861 924
861 977
861 1057
861 1094
862 871
862 983
862 996
862 1014
862 1017
862 1030
862 1043
862 1055
862 1133
862 1158
862 1164
863 864
863 892
863 964
863 991
863 996
863 1030
863 1038
863 1040
863 1072
863 1079
863 1156
864 866
864 878
864 1067
864 1122
864 1124
864 1140
864 1149
865 953
865 958
866 878
866 909
866 919
866 923
866 928
866 964
866 968
866 997
866 1011
866 1054
866 1056
866 1087
866 1104
866 1138
866 1140
866 1150
867 936
867 1000
867 1041
867 1144
867 1178
868 873
868 899
868 903
868 950
868 974
868 978
868 987
868 1079
868 1102
869 924
869 1092
870 1093
871 901
871 928
871 1066
871 1133
871 1155
871 1165
871 1179
872 963
872 1057
872 1110
872 1181
873 899
873 908
873 909
873 916
873 933
873 959
873 964
873 990
873 1018
873 1038
873 1086
873 1146
873 1148
874 1038
874 1062
874 1102
874 1123
874 1156
875 887
875 902
875 1029
875 1039
875 1076
875 1129
875 1164
876 914
876 962
876 984
876 1004
876 1034
877 998
877 1105
877 1111
877 1142
878 908
878 933
878 1040
878 1067
878 1090
878 1117
878 1122
878 1138
878 1149
879 973
879 986
879 1034
879 1106
880 1008
880 1023
880 1094
880 1105
880 1107
880 1131
881 912
881 974
881 989
881 1067
881 1097
881 1122
882 895
882 919
882 960
882 964
882 1040
882 1104
882 1120
883 885
884 963
884 967
884 994
884 1022
884 1025
884 1061
884 1093
885 920
885 1035
885 1153
886 933
886 940
886 944
886 1074
886 1089
887 980
887 1010
887 1021
887 1076
888 939
888 1064
888 1126
888 1139
888 1160
889 1048
889 1106
889 1133
890 1031
891 894
891 947
891 1116
892 894
892 903
892 954
892 991
892 1011
892 1038
893 989
894 1068
894 1141
894 1163
895 918
895 1007
895 1034
896 1120
897 932
897 987
897 1015
897 1079
899 910
899 912
899 923
899 961
899 968
899 974
899 1005
899 1038
899 1102
899 1149
900 994
900 1031
900 1164
901 1098
901 1179
902 1039
902 1049
902 1125
902 1129
902 1157
902 1163
903 908
903 947
903 968
903 974
903 979
903 994
903 1008
903 1089
903 1129
903 1166
904 918
904 962
904 987
904 1004
904 1126
905 913
905 972
905 980
905 1022
905 1049
905 1084
905 1113
905 1131
905 1152
905 1176
906 1050
906 1127
907 1151
907 1173
908 909
908 916
908 923
908 949
908 957
908 1018
908 1040
908 1102
908 1146
908 1148
909 912
909 974
909 992
909 1018
910 923
910 967
910 1135
910 1177
911 1044
911 1170
911 1173
912 974
912 992
912 1014
912 1021
912 1058
912 1082
912 1165
913 946
913 1129
914 929
914 961
914 1047
914 1116
915 954
915 1044
915 1080
915 1141
915 1159
916 928
916 940
916 992
916 996
916 1040
916 1102
916 1140
916 1166
917 970
918 929
918 931
918 1143
919 939
919 981
919 1005
919 1040
919 1079
919 1110
920 958
920 1009
920 1035
920 1043
920 1164
921 1003
921 1061
922 1032
922 1121
923 987
923 997
923 1017
923 1098
923 1102
923 1122
923 1138
923 1140
923 1182
924 942
924 1006
924 1025
924 1037
924 1057
924 1061
924 1077
925 936
925 1000
925 1024
925 1094
925 1100
926 983
926 1036
926 1063
926 1112
926 1142
926 1170
926 1171
928 958
928 981
928 982
928 1014
928 1021
928 1087
928 1114
928 1120
929 931
929 952
929 1031
930 1023
930 1116
930 1149
931 1058
931 1143
932 960
932 961
932 988
933 990
933 1038
933 1057
933 1074
933 1096
933 1122
934 966
934 968
934 1013
934 1056
934 1070
934 1075
934 1088
934 1138
934 1177
935 1068
935 1096
936 963
936 977
936 990
936 1000
936 1006
936 1025
936 1038
936 1094
936 1100
936 1154
936 1169
936 1178
938 960
938 1040
938 1109
939 978
939 1000
939 1005
939 1074
940 957
940 992
940 1019
940 1083
940 1104
940 1138
940 1140
941 986
941 1160
941 1161
941 1166
941 1177
942 1025
942 1073
942 1144
942 1163
942 1165
943 992
943 1062
943 1177
944 978
944 1091
945 947
945 1083
945 1137
945 1141
946 1129
946 1131
947 966
947 1064
947 1123
948 1017
948 1133
948 1158
949 1018
949 1054
950 970
950 974
951 956
951 1031
951 1103
951 1164
952 1045
953 1005
953 1027
953 1091
955 961
955 1068
956 1037
956 1057
956 1115
957 978
957 992
957 1001
957 1040
957 1054
957 1056
957 1104
957 1138
957 1148
958 998
958 1012
958 1025
958 1114
958 1120
958 1125
958 1164
959 964
959 1001
959 1057
959 1146
959 1148
960 964
960 988
960 1086
960 1095
960 1109
960 1123
961 987
961 999
961 1005
961 1095
961 1143
961 1150
961 1166
961 1177
962 1004
963 967
963 1066
963 1110
963 1181
964 982
964 988
964 1015
964 1018
964 1074
964 1088
964 1089
964 1104
964 1146
965 1129
966 1070
966 1088
966 1146
966 1165
967 981
967 1017
967 1061
967 1119
968 992
968 1019
968 1068
968 1091
968 1104
968 1168
969 997
969 1034
969 1078
969 1107
969 1125
969 1174
970 974
970 1034
970 1044
971 981
971 1066
971 1133
971 1154
971 1158
971 1164
971 1179
972 1076
972 1108
972 1163
973 1034
973 1169
974 992
974 1019
975 1089
975 1174
976 977
976 1012
976 1114
976 1125
976 1180
977 1057
977 1065
977 1100
978 991
978 997
978 1007
978 1027
978 1034
978 1038
978 1075
978 1097
978 1124
979 1004
980 1010
980 1021
980 1022
980 1061
980 1119
980 1155
980 1163
980 1176
981 998
981 1022
981 1076
981 1119
981 1144
982 1014
982 1060
982 1133
982 1164
982 1165
983 996
983 1014
983 1029
983 1060
984 991
984 1123
985 1034
985 1083
985 1089
985 1173
986 990
986 991
986 1005
987 1102
987 1122
988 1018
988 1083
988 1123
988 1146
989 995
989 1055
989 1083
990 1038
990 1057
990 1064
990 1094
990 1096
990 1103
990 1178
991 1034
991 1038
992 997
992 1019
992 1082
992 1121
992 1150
992 1177
993 1155
993 1157
993 1179
994 1034
994 1038
994 1082
994 1175
995 1055
996 1014
996 1030
996 1043
996 1104
996 1125
996 1133
997 1042
998 1026
998 1062
998 1159
999 1084
999 1095
999 1177
1000 1024
1000 1031
1000 1048
1000 1169
1001 1002
1001 1042
1001 1079
1001 1104
1001 1136
1001 1139
1001 1160
1001 1168
1002 1042
1002 1136
1002 1139
1002 1160
1003 1032
1003 1049
1003 1108
1005 1024
1005 1182
1006 1037
1006 1057
1006 1077
1007 1143
1008 1023
1008 1090
1009 1022
1009 1135
1009 1157
1010 1021
1010 1115
1010 1179
1011 1099
1012 1017
1012 1026
1012 1041
1012 1114
1012 1125
1012 1158
1012 1165
1012 1172
1013 1018
1013 1045
1013 1088
1013 1177
1014 1017
1014 1114
1014 1120
1014 1125
1014 1133
1014 1135
1014 1165
1014 1172
1015 1079
1015 1097
1016 1063
1016 1112
1016 1171
1017 1060
1017 1110
1017 1135
1017 1138
1017 1165
1018 1038
1018 1058
1018 1079
1018 1088
1018 1148
1018 1166
1018 1183
1019 1055
1019 1067
1019 1088
1019 1089
1019 1104
1019 1138
1019 1145
1019 1168
1021 1060
1021 1132
1021 1133
1022 1095
1022 1155
1022 1180
1023 1086
1023 1161
1024 1169
1025 1057
1025 1061
1025 1100
1025 1169
1026 1036
1026 1045
1026 1164
1028 1112
1028 1116
1028 1141
1028 1145
1031 1037
1031 1071
1031 1169
1032 1078
1032 1093
1033 1073
1034 1038
1034 1175
1036 1142
1037 1057
1037 1077
1037 1169
1038 1079
1038 1182
1039 1049
1040 1069
1040 1146
1040 1166
1041 1164
1041 1172
1042 1136
1042 1139
1042 1160
1043 1098
1043 1172
1044 1051
1044 1170
1045 1143
1047 1088
1047 1117
1047 1137
1047 1161
1048 1169
1049 1167
1050 1055
1050 1080
1050 1156
1051 1052
1051 1129
1053 1056
1053 1067
1053 1165
1054 1087
1054 1089
1054 1140
1054 1177
1056 1067
1056 1089
1056 1140
1056 1165
1057 1077
1057 1178
1058 1095
1058 1169
1059 1063
1059 1112
1059 1171
1060 1135
1061 1073
1061 1152
1062 1090
1062 1096
1062 1123
1062 1164
1063 1107
1063 1112
1064 1126
1065 1100
1066 1081
1066 1120
1066 1154
1066 1179
1067 1079
1067 1104
1067 1122
1067 1165
1067 1177
1068 1127
1069 1167
1070 1145
1072 1123
1073 1076
1073 1105
1073 1165
1075 1138
1075 1182
1076 1131
1079 1117
1079 1139
1079 1166
1080 1156
1081 1120
1081 1158
1081 1179
1083 1127
1084 1107
1084 1131
1085 1087
1085 1134
1086 1123
1087 1088
1087 1177
1088 1089
1088 1091
1088 1104
1089 1104
1089 1146
1092 1182
1094 1144
1098 1125
1098 1138
1098 1165
1098 1172
1099 1130
1099 1132
1102 1146
1103 1122
1103 1137
1103 1149
1103 1173
1104 1122
1104 1138
1104 1156
1104 1164
1104 1168
1105 1108
1105 1111
1105 1131
1105 1137
1107 1163
1108 1153
1108 1163
1108 1174
1110 1118
1112 1142
1112 1163
1112 1170
1112 1171
1113 1174
1114 1120
1114 1125
1117 1138
1117 1140
1118 1178
1119 1176
1120 1125
1122 1137
1122 1149
1122 1161
1122 1168
1123 1156
1123 1161
1124 1146
1125 1154
1128 1169
1129 1153
1129 1159
1130 1155
1130 1157
1131 1152
1131 1153
1131 1163
1131 1179
1132 1157
1133 1154
1133 1158
1133 1179
1133 1180
1134 1162
1134 1183
1135 1155
1135 1164
1135 1165
1136 1139
1136 1160
1137 1141
1137 1168
1138 1140
1138 1148
1138 1150
1138 1177
1139 1160
1140 1149
1141 1162
1141 1183
1142 1171
1143 1150
1144 1154
1146 1148
1146 1166
1153 1159
1154 1179
1155 1182
1157 1158
1158 1172
1159 1164
1162 1181
1162 1183
1163 1174
1165 1172
1177 1182
