#num-nodes
542
#num-links
1925
#links
0 56
0 94
0 154
0 201
0 314
0 400
0 445
1 73
1 76
1 128
1 150
1 179
1 390
1 397
2 12
2 60
2 183
2 258
2 378
2 536
2 541
3 18
3 98
3 160
3 172
3 189
3 232
3 374
3 483
4 266
5 183
5 244
5 351
5 441
5 499
5 506
6 87
6 253
6 290
6 374
6 523
6 535
7 59
7 211
7 225
7 236
7 245
7 315
7 355
7 356
7 512
8 482
9 89
9 186
9 244
9 305
9 351
9 412
9 441
9 480
9 499
9 505
10 41
10 193
10 228
10 308
10 340
10 381
10 423
10 540
11 74
11 133
11 167
11 192
11 259
11 300
11 414
11 499
12 96
12 149
12 153
12 179
12 237
12 305
12 365
12 397
12 427
12 429
13 42
13 157
13 183
13 373
13 400
13 404
13 412
13 432
13 456
13 465
13 485
14 84
14 160
14 234
14 245
14 265
14 290
14 326
14 332
14 374
14 389
14 477
14 481
15 72
15 103
15 114
15 141
15 165
15 417
15 495
16 104
16 195
17 102
17 106
17 273
17 297
17 342
17 457
17 478
18 155
18 160
18 238
18 257
18 332
18 359
18 523
18 524
19 442
20 97
20 177
20 192
20 488
20 494
20 496
21 120
21 163
21 474
21 492
22 46
22 96
22 131
22 155
22 180
22 248
22 329
22 370
22 371
22 470
23 49
23 101
23 116
23 143
23 147
23 187
23 283
23 330
23 384
23 446
24 51
24 120
24 265
24 407
24 511
25 269
26 122
26 260
26 370
27 31
27 148
27 212
27 449
27 537
28 72
28 91
28 175
28 180
28 239
28 251
28 291
28 329
28 354
28 370
28 371
28 462
30 42
30 133
30 135
30 248
30 329
30 452
31 36
31 37
31 212
31 282
31 449
31 459
31 537
32 387
32 431
32 468
32 483
33 96
33 279
33 284
33 291
33 329
33 362
33 369
33 371
33 422
33 516
34 109
34 297
34 539
35 84
35 170
35 203
35 234
35 382
35 463
36 390
36 525
37 58
37 67
37 91
37 148
37 193
37 201
37 237
37 255
37 266
37 282
37 493
37 522
38 80
38 112
38 348
38 515
38 531
39 111
39 361
39 408
39 465
39 466
39 478
40 311
41 230
41 255
41 285
42 91
42 123
42 135
42 248
42 250
42 311
42 365
42 412
42 453
43 358
46 96
46 110
46 131
46 177
46 191
46 229
46 259
46 314
46 338
47 79
47 84
47 85
47 204
47 271
47 339
47 343
47 356
47 357
47 394
47 403
47 405
47 438
47 492
47 509
48 82
48 197
48 275
48 282
48 415
48 502
49 56
49 116
49 330
49 437
50 112
50 139
50 160
50 214
50 310
50 326
50 335
50 342
50 355
50 359
50 360
50 442
50 484
51 69
51 92
51 170
51 274
52 102
52 108
52 200
52 205
52 344
52 448
52 461
52 475
52 476
54 141
54 248
54 251
54 270
54 288
54 329
54 362
54 432
54 462
54 495
54 526
55 93
55 100
55 156
55 209
55 276
55 367
56 288
56 373
56 413
57 110
57 158
57 180
57 192
57 243
57 256
57 282
57 287
57 310
57 469
58 61
58 149
58 216
58 309
58 330
58 351
58 391
58 493
58 499
59 159
59 199
59 313
59 329
59 461
59 512
60 110
60 128
60 157
60 264
60 287
60 314
60 342
60 404
60 527
60 541
61 103
61 127
61 165
61 293
62 350
62 438
62 492
63 128
63 174
63 216
64 125
64 127
64 174
64 309
64 400
64 430
64 486
65 108
65 261
65 303
65 418
65 431
65 468
65 475
65 476
66 91
66 214
66 384
66 385
66 432
66 471
67 277
67 385
67 522
68 111
68 208
68 218
68 351
69 215
69 232
69 274
69 498
70 500
70 538
71 81
71 97
71 131
71 178
71 182
71 242
71 311
71 323
71 329
71 413
71 415
71 423
71 453
72 105
72 108
72 120
72 141
72 152
72 200
72 244
72 279
72 329
72 354
72 470
72 495
72 522
73 99
73 150
73 179
73 244
74 81
74 94
74 97
74 123
74 143
74 158
74 179
74 206
74 216
74 384
74 387
74 396
74 413
74 453
74 526
75 95
75 227
75 306
75 331
75 347
75 454
75 490
76 179
76 192
76 247
76 251
76 341
76 417
76 480
77 293
78 113
78 242
78 291
78 397
78 453
79 80
79 84
79 87
79 306
79 507
80 210
80 348
80 515
81 86
81 94
81 97
81 117
81 123
81 143
81 162
81 168
81 198
81 242
81 358
81 370
81 396
81 423
81 513
81 526
82 425
83 138
83 258
83 333
83 437
84 189
84 332
84 360
84 481
85 194
85 332
85 475
85 521
86 124
86 235
86 246
86 299
86 354
86 358
87 203
87 207
87 253
87 318
88 103
88 167
88 193
88 401
88 491
89 240
89 256
89 342
89 412
89 431
89 447
89 456
89 506
90 190
90 211
90 286
90 339
90 376
90 392
90 431
90 521
91 99
91 235
91 365
91 453
92 132
92 463
92 477
94 117
94 123
94 206
94 281
94 314
94 396
94 495
95 107
95 126
95 137
95 197
95 272
95 328
95 347
95 437
95 541
96 105
96 114
96 131
96 135
96 166
96 247
96 329
96 338
96 452
96 462
97 117
97 123
97 144
97 152
97 198
97 201
97 242
97 248
97 323
97 354
97 396
97 410
98 119
98 182
98 211
98 236
98 292
98 295
98 303
98 342
98 353
98 392
98 428
98 431
98 475
98 509
98 536
99 140
99 178
99 385
100 142
100 349
100 388
100 410
100 447
100 517
101 155
101 236
101 286
101 294
101 326
101 330
101 335
101 387
101 467
101 523
102 108
102 205
102 335
102 344
102 463
102 475
102 476
102 509
103 105
103 251
103 411
103 491
104 113
104 228
104 423
104 433
104 525
105 166
105 201
105 279
105 317
105 493
105 502
106 119
106 509
107 157
107 205
107 241
107 315
107 337
107 355
107 360
107 406
107 418
107 448
107 490
108 194
108 258
108 461
108 475
108 476
108 500
109 297
110 128
110 157
110 187
110 216
110 330
110 414
110 469
110 494
111 140
111 208
111 281
111 325
111 408
112 118
112 176
112 226
112 245
112 249
112 326
112 355
112 395
112 484
112 515
112 531
113 187
113 192
113 242
113 330
113 383
113 384
113 414
113 435
113 469
113 494
114 201
114 247
114 250
114 329
114 370
114 371
114 419
114 441
114 471
114 488
114 519
115 117
115 307
116 140
116 147
116 385
116 397
117 123
117 144
117 168
117 174
117 396
117 410
118 223
118 310
118 344
118 359
118 467
118 512
118 521
119 261
119 387
119 394
119 406
119 448
119 474
119 476
119 490
119 509
120 243
120 492
121 429
122 132
122 172
122 260
122 265
122 468
123 143
123 152
123 158
123 168
123 206
123 248
123 396
123 526
124 414
124 416
125 149
125 175
125 259
125 508
126 204
126 265
126 331
127 150
127 174
127 201
127 243
127 247
127 384
127 385
127 533
128 200
128 216
128 264
128 453
128 480
129 223
130 171
130 443
130 508
131 191
131 192
131 220
131 248
131 314
131 419
131 470
132 207
132 232
132 322
132 348
132 375
132 482
132 497
133 150
133 161
133 195
133 206
133 323
133 430
134 173
134 210
134 225
134 274
134 348
134 446
135 216
135 247
135 307
135 314
135 416
136 176
136 190
136 231
136 232
136 247
136 251
136 278
136 326
136 337
136 389
138 261
138 303
138 333
138 418
138 475
139 211
139 296
139 313
139 327
139 335
139 360
139 391
139 487
139 512
139 521
140 295
140 309
140 362
140 378
140 473
140 505
141 159
141 270
141 288
141 291
141 329
141 384
141 417
141 441
141 462
141 470
141 495
142 349
142 388
142 447
142 517
143 206
143 439
143 533
144 186
144 301
144 304
144 365
144 413
144 488
146 245
146 464
147 246
147 316
147 372
147 397
148 153
148 266
148 537
149 178
149 341
149 371
149 471
149 488
149 496
150 179
150 390
150 397
150 429
150 508
151 237
151 502
151 503
152 224
152 322
152 372
152 420
152 450
153 301
153 416
153 450
153 485
153 540
154 230
154 427
155 217
155 320
155 335
155 360
155 438
155 523
155 524
156 276
156 368
156 408
157 200
157 412
157 480
157 485
158 191
158 192
158 230
158 243
158 383
158 469
158 502
158 530
159 194
159 199
159 313
159 329
159 335
159 342
159 503
160 189
160 241
160 263
160 268
160 332
160 355
160 360
160 514
160 536
161 390
161 455
162 198
162 217
162 324
162 438
162 511
162 514
163 240
163 292
163 312
163 438
163 488
164 194
164 211
164 236
164 286
164 339
164 468
164 478
164 521
166 175
166 200
166 229
166 270
166 314
166 329
166 354
166 362
166 419
166 420
166 499
166 516
166 519
167 168
167 283
167 352
167 372
167 380
167 525
169 195
169 341
169 377
169 423
170 332
170 463
171 426
171 480
172 227
172 278
172 306
172 443
173 210
173 225
173 348
173 446
174 201
174 267
174 284
174 311
175 182
175 229
175 354
175 414
176 278
176 355
176 475
176 476
177 182
177 229
177 235
177 251
177 288
177 452
177 488
177 516
177 519
178 242
178 323
178 415
179 180
179 287
179 412
179 469
179 480
180 235
180 239
180 291
180 307
180 329
180 354
180 427
180 470
181 328
181 520
182 237
182 272
182 281
182 325
182 334
182 386
182 431
182 534
183 233
183 373
183 402
183 424
183 485
183 499
183 522
184 262
184 274
184 285
185 240
185 277
185 297
185 528
186 220
186 243
186 293
186 380
186 433
186 502
186 503
186 522
187 216
187 330
189 224
189 271
189 286
189 360
189 375
189 420
189 477
189 481
189 505
190 249
190 257
190 286
190 310
190 322
190 425
191 192
191 275
191 383
191 400
191 413
191 530
192 220
192 259
192 275
192 341
192 383
192 384
192 400
192 502
192 530
194 204
194 286
194 312
194 335
194 355
194 359
194 360
194 389
194 468
194 487
195 206
195 255
195 293
195 377
195 439
196 207
196 210
196 231
196 232
196 245
196 464
197 274
197 374
197 539
198 513
198 540
199 344
199 357
199 376
199 487
199 512
200 211
200 256
200 339
200 369
200 371
200 419
200 420
200 470
201 228
201 250
201 270
201 282
201 317
201 425
201 493
201 526
202 325
202 386
202 457
203 253
203 285
203 318
203 320
203 348
203 446
203 535
204 272
204 274
204 303
204 313
204 337
204 338
204 389
204 487
204 492
205 475
205 476
205 538
206 308
206 396
206 439
206 526
207 210
207 225
207 232
207 245
207 315
207 345
207 348
207 482
207 509
208 218
208 281
208 338
209 408
209 465
209 466
209 486
209 517
210 232
210 315
210 345
210 446
211 257
211 334
211 335
211 357
211 392
211 461
211 487
211 531
212 446
212 449
212 537
213 272
213 282
213 454
213 528
214 220
214 284
214 330
214 383
214 412
214 432
215 278
215 344
215 524
216 377
216 453
216 480
216 533
217 313
217 324
217 405
217 432
217 438
217 509
218 351
218 368
218 378
218 401
218 466
218 510
219 265
219 436
219 511
220 246
220 251
220 299
220 314
220 338
220 495
223 296
223 310
223 343
223 357
223 359
223 370
223 392
223 395
223 438
223 487
223 512
224 375
224 477
225 345
225 347
225 533
226 310
226 478
226 490
227 306
227 346
227 347
228 230
228 237
228 381
229 251
229 341
229 518
230 301
230 304
230 410
230 508
231 245
231 263
231 310
231 337
231 345
231 536
232 245
232 345
232 348
232 464
232 482
232 515
233 306
233 522
234 374
234 463
234 494
235 239
235 246
235 354
235 369
235 462
236 310
236 315
236 327
236 332
236 343
236 359
236 360
236 521
236 536
237 377
238 376
238 383
238 484
239 291
239 329
239 354
239 422
239 462
239 508
239 516
240 272
240 296
240 353
240 428
240 506
241 263
241 406
241 448
242 275
242 323
242 372
242 415
242 450
242 486
243 256
243 264
243 314
243 396
243 397
243 469
243 494
244 279
244 329
244 412
244 495
245 326
245 355
245 464
246 248
246 299
246 315
246 329
246 354
247 251
247 279
247 329
247 344
247 354
247 416
247 419
247 441
247 452
247 516
248 354
248 488
248 526
249 322
249 326
249 355
249 531
250 329
250 358
250 371
250 486
250 519
251 288
251 291
251 299
251 310
251 313
251 423
251 452
251 471
251 495
252 281
253 410
255 316
255 430
256 305
256 412
256 419
256 468
256 469
257 310
257 332
257 481
257 531
258 373
258 378
258 437
258 476
259 275
259 300
259 362
259 422
259 470
259 502
260 265
261 303
261 342
261 387
261 418
261 431
261 475
261 476
261 490
262 285
262 332
262 374
262 455
262 498
263 315
263 337
263 356
263 482
264 387
264 397
264 404
264 527
265 324
265 438
265 511
266 317
266 435
266 499
267 317
267 329
268 332
268 334
268 342
268 358
268 359
268 488
269 383
269 390
269 450
270 288
270 488
270 495
270 513
271 310
271 356
271 451
271 481
271 536
272 350
272 528
272 536
274 345
274 421
274 483
275 307
275 362
275 384
275 419
275 425
275 471
277 305
277 324
277 399
277 416
277 466
277 500
279 329
279 358
279 419
279 470
279 471
281 478
282 323
282 340
282 415
282 426
282 508
283 336
283 369
284 314
284 397
284 485
286 310
286 313
286 324
286 339
286 346
286 357
286 387
286 405
286 431
286 468
286 490
287 404
287 493
288 329
288 341
288 362
288 369
288 422
288 496
289 409
289 459
290 327
290 431
290 477
290 523
291 329
291 354
291 362
291 452
291 485
292 295
292 324
292 458
292 478
293 433
293 503
294 356
296 303
296 342
296 353
296 431
296 512
299 314
299 327
299 329
299 471
299 516
300 354
301 379
301 424
301 430
301 486
302 412
303 312
303 333
303 431
303 475
305 369
305 373
305 412
305 431
305 485
305 510
306 331
307 313
307 338
307 369
307 419
307 422
307 470
307 471
307 488
308 320
308 340
308 377
309 391
309 485
310 313
310 322
310 334
310 342
310 359
310 392
310 405
310 467
310 468
310 512
311 453
312 359
312 468
312 538
313 342
313 422
313 468
313 512
314 419
314 420
314 432
314 452
314 456
314 470
314 516
315 346
315 356
315 363
315 532
316 372
316 435
316 450
316 479
317 410
317 499
317 535
318 320
320 507
321 383
321 522
322 345
322 455
322 482
323 415
324 351
324 355
324 438
324 509
324 541
325 386
325 457
325 520
325 534
326 484
327 339
327 343
327 461
327 476
327 531
328 442
328 469
328 504
329 354
329 358
329 370
329 371
329 403
329 422
329 452
329 488
329 495
329 513
329 516
330 351
330 401
330 494
330 496
331 347
331 490
332 360
332 475
333 437
334 335
334 342
334 461
335 343
335 389
335 392
335 398
335 431
335 461
335 487
336 397
337 338
337 536
338 470
338 495
339 343
339 356
339 392
341 513
342 353
342 359
342 392
342 431
342 456
342 467
342 506
342 528
343 357
343 398
343 487
344 461
344 468
344 487
345 356
345 482
346 412
346 428
346 511
347 434
348 407
348 446
348 515
350 475
350 476
351 401
351 412
351 458
351 505
352 380
352 508
352 525
353 364
353 500
354 379
354 441
354 495
354 516
355 360
356 392
356 482
357 475
357 487
358 369
358 462
358 470
358 488
358 519
359 467
359 468
359 484
359 512
359 531
360 524
362 369
362 403
362 422
362 470
362 488
363 374
363 531
365 413
367 368
368 456
368 466
369 371
369 384
369 403
369 412
369 419
369 422
369 423
369 462
369 470
370 519
371 419
371 462
371 470
372 479
373 412
373 432
373 456
373 522
374 382
374 416
374 481
374 507
374 535
375 425
375 483
376 487
376 523
376 530
378 401
379 384
379 410
379 419
379 423
379 486
379 497
379 526
381 430
381 486
382 463
383 450
383 527
384 422
384 471
384 533
385 471
385 533
387 475
387 476
387 483
387 532
389 484
389 535
391 409
391 414
392 512
394 484
394 509
396 488
397 427
399 474
399 500
400 432
400 445
401 449
401 458
401 510
402 424
402 441
402 522
403 470
404 527
405 438
406 448
406 475
406 476
406 490
408 465
409 420
410 441
410 497
411 453
411 458
411 491
412 420
412 427
412 432
412 456
412 470
412 506
412 510
413 470
414 416
415 423
417 470
417 471
417 488
417 495
418 431
418 437
418 448
419 420
419 470
419 519
420 470
422 470
422 488
422 495
425 523
426 540
428 457
430 486
430 508
431 461
431 475
431 476
431 506
432 438
432 495
433 453
436 535
438 481
438 535
441 495
442 520
445 515
448 461
448 463
448 509
448 511
449 537
450 493
452 495
452 519
454 528
455 482
455 497
456 506
457 534
457 539
458 491
459 518
461 487
463 481
463 502
463 535
465 466
467 468
467 512
468 512
469 494
470 471
470 488
470 495
470 511
470 519
470 536
471 495
474 492
474 521
475 476
476 516
477 481
477 531
478 528
479 493
481 535
482 497
487 531
488 518
488 519
488 526
494 502
495 522
502 530
502 541
506 538
512 531
514 530
515 531
516 519
520 534
521 538
523 524
532 541
