#num-nodes
1229
#num-links
2541
#links
0 641
0 743
0 804
1 231
1 283
1 668
2 84
2 141
2 221
2 1151
3 135
3 371
3 737
3 832
3 852
3 874
3 1108
4 92
4 190
4 600
4 845
4 1116
4 1126
4 1171
5 9
5 105
5 241
5 368
5 1094
6 188
6 510
6 851
6 856
6 997
6 1013
6 1135
7 184
7 627
7 775
7 839
7 842
7 1172
7 1177
8 155
8 264
8 502
8 677
8 1166
9 241
9 345
9 368
9 426
9 457
9 506
9 927
9 1136
10 394
10 598
10 644
10 1106
12 151
12 224
12 767
12 1015
12 1182
13 429
13 620
13 980
14 74
14 162
14 547
14 656
14 1169
16 130
16 242
16 411
16 653
17 205
17 232
17 621
17 881
17 1015
18 279
18 381
18 720
18 759
18 986
18 1123
19 152
19 160
19 516
19 763
19 1109
19 1146
20 533
20 735
20 1045
20 1057
21 654
22 246
22 351
22 817
23 228
23 509
23 609
23 619
23 654
23 662
23 772
23 1021
23 1146
23 1191
24 495
24 1138
25 39
25 252
25 525
25 1080
26 236
27 37
27 45
27 78
27 185
27 239
27 364
27 555
28 206
28 271
28 527
28 617
28 831
28 1074
29 189
29 257
29 301
29 859
29 1003
30 69
30 101
30 243
30 453
30 800
30 1013
30 1032
30 1059
31 199
31 1114
32 262
32 540
32 763
32 863
34 390
34 738
35 382
35 467
35 634
35 1148
35 1155
36 234
36 291
36 343
36 361
37 45
37 239
37 296
37 499
37 555
37 1011
37 1056
38 273
38 282
38 704
38 718
38 1064
38 1180
39 656
39 899
40 202
40 261
40 363
40 386
40 698
40 842
40 849
40 879
40 1083
41 246
41 335
41 480
41 811
41 1053
43 292
43 475
43 486
43 621
43 627
44 109
44 184
44 253
44 573
44 702
44 709
44 778
44 1000
44 1116
45 239
45 296
45 555
45 1011
45 1056
45 1065
46 114
46 574
46 862
46 1007
47 53
47 440
47 987
48 201
49 115
49 604
49 891
50 169
50 356
50 534
50 813
51 285
51 946
52 67
52 79
52 305
52 847
52 994
53 81
53 176
53 202
53 400
53 413
53 434
53 517
53 616
53 871
56 725
57 137
57 776
57 849
57 963
57 1042
57 1153
58 607
58 613
58 780
58 1115
59 230
59 343
59 743
60 294
60 509
60 689
60 789
60 1010
60 1153
61 159
61 329
61 432
61 472
61 528
61 815
62 106
62 234
62 244
62 904
63 755
63 913
63 977
63 1081
63 1084
64 105
64 179
64 625
65 247
65 430
65 801
65 897
66 1104
66 1180
67 79
67 458
67 847
68 881
68 1082
69 1005
69 1059
70 81
70 115
70 127
70 202
70 275
70 1130
71 332
71 661
71 677
72 341
72 540
72 1037
73 375
73 524
73 614
74 162
74 547
74 648
74 1169
75 192
75 302
75 711
75 764
75 781
75 1174
75 1206
76 281
76 1223
77 152
77 156
77 1113
78 239
78 512
78 757
79 220
79 522
79 847
80 327
80 645
80 1071
81 202
81 544
81 574
81 1149
82 273
82 743
82 1064
82 1086
82 1170
83 232
83 416
83 507
83 1112
84 221
85 235
85 390
85 755
86 663
86 1198
87 225
87 233
87 358
87 578
87 739
88 221
89 224
89 292
89 317
89 836
89 922
89 961
89 1179
90 819
90 907
90 928
90 1100
91 141
91 785
91 946
91 1060
91 1213
92 190
92 845
92 1116
92 1126
93 121
93 189
93 622
93 803
93 1002
94 421
94 1004
94 1028
94 1215
96 610
96 712
96 1078
98 678
98 844
98 941
98 971
98 1061
99 333
99 399
99 703
99 715
99 1168
100 433
100 515
100 593
100 611
100 914
100 1129
101 243
101 471
101 800
102 506
102 801
102 1055
102 1123
103 224
103 392
103 395
103 541
103 1076
104 268
104 401
104 592
104 604
104 880
104 904
104 1078
105 312
107 354
107 528
107 815
108 251
108 306
108 492
108 760
108 957
108 1098
108 1161
109 601
109 647
109 679
109 745
109 799
110 160
110 372
110 516
110 693
110 1000
111 246
111 335
111 521
111 1192
112 831
112 976
112 994
113 260
114 176
114 413
114 742
114 871
114 986
114 987
115 166
115 446
115 769
116 850
117 195
118 412
118 697
118 750
118 854
121 142
121 159
121 289
121 716
121 803
121 1227
122 185
122 364
122 555
122 636
122 1065
123 315
124 430
124 602
124 1004
124 1186
125 218
125 337
125 355
125 453
125 485
125 548
125 549
125 840
126 147
126 573
126 1005
126 1059
127 238
127 431
127 446
127 476
128 331
128 766
128 771
128 843
128 1132
129 527
129 758
131 164
131 635
131 1097
132 1111
133 233
133 675
133 1154
133 1199
134 380
134 585
134 721
134 728
135 737
135 832
136 557
136 652
137 776
137 963
138 213
138 724
139 451
139 831
139 1158
140 186
140 191
140 734
140 783
140 1062
141 150
141 390
141 537
141 542
142 289
142 716
142 1200
142 1227
143 226
143 642
143 763
144 818
145 215
145 559
145 861
146 522
146 899
147 453
147 879
147 1126
147 1127
148 271
148 509
148 518
148 888
148 916
149 382
149 634
149 915
149 1148
150 869
150 990
150 1009
151 292
151 690
151 696
151 767
151 1182
152 346
152 516
152 1050
152 1068
152 1211
153 537
153 667
153 869
153 962
153 1009
153 1045
154 529
154 566
154 702
155 403
155 677
155 1166
156 424
156 536
156 778
156 1113
156 1171
157 582
157 831
157 992
157 1020
157 1044
157 1187
158 367
158 425
158 454
158 730
158 771
159 432
159 697
159 716
160 372
160 517
160 693
160 1001
160 1031
161 1026
162 527
162 547
162 648
162 656
162 658
162 899
162 994
162 1169
163 403
164 303
164 399
164 1008
164 1097
165 235
166 177
166 308
166 374
166 474
166 592
166 769
166 889
166 1101
167 310
167 1224
168 885
168 1068
169 356
169 361
169 813
170 785
170 790
170 839
170 899
170 1039
170 1083
171 770
171 1008
171 1079
172 393
172 480
172 564
172 590
172 735
173 269
173 483
173 640
173 798
173 1033
174 402
174 453
174 536
174 541
174 972
174 1118
176 202
176 400
176 413
176 536
176 742
176 984
177 216
177 308
177 374
177 541
177 669
177 773
177 850
177 924
178 659
178 935
178 1005
178 1127
179 559
179 625
180 417
180 491
180 732
180 916
180 979
181 841
182 265
182 430
182 546
182 989
183 520
183 633
184 583
184 828
184 845
184 1054
185 364
185 636
185 939
186 408
186 469
186 734
186 823
186 991
186 1062
187 354
187 1097
188 254
188 433
188 515
188 696
188 870
188 1135
189 569
189 803
189 1002
190 500
190 515
190 600
190 659
190 845
190 1032
190 1116
190 1126
190 1214
191 608
191 627
191 635
191 655
191 855
191 1141
192 870
192 1032
193 558
193 662
193 892
193 960
193 1209
194 245
194 305
194 565
194 701
194 1169
195 361
195 482
195 589
195 1216
196 1055
197 225
197 940
197 970
197 1082
198 540
198 550
198 761
198 835
199 375
199 565
199 706
199 992
199 1114
200 246
200 581
201 316
201 558
201 756
201 960
201 1087
202 212
202 317
202 363
202 446
202 535
202 536
202 576
202 665
202 713
202 1007
202 1083
202 1130
203 278
203 328
203 470
203 618
203 1041
203 1092
204 430
204 641
204 962
205 260
205 287
205 770
205 937
205 1003
205 1079
205 1208
206 451
206 491
206 617
206 629
206 831
206 979
206 1074
207 262
207 971
207 993
207 1095
207 1173
208 435
208 683
208 926
208 998
209 1196
210 312
210 459
210 562
210 990
212 616
212 842
212 898
213 724
213 1044
214 454
214 708
214 773
214 786
214 792
214 1061
215 383
215 559
216 374
216 773
217 218
217 1007
217 1038
218 355
218 548
218 561
218 839
218 935
219 287
219 426
219 591
220 226
220 337
220 567
220 657
220 847
220 958
220 1075
221 406
224 767
224 769
224 1025
225 233
225 578
225 868
226 489
226 567
226 642
226 1075
227 418
227 556
228 319
229 578
229 597
229 732
229 848
229 937
229 979
230 423
231 283
231 299
231 783
231 864
232 416
232 1015
232 1112
233 358
233 545
233 578
233 739
234 316
234 343
234 344
234 481
234 846
234 949
234 1183
235 260
235 281
235 660
235 755
235 1081
236 383
236 534
237 557
237 652
237 834
237 1157
238 338
238 340
238 668
238 751
239 555
239 1158
240 631
240 1122
240 1167
241 368
242 588
242 786
243 588
243 678
243 733
243 800
243 1013
243 1032
243 1113
244 976
245 348
245 968
245 1110
245 1206
246 558
246 590
247 1042
249 743
249 1179
249 1184
251 452
251 488
251 492
251 760
251 957
251 1098
251 1161
252 326
252 525
252 619
252 956
252 1074
253 413
253 723
253 775
253 858
253 984
253 1147
254 510
254 653
254 747
254 870
254 997
255 653
256 654
256 662
256 762
256 782
256 787
257 301
257 859
257 1003
257 1188
258 630
258 1189
259 380
259 432
259 859
259 1164
260 1061
261 347
262 390
262 678
262 971
262 1173
263 277
263 679
263 799
263 1145
264 502
264 668
265 430
265 546
268 967
269 483
269 970
270 397
270 584
270 603
270 820
270 941
271 498
271 518
272 621
272 651
272 857
273 704
273 1024
273 1064
273 1170
274 793
274 794
274 913
274 1048
275 446
275 665
275 862
275 1130
276 753
276 1067
277 647
277 679
277 745
277 799
277 1014
277 1145
278 328
278 470
278 618
279 381
279 720
279 759
279 1123
280 319
280 673
280 1019
280 1140
282 340
282 668
283 668
283 1102
284 415
285 1147
286 462
286 704
286 860
287 426
287 591
287 595
288 302
288 565
288 1079
289 427
289 716
289 934
289 1200
289 1227
290 754
290 1211
291 344
291 846
291 866
291 1216
292 621
292 742
292 1179
293 333
293 469
293 703
293 823
293 951
293 1102
294 417
294 689
294 1040
295 860
296 499
296 1011
297 626
297 955
297 1205
298 951
299 695
299 864
299 963
299 1066
299 1100
300 317
300 781
300 903
300 929
300 1163
300 1174
300 1178
300 1195
300 1199
301 1003
302 587
302 731
302 968
302 969
303 404
303 570
303 1008
303 1219
304 676
304 937
305 613
306 376
306 452
306 577
306 866
306 1161
308 374
309 462
309 974
310 810
310 908
310 931
311 323
311 1026
312 562
312 673
314 513
314 914
314 1218
316 344
316 522
316 675
316 757
316 949
316 996
317 903
317 978
317 1007
317 1195
318 878
319 673
319 1019
319 1140
320 628
320 765
321 441
321 574
321 669
321 879
323 1026
324 363
324 561
325 332
326 525
326 956
326 1134
328 470
328 618
328 1041
328 1092
328 1208
331 335
331 766
331 1132
331 1207
332 746
332 1066
332 1180
333 408
333 469
333 473
333 703
333 715
333 823
333 1102
334 404
335 811
335 857
335 973
336 339
336 387
336 389
336 508
336 783
336 822
337 548
337 657
337 790
337 958
338 342
338 565
339 1096
340 342
340 952
340 991
340 1062
341 616
341 1001
341 1105
342 565
342 952
342 991
342 1062
343 726
343 846
343 904
343 967
344 949
344 996
345 457
347 377
347 475
347 810
347 1129
347 1224
349 728
349 898
349 903
349 978
349 1158
350 710
352 504
352 1058
352 1063
352 1196
353 856
353 1130
353 1162
354 393
354 528
354 815
354 1097
355 548
355 1060
356 813
357 1034
357 1185
358 545
358 1183
359 447
359 884
360 413
360 550
360 634
360 692
360 1201
362 406
362 1009
362 1223
363 1083
364 555
364 1065
366 712
366 904
366 978
366 1216
367 730
367 771
367 784
367 862
367 1120
368 927
368 1219
369 581
369 866
369 901
370 626
370 692
370 717
370 862
370 1128
371 852
371 874
371 1070
371 1108
372 456
372 1001
373 549
373 1082
374 773
374 1101
374 1224
375 489
375 782
376 396
376 452
376 577
376 1052
377 810
377 1001
377 1146
377 1224
379 449
379 465
379 576
379 964
379 1190
380 440
380 444
380 981
381 403
381 759
382 467
382 634
382 1148
383 495
383 559
383 826
385 749
385 887
385 916
385 1110
386 786
386 849
386 1007
386 1201
387 389
387 508
387 816
388 459
388 464
388 877
388 1033
388 1111
389 473
389 508
389 534
389 816
389 1096
390 793
390 875
391 860
392 395
393 432
393 480
393 564
393 815
394 598
394 1093
394 1181
395 801
395 886
395 1123
395 1137
395 1172
396 451
396 617
397 603
397 1097
398 505
399 852
399 1008
400 413
400 616
400 871
401 592
402 696
402 741
402 922
402 1118
402 1212
403 791
404 660
405 465
405 516
406 502
406 882
406 1193
406 1212
408 469
408 473
408 703
408 823
408 1062
409 795
409 850
409 863
409 945
409 1171
410 604
411 413
411 713
412 854
413 536
413 871
413 984
414 753
414 1067
415 727
415 1012
416 507
416 560
417 428
417 518
417 582
417 916
417 1221
418 556
418 570
418 1063
418 1104
419 803
419 1002
420 677
421 560
421 1004
421 1066
422 434
422 453
422 708
422 922
422 1165
422 1220
423 861
423 1027
423 1040
423 1041
423 1098
423 1199
424 763
424 1113
424 1155
424 1171
424 1172
425 730
425 771
425 810
426 591
426 595
426 621
426 680
427 1227
428 527
428 777
428 837
428 983
429 924
429 980
431 491
431 545
431 745
431 979
432 815
432 859
432 1164
433 773
433 800
433 1129
433 1135
434 471
434 1220
435 683
435 918
435 926
435 986
435 987
435 1016
438 886
438 892
438 988
438 1078
438 1098
438 1154
441 669
441 671
442 820
442 962
442 1045
443 684
443 719
443 939
443 1198
443 1200
444 519
444 981
446 535
446 561
446 696
446 1007
446 1105
446 1130
447 592
447 620
447 884
447 980
448 537
448 542
449 535
449 652
449 1007
449 1205
450 645
450 664
450 1071
450 1176
451 617
452 534
452 648
452 658
452 731
452 957
453 500
453 708
453 1165
453 1220
454 708
454 722
454 771
455 663
455 1062
455 1198
457 912
457 927
457 1136
458 723
458 922
458 1075
458 1147
459 1047
460 693
460 1099
461 981
462 860
463 615
463 1198
463 1202
464 490
464 875
464 877
464 1203
465 867
465 1038
466 540
466 701
466 711
466 958
467 634
467 750
467 1148
468 630
468 676
468 752
468 1033
469 473
469 823
470 618
470 746
470 1092
471 510
471 747
472 528
472 643
472 1019
473 621
473 703
473 816
473 823
473 1102
474 754
475 486
475 627
475 775
475 1172
476 605
476 1073
476 1161
477 489
478 638
478 965
480 564
481 712
481 846
481 904
482 731
482 1087
484 651
484 674
484 675
484 950
484 1037
485 588
485 653
486 627
486 858
486 980
486 1172
487 521
487 689
487 807
487 1039
487 1192
488 492
488 1161
490 654
490 877
491 607
491 629
491 887
491 979
492 620
492 1161
493 793
493 794
493 928
494 512
494 837
494 975
494 983
494 1158
495 907
495 1138
497 650
497 825
497 1054
497 1133
497 1219
498 756
498 980
498 1026
498 1132
499 865
499 1011
499 1056
500 723
500 733
500 845
500 1116
501 544
501 627
501 671
501 875
502 677
502 882
503 879
503 946
504 1058
504 1196
505 1046
506 1055
507 630
507 1112
508 552
509 689
509 711
509 760
509 788
509 807
509 1152
510 851
510 870
510 997
511 1088
512 624
512 837
512 910
512 934
512 983
512 1149
512 1163
513 664
513 1071
513 1176
514 544
514 574
514 915
514 1014
515 1135
515 1146
516 1146
518 582
518 607
518 888
518 916
518 1020
518 1206
519 981
519 1151
520 629
520 632
520 633
520 925
520 1035
521 807
521 957
521 1010
521 1187
521 1192
522 1036
523 768
524 675
524 772
524 1027
525 956
525 1134
526 722
526 748
526 1214
528 815
528 1140
529 702
529 775
529 872
530 797
530 945
531 649
531 920
531 1140
531 1189
532 602
532 688
532 808
532 911
532 959
532 1085
533 651
533 667
533 735
533 1045
534 623
534 910
534 1096
535 665
535 932
535 1218
536 742
536 862
537 542
537 691
537 735
537 902
538 639
538 640
538 911
538 1028
539 882
540 835
541 980
541 1117
541 1132
542 735
542 902
542 982
544 686
544 1113
544 1150
544 1156
544 1165
545 578
545 979
546 819
546 1043
547 1169
548 891
548 1031
548 1213
550 692
550 955
550 1128
551 988
552 1095
553 801
554 683
554 688
554 926
554 998
554 1057
554 1186
555 636
555 682
555 1069
556 1063
556 1104
557 834
558 650
558 901
559 1047
560 1215
561 566
561 980
561 1117
562 644
564 1031
564 1132
566 665
566 670
566 932
566 1176
566 1218
567 915
567 917
567 1117
569 572
569 719
569 919
569 940
569 1107
570 639
570 1063
571 1135
572 919
572 940
572 1082
572 1107
573 851
573 890
573 1000
573 1005
573 1059
573 1127
573 1159
574 778
574 806
574 879
574 1083
575 763
576 906
576 1119
577 1161
578 715
578 840
578 1183
580 726
581 758
581 1087
582 1044
582 1187
585 721
585 897
585 1006
586 702
586 958
587 806
587 968
587 1026
588 862
588 922
588 1092
591 595
591 680
591 1048
592 884
593 612
595 615
595 680
597 969
597 1091
598 1093
598 1174
598 1181
599 1034
600 845
600 961
600 1116
600 1126
601 722
601 748
601 1214
602 808
602 918
602 959
602 1047
602 1085
603 886
603 988
603 1098
604 658
605 749
605 1035
606 821
606 925
607 780
607 1115
608 635
608 855
608 1141
609 619
609 644
609 830
609 1021
611 1129
611 1155
612 1162
612 1165
613 638
613 731
613 798
614 731
614 1168
615 877
616 1105
617 831
617 1074
618 1041
618 1092
619 746
620 846
620 980
621 943
622 684
622 719
622 821
622 1198
624 929
624 1070
624 1163
625 1171
625 1228
626 692
626 955
627 833
627 1172
627 1177
628 765
629 780
629 979
630 649
630 920
630 1033
630 1189
631 1091
631 1122
632 633
632 1035
633 925
634 1148
635 655
635 855
635 1141
635 1202
636 1065
638 711
638 888
638 965
639 640
639 1122
641 735
641 804
642 763
643 883
643 1019
643 1150
643 1156
644 1106
645 664
645 1071
645 1176
646 694
646 833
647 679
647 723
647 745
647 799
647 1014
647 1145
648 899
649 1189
650 825
650 1054
650 1094
650 1133
650 1219
651 857
652 653
652 871
652 895
652 958
653 1109
653 1113
653 1175
654 711
654 1191
655 694
655 833
656 899
657 958
657 966
657 1038
658 817
658 880
658 994
658 1087
658 1221
659 856
659 935
659 1005
659 1137
661 677
661 1104
661 1180
662 762
662 772
662 782
662 787
662 789
662 1026
663 1198
664 1071
664 1176
665 932
666 1034
667 721
669 1148
670 842
671 1172
673 1140
674 892
674 1027
674 1154
676 752
676 937
676 978
677 928
678 794
678 941
679 745
679 799
679 1014
679 1145
680 722
680 1167
682 788
682 886
682 1014
682 1069
683 926
683 998
683 1004
683 1057
684 821
684 939
684 1185
685 1139
686 753
686 812
687 1208
688 808
688 959
688 1186
688 1215
689 772
689 788
689 807
689 957
689 1010
689 1040
691 721
691 728
691 1006
691 1151
692 955
692 1128
692 1205
694 833
694 881
694 1202
695 864
695 907
695 928
695 1022
696 997
696 1135
698 861
699 894
699 1194
700 836
700 839
701 1169
702 872
703 715
703 823
703 952
703 977
703 1102
703 1168
704 718
705 864
705 963
705 1022
705 1066
705 1100
706 768
708 922
708 1165
708 1220
709 770
709 786
709 1000
709 1155
710 957
711 1191
712 904
713 1007
713 1201
714 1136
715 1078
715 1168
716 719
716 1227
718 1064
719 729
719 833
720 759
720 982
720 1080
720 1123
721 735
722 748
722 1031
722 1214
724 1193
725 912
726 910
728 978
729 804
730 771
731 734
731 1167
731 1221
732 916
733 838
733 845
733 1113
734 1062
734 1122
735 794
735 1223
737 832
737 860
738 784
739 1183
741 805
741 922
741 1029
742 871
743 871
743 1184
745 1145
746 909
746 937
746 1159
746 1204
747 870
747 997
748 1031
748 1214
752 814
752 995
753 812
753 1070
755 1081
756 994
757 949
758 831
758 1073
758 1087
759 1123
762 782
762 787
764 824
764 1210
766 1132
767 770
768 952
768 1046
769 1179
769 1211
770 1079
771 826
771 1132
772 788
773 792
773 800
773 866
773 889
773 914
773 1051
774 1054
775 828
775 891
775 1075
776 963
777 827
777 983
778 805
779 782
781 903
781 1195
782 787
782 980
783 864
784 1120
785 828
785 961
785 985
785 1029
785 1116
785 1149
786 858
786 862
786 895
786 932
788 789
788 1010
788 1014
788 1152
789 807
789 1010
789 1152
790 1190
792 806
793 981
793 1030
794 990
796 873
796 900
796 1207
797 945
797 948
798 1197
799 1014
800 1013
801 897
803 1002
804 849
805 862
807 1039
807 1192
808 959
808 1186
809 1127
810 895
813 896
813 953
814 979
815 944
815 947
817 866
819 907
819 928
821 893
821 939
822 989
825 1054
825 1133
825 1219
826 1136
828 840
828 1060
828 1116
828 1177
830 1021
831 900
831 1020
831 1044
831 1187
833 1202
834 1157
836 985
836 1179
837 934
837 983
837 1149
837 1163
838 1014
839 1025
840 1183
840 1212
842 982
844 943
844 1061
844 1080
845 1116
845 1126
846 1153
848 1027
848 1041
848 1069
848 1178
849 1045
849 1083
850 922
851 856
851 885
851 895
851 1212
852 874
852 1108
853 950
853 1078
855 1141
856 1005
856 1137
857 1054
857 1219
858 931
858 980
858 984
858 1075
858 1147
859 1164
861 865
862 984
862 985
862 1092
862 1162
862 1165
863 1086
864 963
864 1022
864 1066
864 1100
868 887
868 944
870 890
870 997
871 984
873 900
873 1207
874 936
874 1108
875 885
877 1033
878 989
879 1117
880 1216
881 905
882 1016
882 1049
883 1150
883 1156
884 980
885 1144
886 988
886 1098
886 1106
887 1079
887 1183
888 916
888 1053
891 1075
892 1154
892 1169
894 1194
898 904
898 1033
900 1207
901 960
902 990
903 978
903 1195
904 967
905 1058
905 1086
905 1225
906 1165
907 928
907 1022
907 1138
909 975
910 1096
911 918
911 1085
913 977
913 1084
913 1102
915 1177
915 1205
917 1068
918 1085
919 1107
920 1033
920 1189
921 938
921 1152
922 1029
923 1103
924 1068
925 1035
926 998
926 1016
927 991
927 1136
928 1100
928 1138
929 1163
932 1218
933 992
934 983
935 1137
937 1091
940 1082
940 1107
941 1061
946 1060
949 950
949 996
952 991
954 996
954 1217
956 1134
958 966
958 1075
959 1186
959 1215
960 1139
961 985
961 1149
961 1179
962 1009
962 1022
962 1045
963 1100
964 1176
968 969
968 1110
969 1091
970 1082
970 1097
971 993
971 1095
971 1173
972 1118
975 1047
977 1102
978 1158
981 1151
982 1125
983 1163
985 1037
985 1149
985 1160
986 987
986 1170
987 1170
988 1073
988 1098
990 1193
991 1062
992 1165
992 1222
993 1095
993 1173
995 1227
996 1161
996 1217
998 1186
1000 1214
1001 1076
1005 1059
1007 1083
1007 1130
1009 1193
1009 1223
1016 1049
1016 1208
1019 1140
1019 1156
1020 1044
1020 1187
1020 1194
1021 1093
1021 1191
1021 1205
1022 1100
1024 1064
1027 1040
1027 1041
1027 1069
1027 1154
1027 1178
1029 1149
1038 1184
1040 1098
1044 1187
1044 1194
1045 1057
1050 1190
1053 1074
1053 1115
1054 1133
1054 1219
1055 1062
1055 1102
1055 1136
1056 1065
1057 1186
1058 1196
1060 1213
1064 1170
1066 1100
1068 1102
1068 1175
1069 1178
1070 1108
1071 1176
1073 1087
1077 1081
1078 1131
1078 1209
1080 1158
1080 1174
1081 1084
1082 1107
1086 1170
1089 1114
1089 1142
1089 1222
1091 1145
1093 1174
1093 1181
1095 1173
1104 1180
1105 1159
1105 1179
1110 1206
1111 1197
1113 1171
1116 1126
1118 1165
1122 1167
1126 1213
1127 1162
1128 1205
1133 1219
1139 1207
1145 1147
1146 1155
1146 1211
1146 1224
1152 1223
1154 1178
1154 1199
1157 1160
1158 1160
1165 1220
1165 1222
1177 1201
1179 1184
1185 1198
1186 1215
1193 1223
1200 1227
1204 1216
1221 1222
