#num-nodes
1011
#num-links
4396
#links
1 55
1 73
1 99
1 174
1 198
1 231
1 276
1 335
1 348
1 398
1 426
1 843
2 152
2 316
2 321
3 6
3 137
3 153
3 160
3 172
3 225
3 231
3 311
3 326
3 866
4 6
4 49
4 80
4 119
4 149
4 283
4 315
4 391
4 404
4 446
4 457
4 574
5 31
5 166
5 208
5 266
5 327
5 331
5 424
6 68
6 79
6 250
6 389
7 8
7 9
7 39
7 55
7 122
7 153
7 176
7 226
7 261
7 279
7 372
7 904
7 947
8 40
8 47
8 50
8 114
8 176
8 275
8 299
8 356
8 389
8 406
8 412
8 436
8 739
9 12
9 23
9 38
9 52
9 60
9 182
9 184
9 196
9 217
9 225
9 294
9 314
9 322
9 349
9 360
9 729
9 891
10 35
10 40
10 45
10 95
10 148
10 226
10 252
10 310
10 325
10 386
10 415
11 164
11 202
11 264
11 266
11 363
11 578
11 719
11 839
11 850
12 46
12 48
12 243
12 258
12 274
12 294
12 354
12 389
12 412
12 421
12 431
12 435
13 41
13 132
13 265
13 303
14 126
14 207
14 208
14 369
14 377
16 207
16 214
16 300
16 316
16 351
16 357
16 424
16 922
17 112
17 132
17 203
17 271
17 281
18 46
18 123
18 183
18 190
18 378
18 382
18 664
18 764
18 929
18 1004
19 87
19 132
19 154
19 167
19 206
19 292
19 343
19 350
19 438
19 520
20 60
20 63
20 117
20 231
20 260
20 311
20 391
20 437
20 466
20 783
20 911
21 53
21 82
21 119
21 145
21 169
21 390
22 120
22 131
22 132
22 219
22 365
22 368
22 416
22 434
22 439
22 875
22 887
23 25
23 76
23 101
23 110
23 137
23 172
23 183
23 190
23 196
23 216
23 243
23 255
23 261
23 268
23 316
23 322
23 342
23 895
24 333
24 365
24 384
24 385
25 102
25 108
25 128
25 153
25 311
25 360
25 764
25 969
25 997
26 40
26 45
26 138
26 267
26 318
26 372
26 393
26 400
26 911
26 964
27 129
27 173
27 397
28 34
28 58
28 75
28 100
28 115
28 138
28 234
28 267
28 400
28 413
28 826
29 249
29 283
30 35
30 61
30 113
30 146
30 150
30 165
30 192
30 230
30 245
30 334
31 154
31 164
31 246
31 328
31 345
31 361
31 368
32 49
32 237
32 310
32 370
32 415
32 433
33 309
33 312
33 620
33 640
33 908
34 77
34 79
34 125
34 232
34 234
34 260
34 356
34 389
34 397
34 441
35 61
35 76
35 95
35 146
35 165
35 201
35 252
35 291
35 449
35 450
36 116
36 128
36 130
36 186
36 967
37 73
37 99
37 198
37 315
37 319
37 405
38 70
38 180
38 204
38 319
38 334
38 341
38 364
39 102
39 153
39 176
39 257
39 401
40 45
40 95
40 138
40 226
40 250
40 252
40 276
40 372
40 380
40 415
40 947
41 124
41 132
41 207
41 214
41 233
41 338
41 361
41 887
42 60
42 133
42 155
42 201
42 553
42 660
42 667
42 675
42 714
42 790
42 846
42 869
43 254
43 363
43 881
44 140
44 151
44 210
44 328
44 368
45 95
45 141
45 148
45 180
45 224
45 252
45 256
45 276
45 310
45 386
45 397
45 415
45 433
45 811
45 812
46 104
46 114
46 182
46 221
46 230
46 258
46 275
46 290
46 375
46 403
46 412
46 421
47 48
47 84
47 176
47 221
47 223
47 289
47 412
48 52
48 139
48 146
48 182
48 221
48 250
48 258
48 344
48 374
48 375
48 403
48 415
48 421
49 52
49 104
49 146
49 167
49 206
49 242
49 378
49 514
49 540
49 670
49 815
50 55
50 61
50 146
50 222
50 287
50 289
50 294
50 320
50 412
51 52
51 70
51 74
51 93
51 96
51 179
51 198
51 228
51 306
51 330
51 411
52 58
52 114
52 179
52 182
52 217
52 225
52 261
52 298
52 543
52 911
53 82
53 119
53 169
53 373
53 383
54 65
54 71
54 85
54 136
54 168
54 239
54 264
54 351
54 361
54 367
54 578
55 102
55 108
55 128
55 137
55 153
55 176
55 185
55 216
55 228
55 261
55 276
55 290
55 299
55 322
55 366
55 412
55 442
56 110
56 224
56 309
56 313
56 360
56 442
57 343
58 68
58 139
58 156
58 158
58 380
58 388
58 389
58 410
58 964
59 178
59 255
59 317
60 155
60 211
60 326
60 660
60 667
60 675
61 146
61 150
61 201
61 252
62 186
62 199
62 373
62 395
62 481
62 776
62 798
63 115
63 221
63 234
63 238
63 260
63 267
63 304
63 323
63 354
63 397
63 410
63 432
63 729
63 994
64 106
64 151
64 207
64 243
64 263
64 272
64 286
64 301
64 352
64 396
64 419
64 893
65 107
65 127
65 154
65 189
65 235
65 333
65 338
65 361
65 368
65 384
65 420
65 427
65 475
66 520
67 181
67 219
67 384
67 385
67 429
67 870
68 79
68 110
68 270
68 321
68 356
68 389
68 393
68 406
68 410
68 433
68 813
68 945
68 994
69 71
69 72
69 164
69 219
69 264
69 328
70 167
70 324
70 437
71 105
71 191
71 218
71 254
72 106
72 126
72 127
72 152
72 173
72 210
72 219
72 259
72 328
72 346
72 365
72 381
73 99
73 122
73 172
73 262
73 309
73 315
73 334
73 405
73 422
73 648
74 79
74 96
74 179
74 204
74 389
74 422
75 313
75 413
76 125
76 389
76 433
76 694
77 185
77 243
77 275
77 307
77 380
77 389
77 397
77 410
77 415
77 764
77 838
78 156
78 178
78 255
78 310
78 317
78 405
78 411
79 96
79 128
79 356
79 389
79 397
80 160
80 260
80 304
80 371
80 392
80 574
80 674
80 790
80 969
81 272
81 288
81 348
81 523
81 766
82 119
82 145
82 147
82 169
82 241
82 390
82 455
83 164
83 381
83 430
83 777
83 879
83 957
84 149
84 156
84 179
84 204
84 229
84 238
84 256
84 330
84 394
84 418
84 584
84 1003
85 106
85 157
85 218
85 220
85 254
85 297
85 352
86 140
86 154
86 157
86 429
86 445
86 720
87 167
87 179
87 241
87 292
87 339
87 350
87 438
87 442
88 126
88 133
88 184
88 251
88 316
88 346
88 347
88 427
88 440
88 742
89 114
89 125
89 137
89 174
89 183
89 204
89 255
89 261
89 274
89 319
89 330
89 436
90 91
90 112
90 212
90 244
90 251
90 328
90 396
90 434
90 464
90 557
91 124
91 127
91 129
91 207
91 212
91 248
91 259
91 266
91 328
91 396
91 409
91 430
93 306
93 410
94 324
95 138
95 226
95 252
95 415
95 422
95 431
96 150
96 204
96 222
96 232
96 289
96 359
96 370
96 378
96 394
96 400
96 433
97 343
97 353
97 524
97 845
97 965
98 126
98 184
98 277
98 280
98 340
98 346
98 381
98 594
98 631
98 707
99 198
99 330
99 335
99 388
99 398
99 648
100 228
100 319
100 335
100 359
100 386
100 393
100 413
100 433
101 108
101 118
101 122
101 125
101 137
101 172
101 255
101 360
102 122
102 183
102 190
102 257
102 261
102 355
102 366
102 401
104 114
104 125
104 146
104 192
104 221
104 243
104 250
104 256
104 319
104 394
104 421
104 431
106 203
106 218
106 220
106 254
106 259
106 264
106 348
106 352
106 435
106 924
106 933
107 128
107 209
107 218
107 300
107 440
107 604
107 879
108 125
108 128
108 137
108 172
108 174
108 183
108 262
108 269
108 276
108 293
108 334
108 342
108 382
109 128
109 142
109 327
109 879
110 184
110 228
110 326
110 329
110 360
110 366
110 425
110 436
110 776
110 866
110 983
111 130
111 234
111 253
111 287
111 298
111 323
111 345
111 476
111 604
112 164
112 171
112 203
112 277
112 281
112 340
112 898
113 192
113 223
113 229
113 242
113 245
114 122
114 153
114 176
114 183
114 214
114 261
114 388
116 117
116 125
116 224
116 267
116 314
116 364
116 391
116 400
116 411
117 305
117 825
118 125
118 141
118 143
118 238
118 245
118 262
118 342
118 368
118 386
118 422
119 145
119 162
119 170
119 278
119 282
119 350
119 373
119 959
120 218
120 248
120 439
120 504
120 850
121 634
121 674
121 781
121 937
122 125
122 153
122 262
122 422
122 648
122 757
122 891
123 209
124 129
124 132
124 214
124 265
124 273
124 362
124 377
124 868
125 137
125 172
125 196
125 232
125 255
125 268
125 317
125 370
125 422
125 441
125 725
125 1004
126 338
126 381
126 498
126 631
126 777
126 887
127 134
127 154
127 209
127 233
127 248
127 251
127 345
127 381
127 428
127 578
127 713
127 752
127 820
128 153
128 257
128 314
129 171
129 248
129 266
129 420
129 718
129 933
130 270
130 321
130 323
131 416
131 875
132 281
132 361
132 363
132 376
132 416
132 439
132 445
132 898
132 921
132 957
133 160
133 201
133 231
133 237
133 305
133 353
133 354
133 667
133 721
133 866
134 154
134 327
134 420
134 651
134 690
134 713
135 414
136 464
136 758
137 172
137 268
137 325
137 341
137 462
137 939
138 192
138 252
138 386
139 174
139 226
139 243
139 290
139 291
139 380
139 403
139 410
139 441
140 157
140 194
140 358
140 361
141 181
141 245
141 247
141 310
141 415
141 520
142 154
142 207
142 208
142 214
142 331
142 336
142 376
142 399
142 434
142 454
143 181
143 238
143 245
143 307
143 309
143 310
144 181
144 278
145 383
146 150
146 230
146 245
146 421
146 655
147 169
147 373
147 390
147 455
147 959
148 160
148 360
148 380
148 388
148 670
149 197
149 353
149 383
149 584
149 846
150 222
150 230
150 270
150 274
150 342
150 360
150 436
150 649
151 164
151 212
151 273
151 328
151 346
151 820
151 854
152 173
152 189
153 172
153 183
153 279
153 372
153 612
153 673
153 699
153 703
153 830
153 904
153 947
154 161
154 235
154 248
154 259
154 336
154 376
154 379
154 384
154 420
154 424
154 445
154 755
154 870
155 200
155 211
155 334
155 342
155 660
155 675
155 708
155 869
156 172
156 198
156 268
156 334
156 341
157 194
157 331
157 362
157 377
157 429
158 293
158 380
158 388
158 430
158 860
160 203
160 337
160 380
160 391
160 392
160 393
160 509
161 164
161 168
161 281
161 301
161 340
161 348
161 439
162 278
164 209
164 273
164 308
164 328
164 340
164 362
164 368
164 752
164 777
164 881
164 887
164 921
164 957
165 196
165 201
165 334
165 391
165 793
165 908
166 235
166 246
166 281
166 346
166 348
166 368
166 408
166 424
166 621
166 709
166 712
167 169
167 179
167 337
167 371
167 390
167 392
167 405
167 414
167 437
168 361
168 430
168 506
168 520
168 712
169 350
169 390
169 450
169 666
170 184
170 234
170 357
170 406
170 410
170 432
171 203
171 214
171 235
171 248
171 280
171 281
171 316
171 328
171 352
171 369
171 376
171 399
171 728
172 183
172 261
172 268
172 334
172 360
173 210
173 219
173 264
173 351
173 369
173 381
173 420
174 238
174 255
174 366
174 411
174 415
174 418
174 442
174 807
174 912
175 426
176 299
177 226
177 269
177 307
177 310
177 319
177 334
177 341
177 388
177 405
177 910
177 932
177 940
178 238
178 255
178 317
178 407
179 206
179 306
179 390
179 414
180 310
180 315
180 364
180 411
181 312
181 396
181 431
182 223
182 243
182 289
182 375
182 403
182 412
183 190
183 198
184 223
184 280
184 318
184 376
184 442
184 675
184 1001
185 275
185 307
185 370
185 388
185 392
185 435
185 448
185 484
185 669
186 199
186 305
186 395
186 825
187 192
187 229
187 235
187 256
187 394
188 320
188 406
189 288
189 333
189 338
189 384
189 420
189 437
191 214
191 243
191 297
191 301
191 348
191 352
191 399
192 229
192 243
192 256
192 359
192 375
193 241
193 268
193 292
193 426
193 442
193 640
193 781
194 327
194 331
194 379
196 262
196 293
196 334
196 382
196 404
196 886
198 335
198 388
198 398
199 395
200 290
200 350
200 357
200 398
201 352
201 553
201 608
201 660
201 667
201 669
201 675
201 846
201 866
201 869
201 871
202 345
203 208
203 212
203 246
203 280
203 281
203 284
203 340
203 376
203 562
204 232
204 261
204 319
204 433
205 437
205 481
206 324
206 388
207 214
207 233
207 242
207 243
207 266
207 272
207 301
207 327
207 331
207 399
207 417
207 651
207 839
208 218
208 233
208 327
208 331
208 340
208 345
208 351
208 369
208 837
208 893
209 212
209 303
209 347
209 416
209 957
210 352
211 428
211 432
211 476
211 512
211 571
211 708
212 328
212 340
213 934
214 259
214 266
214 272
214 300
214 301
214 331
214 345
214 369
214 396
214 399
214 402
214 454
214 498
214 592
214 651
214 833
214 920
214 924
214 977
215 417
216 255
216 290
216 410
216 503
217 223
217 229
217 256
217 258
217 261
217 262
217 294
217 329
218 286
218 300
218 362
218 416
218 592
219 352
219 420
220 327
220 352
220 933
221 222
221 229
221 242
221 375
221 403
221 421
222 223
222 287
222 289
222 320
222 329
222 356
222 418
222 442
222 463
222 486
222 525
223 287
223 289
223 320
223 378
223 407
223 410
224 388
224 391
224 413
225 258
225 275
225 279
225 318
225 326
225 360
225 646
225 660
226 252
226 325
226 380
226 904
227 238
228 374
228 405
228 411
228 620
228 781
229 242
229 250
229 256
229 386
230 243
230 245
230 403
230 412
230 421
231 311
231 934
232 319
232 422
232 433
232 652
233 300
233 376
233 758
234 260
234 410
234 532
234 537
234 546
235 239
235 246
235 368
235 408
235 424
235 505
235 520
235 870
236 265
236 321
236 582
237 598
237 660
238 247
238 262
238 418
238 906
239 263
239 264
239 272
239 286
239 348
239 396
239 419
239 505
240 272
240 399
241 292
242 287
242 329
242 378
242 380
242 418
242 435
243 250
243 287
243 289
243 329
243 344
243 375
243 421
244 345
244 728
244 850
245 307
245 312
245 378
245 435
246 346
246 408
246 424
246 875
247 386
247 913
248 251
248 259
248 277
248 280
248 284
248 286
248 340
248 520
248 594
248 690
248 902
248 948
248 957
249 250
249 256
249 283
249 407
250 252
250 256
250 268
250 294
250 315
250 375
250 382
250 386
250 421
250 764
251 259
251 280
251 376
251 381
251 399
251 557
252 310
252 415
252 431
253 298
253 340
253 414
253 639
253 847
253 863
254 259
254 286
254 352
255 258
255 317
255 410
255 939
256 334
256 389
256 421
256 435
256 639
256 994
257 279
257 342
257 401
257 490
257 945
258 274
258 421
258 435
259 381
259 399
259 749
260 304
260 391
260 397
260 432
260 433
260 994
261 274
261 319
262 315
262 334
262 341
262 364
262 370
262 382
262 910
262 932
263 271
263 333
264 271
264 286
264 347
264 440
265 303
265 362
266 284
266 355
266 399
266 420
267 290
267 400
267 410
267 433
267 525
268 318
268 326
269 274
269 293
269 307
269 375
269 380
269 382
269 388
269 403
269 448
269 817
269 952
270 304
270 321
270 323
272 332
272 361
273 361
273 376
274 310
274 360
274 366
274 421
274 442
274 448
275 307
275 323
275 397
275 433
276 335
276 337
276 400
276 405
276 510
277 280
277 281
277 284
277 340
277 345
277 346
277 856
279 313
279 318
279 326
279 329
279 355
279 425
279 442
280 284
280 286
280 340
280 343
280 347
280 376
280 381
280 439
280 557
280 728
280 794
280 856
281 284
281 340
281 351
281 364
281 434
281 557
281 728
281 794
283 371
283 407
283 413
283 422
284 286
284 332
284 693
284 820
284 902
285 420
285 437
286 435
286 557
287 294
287 320
287 407
287 463
287 532
287 537
287 574
287 671
287 798
287 934
288 333
288 379
288 384
289 294
289 320
289 356
289 407
289 421
289 486
289 525
289 532
289 537
289 574
289 671
289 798
289 911
290 291
290 380
290 386
290 403
290 426
290 463
290 486
291 380
291 388
291 441
292 343
292 405
292 438
292 701
293 364
293 380
293 382
293 404
293 405
293 423
293 664
294 360
294 403
294 421
294 431
294 435
294 699
295 425
295 886
297 301
297 348
297 429
298 543
298 583
298 686
298 882
298 911
299 600
299 739
299 808
300 316
300 376
300 381
300 396
300 707
300 712
300 833
300 976
301 348
301 352
301 367
301 369
301 922
303 352
303 362
303 381
303 385
303 520
304 370
304 413
304 432
305 447
305 737
306 500
307 397
308 430
309 315
309 483
310 386
310 405
310 411
310 448
310 450
310 817
311 466
311 667
311 669
311 673
311 866
311 911
312 313
312 349
312 413
312 426
313 413
313 414
314 326
315 325
315 330
315 334
315 341
315 405
316 331
316 349
316 376
316 533
317 319
317 433
318 326
318 400
318 425
318 440
318 485
319 394
319 405
319 917
320 329
320 798
322 355
322 382
322 437
322 442
322 619
322 764
322 941
323 354
323 389
324 387
324 674
325 330
325 340
325 386
325 415
325 441
325 575
325 940
326 425
327 379
327 758
328 562
328 777
328 870
329 375
329 407
329 436
331 365
331 399
331 419
331 427
331 621
331 657
333 338
333 384
334 341
334 364
334 382
334 422
334 462
334 910
335 404
335 405
335 540
335 575
335 843
335 934
336 351
336 424
337 393
337 521
337 576
337 843
338 384
338 592
339 383
339 414
340 416
340 520
340 794
341 364
341 370
341 382
341 910
341 932
341 940
342 355
342 428
343 383
343 388
343 414
343 639
344 412
345 368
346 408
346 645
346 657
346 957
346 992
347 381
347 440
348 361
348 384
349 374
349 426
349 436
349 636
349 640
349 759
350 438
351 354
351 369
351 434
351 439
351 796
351 837
351 881
351 893
351 921
352 758
353 354
353 965
354 425
354 610
354 733
355 867
356 389
356 406
356 410
359 378
359 393
360 410
360 421
360 448
360 997
361 369
361 578
361 597
361 689
361 793
362 368
362 429
364 370
364 382
364 415
364 910
365 416
365 434
365 875
366 984
368 464
370 413
370 423
371 392
371 407
371 437
371 574
371 790
372 389
372 406
372 431
372 788
372 891
372 904
372 947
373 395
373 672
374 404
374 426
374 911
375 403
376 445
377 454
377 579
377 881
378 380
378 410
378 664
378 929
379 645
380 382
380 388
380 403
380 431
380 435
380 441
380 575
380 764
382 388
382 435
382 929
383 414
386 422
388 392
388 403
388 421
388 431
388 435
388 503
388 670
388 895
389 397
389 406
389 410
389 421
389 813
390 455
391 393
391 433
391 908
392 574
392 633
393 945
396 475
399 402
399 434
399 578
399 589
399 651
399 839
399 977
400 442
402 982
403 435
404 843
405 411
405 807
405 905
405 910
405 932
405 940
408 416
408 728
408 854
408 875
408 881
409 434
409 520
409 654
409 753
410 546
411 699
413 826
414 873
416 439
416 875
416 948
418 457
418 525
418 584
419 437
419 977
421 435
421 448
422 648
423 435
423 764
426 640
428 431
430 589
430 645
430 709
430 712
430 771
430 793
430 857
430 933
431 867
433 826
434 441
434 520
434 839
434 875
435 764
436 493
439 777
439 875
440 523
440 605
440 879
441 584
441 839
443 515
443 585
443 676
443 865
443 879
443 885
443 953
443 962
444 935
445 535
445 707
445 728
445 753
445 772
445 792
445 870
445 898
445 919
445 942
445 976
445 977
446 532
446 630
446 633
446 731
446 798
446 979
447 480
447 525
447 622
447 629
447 677
447 686
447 701
447 791
447 805
447 825
447 961
447 989
448 561
448 601
448 739
448 764
448 788
448 817
448 830
448 891
448 904
448 939
448 947
448 952
448 984
448 1003
449 457
449 729
449 824
449 1004
450 576
450 613
450 666
450 809
450 938
450 946
450 958
450 959
451 491
451 497
451 554
451 635
451 663
451 683
451 697
451 759
451 894
451 953
451 962
452 463
452 485
452 486
452 532
452 537
452 574
452 671
452 822
452 842
452 981
452 1009
454 498
454 548
454 718
454 855
454 856
454 884
454 920
455 649
455 666
455 959
456 472
456 508
456 523
456 679
456 954
456 987
457 479
457 480
457 499
457 584
457 616
457 636
457 1003
458 532
458 537
458 723
458 731
458 783
458 979
458 981
459 490
459 565
459 566
459 577
459 652
459 698
459 864
459 987
460 470
460 488
460 518
460 697
460 722
460 726
460 945
461 520
462 467
462 600
462 673
462 808
462 828
462 891
462 900
462 947
462 995
463 468
463 478
463 485
463 486
463 512
463 525
463 551
463 561
463 574
463 587
463 591
463 634
463 639
463 671
463 686
463 699
463 727
463 737
463 775
463 822
463 842
463 881
463 929
463 945
463 981
463 994
463 1009
464 487
464 594
464 651
464 690
464 749
464 827
464 893
464 948
465 524
465 576
465 638
465 670
465 735
465 758
465 883
466 599
466 600
466 673
466 703
466 757
466 764
466 891
466 910
466 990
467 529
467 559
467 614
467 700
467 744
467 761
467 762
467 816
467 828
467 860
467 876
467 978
467 1004
468 478
468 486
468 561
468 671
468 739
468 763
468 830
468 918
468 991
468 994
469 545
469 579
469 748
470 606
470 697
470 759
470 765
470 783
470 844
470 897
470 903
470 962
471 742
472 511
472 535
472 586
472 679
472 850
472 854
472 870
472 887
472 921
473 517
473 726
473 734
473 750
473 769
473 784
473 826
473 866
473 943
474 503
474 570
474 593
474 778
474 864
475 477
475 709
475 774
475 857
475 924
475 933
476 512
476 551
476 571
476 577
476 660
476 675
476 686
476 768
476 790
476 941
477 707
477 713
477 742
477 774
477 922
478 561
478 620
478 629
478 812
478 843
478 863
478 918
478 931
479 599
479 609
479 673
479 696
479 760
479 770
479 853
479 900
479 909
479 1008
480 700
480 705
480 779
480 995
480 1002
481 503
481 662
481 691
481 760
481 791
481 799
481 843
481 926
481 936
481 983
482 507
482 734
482 844
482 903
483 588
483 598
483 754
483 844
483 985
483 989
483 990
484 543
484 814
484 882
484 951
484 968
484 1004
485 486
485 733
485 821
485 822
485 842
485 981
485 1009
486 587
486 591
486 671
486 686
486 699
486 817
486 842
486 934
486 945
486 994
486 1009
487 510
487 594
487 657
487 690
487 785
487 792
487 855
487 856
487 880
487 898
487 902
487 948
487 977
487 992
488 518
488 528
488 593
488 702
488 943
489 533
489 642
489 692
489 827
489 887
489 921
489 982
490 502
490 528
490 560
490 593
490 608
490 652
490 722
490 778
490 815
490 819
490 840
490 955
491 513
491 590
491 606
491 683
491 844
491 897
491 923
492 710
492 726
492 778
492 985
493 571
493 588
493 646
493 744
493 770
493 883
493 963
493 1000
494 517
494 544
494 724
494 726
494 750
495 503
495 623
495 638
495 661
495 829
495 959
496 648
496 674
496 681
496 899
496 1006
497 635
497 683
498 548
498 689
498 707
498 744
498 755
498 837
498 920
499 593
499 782
499 838
499 916
500 539
500 566
501 522
501 609
501 688
501 705
501 914
501 964
502 665
502 678
502 711
502 741
502 803
502 811
502 838
502 885
502 928
503 544
503 638
503 714
503 744
503 786
503 916
504 508
504 510
504 562
504 569
504 597
504 642
504 689
504 747
504 749
504 766
504 873
504 993
505 742
505 746
505 753
505 881
505 902
506 520
506 609
506 712
507 622
507 754
507 791
507 866
507 872
507 873
507 921
507 926
507 989
508 607
508 786
508 850
508 874
508 896
508 954
509 514
509 561
509 610
509 616
509 725
509 812
509 842
509 863
509 918
509 934
509 981
509 990
509 991
510 605
510 677
510 687
510 755
510 766
510 792
510 833
510 855
510 856
510 926
511 607
511 706
511 850
511 854
511 870
511 874
511 986
512 551
512 571
512 686
512 788
512 815
512 817
513 549
513 590
513 633
513 649
513 670
513 768
513 809
513 829
513 873
513 907
514 610
514 774
514 863
514 934
514 964
514 991
515 953
517 726
517 734
518 528
518 538
518 584
518 622
518 643
518 697
518 722
518 726
518 765
518 772
518 831
518 905
518 908
518 909
518 943
518 1003
519 634
519 804
519 951
520 568
520 682
520 706
520 849
521 549
522 524
522 818
522 835
522 949
522 1004
523 547
523 548
523 555
523 556
523 562
523 693
523 742
523 766
523 820
523 944
523 993
524 705
524 866
525 584
525 677
525 700
525 805
525 815
525 817
525 826
525 910
525 931
525 984
526 586
526 595
526 644
526 656
526 706
526 840
526 924
526 986
527 565
527 799
527 840
527 970
527 980
528 544
528 560
528 570
528 619
528 622
528 722
528 738
528 754
528 765
528 772
528 782
528 864
528 955
529 609
529 614
529 619
529 646
529 694
529 754
529 761
529 816
529 824
529 936
529 964
530 731
531 652
531 678
531 698
531 714
531 715
531 738
531 841
531 928
532 537
532 574
532 723
532 731
532 969
532 981
532 994
533 642
533 692
533 696
533 855
534 693
534 712
535 568
535 596
535 642
535 720
535 728
535 749
535 787
535 792
535 827
535 856
535 887
535 898
535 942
535 976
535 998
536 558
536 580
536 588
536 668
536 689
536 766
536 846
536 914
536 927
536 946
536 958
536 1002
537 543
537 574
537 723
537 731
537 981
538 632
538 643
538 672
538 702
538 829
538 908
538 943
539 570
539 987
540 612
540 648
540 762
540 764
540 807
540 1009
541 562
541 651
541 686
541 730
541 933
541 941
541 944
542 614
542 775
542 836
542 939
542 978
542 1004
543 591
543 812
543 945
543 973
543 981
543 994
544 560
544 593
544 615
544 714
544 722
544 750
544 778
544 782
544 819
544 838
544 860
544 905
544 955
545 627
545 873
545 914
545 956
546 608
546 629
546 630
546 633
546 653
546 678
546 768
546 813
546 945
546 985
546 994
548 568
548 629
548 718
548 920
549 666
549 691
549 743
549 754
549 834
549 973
550 873
551 571
551 619
551 686
551 790
551 979
552 730
552 742
552 944
553 583
553 623
553 669
553 705
553 745
553 867
553 869
553 871
553 886
553 914
555 624
555 632
555 759
555 925
556 637
556 654
556 742
556 771
557 594
557 645
557 785
557 839
557 898
558 668
558 927
558 958
558 1002
559 688
559 696
559 701
559 808
559 825
559 847
559 891
559 914
559 947
559 977
560 593
560 698
560 722
560 778
560 782
560 805
560 806
560 819
560 895
560 916
560 955
561 601
561 612
561 695
561 767
561 788
561 812
561 830
561 904
561 918
561 952
562 594
562 651
562 690
562 785
562 948
564 587
564 625
564 639
564 727
564 737
565 585
565 659
565 698
565 714
565 799
565 840
565 892
565 970
565 980
565 985
566 577
566 583
566 698
566 714
566 738
566 741
566 811
566 909
567 611
568 689
568 774
568 787
568 827
568 921
569 815
569 824
569 889
569 939
570 608
570 658
570 722
570 778
570 915
570 955
571 686
572 611
572 768
572 846
572 914
573 604
573 679
574 674
574 911
574 937
575 664
575 746
575 821
575 905
575 906
575 908
575 910
575 984
576 641
576 670
576 743
576 773
576 843
576 897
576 950
577 582
577 738
577 840
577 892
577 925
577 949
577 952
578 597
578 650
578 787
578 855
579 682
579 855
579 868
580 609
580 636
580 818
580 907
580 1005
581 595
581 663
581 850
582 655
582 661
582 835
582 941
582 949
583 632
583 661
583 907
583 1005
584 725
584 934
584 991
584 1003
585 606
585 624
585 665
585 698
585 765
585 844
585 847
585 885
585 897
585 903
585 962
586 771
586 874
586 878
587 639
587 727
587 737
587 783
587 918
587 937
588 638
588 646
588 744
588 770
588 883
588 963
589 742
589 771
589 774
590 636
590 688
590 815
590 869
590 871
590 907
590 963
590 1000
590 1001
590 1008
591 623
591 649
591 899
591 934
591 945
591 969
591 994
592 749
592 752
592 786
592 849
592 851
592 874
592 948
592 954
593 722
593 763
593 782
593 819
593 916
593 955
594 651
594 690
594 693
594 785
594 933
594 948
595 604
595 607
595 663
595 679
595 716
595 720
595 749
595 752
595 793
595 849
595 874
595 896
595 957
595 996
596 792
598 660
598 754
598 781
598 1000
599 600
599 647
599 673
599 694
599 729
599 757
599 775
599 805
599 824
599 852
599 853
599 891
599 900
599 913
599 995
599 1004
600 619
600 647
600 673
600 694
600 703
600 744
600 757
600 775
600 779
600 808
600 816
600 824
600 891
600 900
600 931
600 939
600 978
600 1004
601 620
601 695
601 699
601 830
601 904
601 917
601 936
601 952
601 984
602 608
602 653
602 659
602 724
602 751
602 844
602 969
602 1005
603 796
604 766
604 858
604 890
604 942
606 683
606 765
606 897
607 663
607 749
607 759
607 942
607 954
607 998
608 653
608 667
608 741
608 751
608 895
609 616
609 713
609 760
609 781
609 907
610 649
610 934
611 768
612 695
612 788
612 795
612 815
612 830
612 904
612 910
612 952
612 991
613 660
613 667
613 946
614 729
614 775
614 816
614 828
614 836
614 860
614 978
614 1004
615 618
615 635
615 683
615 796
615 858
615 870
615 962
616 619
616 700
616 934
616 936
616 1001
618 621
618 854
618 855
619 694
619 700
619 761
619 824
619 860
619 939
620 640
620 781
620 812
620 863
620 869
620 908
620 961
620 964
620 965
621 631
621 693
621 718
621 728
621 758
621 766
621 855
621 902
621 942
621 982
622 701
622 754
622 791
622 873
622 961
622 989
623 695
623 714
623 763
623 797
623 812
623 815
623 899
623 918
624 632
624 678
624 776
624 885
624 925
625 655
626 851
627 669
627 791
627 956
627 963
627 989
627 1001
627 1010
628 672
628 674
628 937
629 652
629 677
629 805
629 908
629 943
630 694
630 731
630 783
630 798
630 979
631 712
631 753
631 758
631 855
631 880
631 919
631 944
632 925
633 674
633 783
633 798
633 981
633 994
634 674
634 681
634 781
634 937
635 683
635 803
635 953
635 960
636 638
636 735
636 814
636 846
636 882
636 907
636 938
636 995
637 654
637 742
637 944
638 847
638 958
638 959
639 727
639 737
639 754
639 842
639 945
640 722
640 781
640 784
640 828
640 834
640 866
640 908
640 926
641 649
641 667
641 669
641 681
641 817
641 834
641 946
642 682
642 692
642 740
642 957
643 652
643 672
643 741
643 803
643 909
643 943
645 742
645 747
645 756
645 877
645 933
645 950
645 992
646 744
646 770
646 775
646 978
647 688
647 762
647 775
647 912
647 913
647 984
648 664
648 725
648 746
648 784
648 839
648 843
648 863
648 891
649 655
649 666
649 670
649 763
649 768
649 773
649 809
649 873
649 1006
650 689
650 755
650 855
650 920
651 690
651 944
651 977
652 678
652 769
652 885
652 909
652 952
653 741
653 750
654 657
654 680
654 685
654 687
654 730
654 742
655 695
655 768
655 940
655 941
656 740
656 774
656 887
656 919
657 690
657 709
657 875
657 948
658 691
658 754
658 782
659 665
659 676
659 721
659 800
659 841
659 892
659 1005
660 667
660 669
660 675
660 708
660 773
660 866
660 966
661 668
661 702
661 735
661 889
661 894
661 938
661 941
661 971
662 745
662 784
662 818
662 847
663 679
663 752
663 772
663 774
663 874
663 986
664 695
664 746
664 815
664 821
664 936
665 675
665 721
665 778
665 800
665 960
665 966
665 1005
666 834
666 959
667 669
667 708
667 846
667 866
667 869
667 871
667 946
667 958
668 768
668 846
668 914
668 927
668 958
668 1002
669 670
669 675
669 809
669 846
669 911
669 946
670 675
670 829
670 911
671 731
671 822
671 842
671 934
671 1009
673 703
673 729
673 757
673 762
673 779
673 808
673 891
673 913
673 939
673 961
673 978
674 763
674 781
674 937
674 1006
675 708
675 790
675 829
675 866
676 714
676 721
676 865
676 890
676 953
677 805
677 826
677 831
677 852
677 908
677 943
677 961
677 978
678 711
678 751
678 793
678 801
678 803
678 811
678 813
678 916
678 928
679 680
679 711
679 720
679 874
679 896
680 684
680 720
680 752
680 896
681 845
681 1006
682 692
682 868
682 982
683 697
683 894
683 897
683 962
685 742
685 877
685 933
685 950
686 910
686 941
686 944
687 880
688 691
688 832
688 845
689 692
689 755
689 856
689 920
690 713
690 785
690 948
691 845
692 696
692 766
692 827
693 753
693 785
693 833
693 880
693 948
693 977
694 729
694 761
694 762
694 808
694 824
694 836
694 1004
695 703
695 725
695 764
695 767
695 788
695 830
695 904
695 929
695 947
695 952
695 984
695 990
695 997
696 907
696 954
697 759
697 897
697 903
697 962
698 711
698 722
698 738
698 751
698 769
698 895
699 725
699 910
699 932
700 705
700 761
700 762
700 788
700 995
700 999
700 1004
700 1007
701 791
701 872
701 914
701 926
701 946
702 806
702 942
702 955
703 757
703 779
703 815
703 891
703 939
703 947
703 984
703 990
705 745
705 907
705 995
705 1001
706 796
706 850
706 922
706 935
706 986
707 794
707 829
707 837
707 855
707 880
707 950
707 952
708 790
708 866
709 712
709 713
709 777
709 875
709 893
709 998
710 726
710 956
710 985
711 714
711 741
711 801
711 838
711 841
711 909
712 753
712 893
712 950
712 957
712 998
713 719
713 777
713 820
713 849
713 893
713 933
713 950
714 738
714 778
714 818
714 819
714 853
714 895
715 716
716 719
716 874
717 968
718 856
718 868
718 880
718 933
719 777
719 839
719 861
719 887
719 898
719 921
719 957
720 732
720 874
720 896
720 898
721 841
721 1005
722 741
722 806
722 838
722 895
722 905
722 916
722 955
723 731
724 738
725 817
725 906
725 967
725 991
726 734
726 925
726 943
727 737
727 918
728 792
728 856
728 873
728 902
728 976
728 992
729 762
729 775
729 808
729 816
729 860
729 999
729 1004
730 742
730 747
730 944
731 733
731 798
731 981
731 1006
732 896
733 746
733 763
733 917
733 981
734 750
735 938
736 953
737 918
738 892
738 896
739 788
739 910
739 918
739 929
739 931
739 997
739 1003
740 919
740 992
741 803
741 838
741 909
742 833
742 944
742 948
743 834
743 946
743 973
744 770
744 883
744 963
744 978
745 818
745 846
745 907
745 914
745 917
746 763
746 764
746 843
746 906
747 753
747 898
747 923
747 933
747 944
749 766
749 786
749 957
749 993
749 998
750 844
750 908
750 996
751 813
751 955
751 988
752 948
753 777
753 833
753 837
753 877
753 880
753 930
753 933
753 998
754 760
754 791
754 825
754 872
754 873
754 926
754 961
755 833
755 881
755 920
756 930
756 944
756 1008
757 763
757 779
757 808
757 836
757 891
757 939
757 978
758 837
758 920
759 776
759 897
759 903
760 826
760 853
760 872
761 775
761 779
761 816
761 828
761 836
761 853
761 860
761 978
761 995
761 999
761 1004
762 779
762 825
762 912
762 913
762 936
762 978
762 995
762 999
763 812
763 830
763 899
763 917
763 934
763 964
763 978
763 999
764 788
764 830
764 929
764 932
764 984
764 997
764 1003
765 848
765 864
765 897
765 925
765 962
766 827
766 833
766 855
766 890
767 821
767 904
767 906
767 918
767 932
767 952
767 997
767 1003
768 834
769 841
770 775
770 883
771 774
772 875
773 814
773 834
774 843
774 1003
775 808
775 816
775 824
775 836
775 891
775 947
775 978
775 991
775 1004
776 781
776 845
776 914
777 839
777 857
777 875
777 887
777 898
777 921
777 957
777 998
778 786
778 819
778 838
778 909
778 915
779 860
779 900
779 978
779 1003
779 1004
780 953
781 784
781 845
781 937
782 801
782 806
782 917
782 955
783 911
783 994
784 791
784 847
784 922
784 926
784 953
784 983
785 880
785 887
785 898
785 902
785 948
786 840
786 896
788 830
788 891
788 904
788 910
788 929
788 947
788 952
788 984
789 890
791 808
791 825
791 872
791 873
791 891
791 905
791 913
791 961
791 989
792 820
792 849
792 854
792 855
792 902
792 977
792 993
793 849
794 849
794 944
794 992
796 878
797 801
797 841
797 888
798 845
798 979
799 840
799 925
799 970
800 844
801 844
803 870
803 928
804 871
804 983
805 826
805 852
805 908
805 983
806 864
806 955
807 873
807 906
807 910
807 932
807 940
808 891
808 900
808 939
808 983
808 1004
809 843
809 911
809 940
809 990
810 851
811 892
811 987
811 988
812 917
812 929
813 928
814 862
814 882
814 951
814 968
815 817
815 830
815 904
815 918
815 952
815 984
816 832
816 860
816 939
816 1004
817 991
818 835
818 907
818 966
818 1008
819 844
819 895
819 905
819 916
819 955
819 991
820 837
820 855
820 887
820 902
820 977
821 842
821 906
821 931
821 997
822 842
822 1009
823 858
823 924
824 891
825 863
825 989
826 845
826 961
826 994
827 856
827 873
827 944
828 838
828 860
828 978
828 999
828 1004
829 843
829 1006
830 917
830 947
831 943
832 845
832 983
833 933
833 944
834 839
834 946
835 846
835 869
835 949
836 931
836 978
836 1004
837 854
837 855
838 895
838 909
838 916
839 887
839 893
839 930
839 957
840 895
840 970
841 909
841 1005
842 964
842 1009
843 914
843 940
844 894
844 962
844 985
844 1005
845 847
845 883
845 969
845 1008
846 871
846 914
847 926
848 897
849 902
849 919
850 874
850 986
851 884
851 986
852 912
853 931
854 855
854 856
854 898
854 902
854 977
854 986
855 856
855 857
855 868
855 902
855 992
856 857
856 902
856 976
857 880
857 898
857 933
858 859
858 924
860 913
860 936
860 961
860 978
863 918
864 885
864 955
865 879
865 953
866 889
866 946
867 869
867 872
867 886
867 960
868 982
869 871
869 886
869 914
870 905
870 924
870 986
871 872
871 983
871 1010
872 873
872 926
872 936
873 936
873 973
873 989
874 957
877 880
877 920
877 924
877 930
877 944
879 890
879 953
880 930
880 998
881 893
882 951
883 907
883 963
885 890
885 928
887 898
887 921
887 936
887 942
887 957
888 955
891 900
891 939
891 952
891 989
891 1004
892 987
893 898
894 953
895 909
895 955
896 1008
897 903
897 914
897 962
898 957
899 908
899 910
900 1004
902 933
904 947
904 952
904 984
904 997
905 924
905 939
905 989
906 931
906 932
906 991
906 997
907 1001
908 943
909 915
910 932
910 934
910 952
911 917
912 913
912 1008
913 984
913 999
914 958
914 983
915 1001
916 955
918 929
919 922
919 993
920 922
921 957
921 982
922 954
922 974
922 986
926 967
926 989
927 971
927 1002
929 931
929 947
929 1003
930 933
930 948
931 1003
932 940
933 950
933 982
933 992
933 998
938 971
939 978
939 984
939 989
939 1004
944 1009
945 969
945 994
947 952
947 984
950 992
952 984
957 998
958 1000
961 978
963 1000
963 1001
964 990
964 1009
966 1002
966 1004
969 981
969 994
969 997
970 980
974 986
975 982
978 991
978 999
978 1004
981 994
983 1010
987 988
995 1007
997 999
999 1000
1000 1001
1001 1008
1007 1009
