#num-nodes
109
#num-links
349
#links
0 16
0 18
0 69
0 94
0 107
1 10
1 17
1 28
1 29
1 32
1 79
1 84
2 9
2 20
2 74
2 80
2 81
2 106
3 45
3 47
4 33
4 43
4 70
4 71
4 104
5 14
5 35
5 36
5 58
5 81
5 83
6 7
6 10
6 25
6 28
6 29
6 32
6 47
6 59
6 64
6 71
6 78
6 79
6 84
6 90
6 95
7 10
7 13
7 25
7 59
7 71
7 73
7 95
7 96
7 102
8 33
8 34
8 38
8 40
8 41
8 47
8 48
8 67
8 71
8 78
8 88
9 74
9 81
10 25
10 29
10 32
10 47
10 51
10 71
10 76
10 78
10 84
10 95
10 102
11 23
11 27
11 74
11 77
11 80
11 97
12 30
12 34
12 66
12 67
12 97
12 99
12 103
12 108
13 17
13 29
13 59
13 63
13 79
13 95
14 36
14 58
14 66
14 70
14 104
14 106
15 55
16 18
17 28
17 32
17 59
18 33
18 65
18 66
18 100
18 105
19 56
20 24
20 35
20 54
20 60
20 70
20 74
20 81
20 83
20 104
20 105
20 106
21 48
21 59
21 82
21 85
21 96
22 78
23 43
23 50
23 60
23 74
23 75
23 80
23 81
23 105
24 33
24 44
24 100
25 28
25 29
25 32
25 47
25 51
25 71
25 78
25 84
25 90
25 95
26 108
27 60
27 74
27 75
27 94
27 98
27 104
28 32
28 41
28 51
28 71
28 84
28 90
28 102
29 32
29 79
29 84
29 90
29 95
30 57
30 64
30 72
31 41
31 47
31 54
31 67
31 78
31 88
32 73
32 82
32 84
32 90
32 95
32 102
33 47
33 65
33 66
33 69
33 80
33 100
33 105
34 41
34 47
34 54
34 63
34 67
34 78
34 88
34 91
34 101
35 58
35 62
35 80
35 83
36 58
36 83
36 106
38 47
38 63
38 67
38 76
38 78
38 89
38 101
39 44
39 75
39 94
39 98
40 108
41 47
41 67
41 71
41 73
41 78
41 88
41 91
42 78
43 50
43 74
43 80
44 81
45 57
45 87
46 55
46 58
46 65
46 69
46 89
47 65
47 67
47 69
47 71
47 78
47 84
47 85
47 87
47 88
47 99
48 53
48 54
48 61
48 63
48 78
48 85
48 86
49 98
50 75
50 80
50 98
51 71
51 76
51 79
51 95
51 102
52 89
52 101
53 61
53 86
54 103
57 66
57 78
57 87
57 97
58 83
59 71
59 84
59 85
59 95
59 96
60 104
62 64
62 83
62 102
63 64
64 72
64 108
65 66
65 69
65 78
65 100
66 70
66 97
66 100
67 73
67 78
67 84
67 88
67 91
67 101
69 70
69 100
70 71
70 83
70 100
70 104
71 78
71 79
71 84
71 90
71 104
72 97
72 99
72 108
73 88
74 75
74 77
74 94
74 98
74 104
75 94
75 98
75 100
75 106
77 80
77 81
77 106
78 80
78 84
78 87
78 88
79 82
79 84
79 95
79 102
80 81
80 100
81 106
82 95
84 90
85 96
86 91
89 101
94 98
95 96
95 102
