#num-nodes
2250
#num-links
4840
#links
0 115
0 120
0 1184
1 29
1 1342
1 1764
1 2201
3 60
3 1007
3 1852
3 1970
4 136
4 570
4 705
4 920
4 1077
4 1142
4 1178
4 1342
4 1764
4 2022
5 55
5 393
5 600
5 821
5 822
5 1356
5 2106
6 899
6 1719
6 2158
7 1335
7 2112
8 985
8 2145
9 96
9 267
9 301
9 631
9 804
9 1303
9 1704
9 1849
9 2106
10 117
10 1205
10 1207
10 1405
10 1622
10 2049
11 693
11 713
11 1028
11 2222
13 179
13 558
13 1574
13 2059
14 112
14 259
14 298
14 419
14 1211
14 1291
14 1336
14 1338
14 1428
14 1644
14 1772
14 1783
14 2009
14 2034
15 1340
15 2088
15 2089
16 214
16 1372
17 2035
18 30
18 311
18 719
18 941
18 1016
18 1113
18 1251
18 1903
19 127
19 423
19 858
19 1208
19 2239
20 1776
20 1889
21 909
23 873
23 962
23 1666
23 1991
23 2068
23 2120
24 148
24 342
24 653
24 1661
24 1845
25 1111
26 184
26 355
26 584
28 959
28 1330
29 848
29 854
29 920
29 1624
30 311
30 422
30 719
30 1016
30 1113
30 1251
30 1846
30 1903
30 2169
31 261
31 1016
31 1370
31 1937
32 679
33 168
33 613
33 1006
33 1381
33 1454
33 1551
33 1582
33 1679
33 1898
33 1917
33 2179
34 747
34 1924
34 2135
35 1812
36 88
36 139
36 322
36 326
36 1177
36 1343
36 1597
36 1837
37 951
39 499
39 2066
40 1156
40 1257
40 1358
40 1470
41 606
41 626
41 919
41 960
41 1121
41 1431
41 1775
41 2078
42 481
42 624
42 1362
42 1559
43 758
43 1974
44 231
44 686
44 899
44 1166
44 1207
44 1253
44 1387
44 1473
44 1509
44 1616
45 261
45 419
45 1079
45 1102
45 1466
45 1826
45 1937
46 104
46 221
46 249
46 972
46 2241
47 1420
48 171
48 564
48 1119
48 1718
50 243
50 700
50 1278
50 1766
50 1845
50 1979
50 2028
50 2033
50 2042
50 2171
51 54
51 245
51 359
51 1030
51 1204
51 1211
51 1892
51 1972
52 855
52 1335
53 1093
53 1289
54 436
54 1728
54 1867
54 1879
54 2065
54 2113
55 66
55 393
55 600
55 744
55 821
55 822
55 1174
55 1674
55 1858
55 2106
55 2117
56 641
56 1008
56 1890
57 499
57 1190
57 1193
58 1005
58 1799
58 2138
59 118
59 211
59 597
59 870
59 1148
59 1176
59 1265
59 1530
59 1621
59 1624
59 1908
60 317
60 382
60 603
60 734
60 1007
60 1519
61 366
61 420
61 1654
61 1865
61 2196
62 115
62 618
62 951
62 1702
62 1865
62 1958
62 2212
63 460
63 1219
63 1292
63 1634
64 84
64 87
64 242
64 425
64 534
64 868
64 937
64 972
64 1107
64 1147
64 1212
64 1411
64 1505
64 1516
64 1644
64 1708
64 1938
64 2009
65 919
65 1883
65 2183
66 151
66 744
66 1222
66 1903
66 1991
68 734
68 914
68 1222
68 1227
68 1865
68 1916
69 74
69 370
69 582
69 685
69 767
69 1398
69 1500
69 2152
70 206
70 296
70 589
70 746
70 1260
70 1791
70 2202
71 278
71 623
71 736
71 841
71 853
71 1177
71 1276
71 1395
72 451
72 626
72 692
72 1333
72 1613
74 185
74 685
74 1011
74 1158
74 1203
74 1398
75 351
75 385
75 644
75 1002
75 2148
77 220
77 332
77 536
77 972
77 1235
77 1695
77 1786
77 1814
77 1902
77 2179
78 1692
79 1201
80 1765
80 2096
81 278
81 623
81 856
81 1205
81 1762
82 947
82 2166
84 242
84 344
84 1147
84 1212
84 1361
84 2009
85 955
86 221
86 418
86 528
86 828
86 1016
86 1211
86 1416
87 194
87 937
87 974
87 1056
87 1107
87 1447
87 1708
87 1833
87 1938
88 1162
88 1494
89 309
89 515
89 2049
89 2089
89 2110
90 104
90 106
90 148
90 535
90 556
90 792
90 1178
90 2031
91 94
92 1018
93 422
93 1254
94 278
94 1985
94 2185
96 408
96 569
96 1308
96 2082
96 2196
97 211
97 1222
97 1276
97 1286
97 1458
97 1908
98 504
98 727
98 1903
98 1909
98 1960
99 105
99 593
99 855
99 896
99 1192
99 1664
99 2025
100 270
100 536
100 1189
100 1491
100 1600
100 1707
100 1786
100 1902
100 1912
100 2217
101 125
101 627
101 1266
103 644
104 106
104 535
104 792
104 1041
104 1178
104 1669
104 1764
104 1989
104 2031
104 2108
105 142
105 516
105 1213
105 1224
105 2107
105 2213
106 148
106 165
106 185
106 701
106 725
106 792
106 1027
106 1106
106 1205
106 1744
106 1768
106 1870
106 1881
106 1977
106 2019
107 423
107 645
107 1027
107 1161
107 1213
107 1220
107 1244
107 1569
107 1856
107 2073
108 448
108 1392
108 1562
108 2011
110 883
110 2229
111 2217
112 232
112 380
112 528
112 607
112 975
112 1000
112 1117
112 1511
112 1555
112 1949
112 2034
113 1583
113 1961
113 1962
113 2064
114 679
114 881
114 1100
114 1700
114 2031
115 474
116 1318
117 300
117 1099
117 1228
117 1593
117 2028
118 377
118 864
118 1250
118 1458
118 1908
118 2136
119 1909
120 1080
121 639
121 877
121 975
121 1175
121 1893
122 942
122 1458
122 1568
122 1916
123 504
123 718
123 731
123 1566
124 731
124 1048
124 2061
125 239
125 1160
125 1651
125 1831
126 1220
126 1572
126 1982
127 1134
127 1493
127 2248
128 151
128 1222
129 199
129 607
129 975
129 1019
129 1350
129 1673
130 1382
130 1477
130 1582
131 132
131 245
131 259
131 1151
131 1177
131 1377
131 1747
131 1832
131 1874
131 1972
132 281
132 644
132 1177
132 1747
132 2148
133 752
133 1654
133 1765
134 279
134 837
134 932
134 1881
134 1936
135 180
135 759
135 1623
135 2124
136 707
136 779
136 2022
138 144
138 599
138 795
138 1097
138 1472
138 1823
138 1930
138 1973
139 982
139 1192
139 1940
139 2230
140 673
140 1677
140 1713
142 516
142 1004
142 2052
143 199
143 232
143 359
143 1215
143 1339
143 1917
143 2037
144 2118
145 1673
146 642
146 1696
147 360
147 382
147 1156
147 1360
147 1605
147 1619
147 2155
148 254
148 274
148 367
148 380
148 384
148 534
148 535
148 653
148 663
148 868
148 938
148 949
148 1117
148 1189
148 1211
148 1362
148 1414
148 1644
148 1669
148 1786
148 2092
148 2108
149 659
149 959
149 1446
150 248
150 674
151 504
151 827
151 927
151 1115
152 1514
152 1883
152 1911
152 2007
152 2086
152 2211
153 427
153 640
153 702
153 1276
153 1314
154 188
154 204
154 410
154 865
154 2125
154 2194
155 768
155 1505
156 565
156 733
156 955
156 1062
156 1567
156 2119
157 243
157 498
157 1155
157 1888
158 302
158 808
158 1473
158 1495
158 1516
158 2140
160 664
160 995
160 1358
160 1399
161 274
161 805
161 2158
161 2241
162 604
166 995
166 1000
166 1229
166 1738
168 180
168 613
168 1006
168 1099
168 1183
168 1454
168 1551
168 1695
169 1348
170 415
170 1206
170 1569
170 1621
170 1721
170 1890
170 1979
170 2182
171 1787
172 752
172 1167
172 1243
172 1316
173 383
173 460
173 725
173 1175
173 1659
173 1910
173 2088
174 589
174 662
174 712
175 246
175 809
175 1042
175 1051
175 1178
175 1201
175 1544
175 1652
176 275
176 283
176 935
176 1019
176 1361
177 475
177 544
177 820
177 884
177 1538
177 2155
178 553
178 880
178 1014
178 1545
179 431
179 558
179 855
179 927
179 1102
179 1762
180 405
180 636
180 989
180 1091
180 1204
180 1337
180 1941
181 707
181 779
181 2164
182 757
182 828
182 1116
182 1212
182 1450
182 1934
184 1814
185 1768
185 2019
185 2038
186 1146
186 1156
186 1405
186 2199
187 481
188 259
188 792
188 1010
188 1044
188 1145
188 1319
188 1432
188 1538
188 1721
188 1786
188 2213
189 368
189 407
190 2120
192 220
192 556
192 1166
192 1184
192 1185
192 1556
192 1598
192 1989
192 2007
193 194
193 534
193 1201
193 1366
193 1549
193 1832
193 2063
194 581
194 974
194 1107
194 1353
194 1411
194 1447
194 1521
195 298
195 686
195 1031
195 1145
195 1856
195 2247
196 354
196 453
196 555
196 1951
196 1952
197 376
197 626
197 1257
197 1289
198 443
198 1260
198 1964
199 616
199 715
199 1425
201 463
201 835
201 1290
201 1601
201 1933
202 499
202 510
202 639
202 994
202 1194
202 1326
202 1893
204 1719
204 1721
204 1797
205 1968
205 2083
205 2120
205 2207
206 688
206 1411
206 1516
206 1783
207 1657
207 1664
208 246
208 265
208 388
208 1074
208 2246
210 554
210 994
210 1122
210 1175
210 1219
210 1783
210 2088
210 2186
211 542
211 870
211 1265
211 1621
211 1908
212 267
213 341
213 510
213 1842
213 1893
214 602
216 542
216 589
216 919
216 942
216 2074
217 2180
218 773
218 927
218 978
218 1512
220 780
220 917
220 919
220 1514
220 1883
220 1911
220 2086
220 2102
221 249
221 559
221 612
221 972
221 1063
221 1580
221 1588
222 713
222 954
222 1293
222 1369
222 1474
222 1757
222 1790
223 775
223 860
224 797
224 860
224 1106
224 1399
224 1494
224 1524
224 1638
224 1768
224 2175
225 336
225 669
226 1428
226 2101
228 1062
228 1678
228 1995
229 567
229 1921
231 298
231 473
231 1207
231 1253
231 1303
231 1473
231 1536
231 1782
231 1821
231 1831
231 1896
231 2235
232 524
232 656
232 914
232 1212
232 1353
232 1473
232 1542
232 1555
232 2022
233 1084
233 1429
233 2039
234 460
236 622
236 1008
236 1313
237 1078
237 1090
238 724
238 1461
239 1657
239 1664
240 358
240 727
240 926
240 1524
240 2046
241 352
241 379
241 392
241 1088
241 1130
241 1148
241 1976
241 1983
242 275
242 425
242 719
242 1002
242 1147
243 252
243 1720
243 1869
245 259
245 457
245 526
245 665
245 816
245 890
245 962
245 1151
245 1972
245 2005
245 2073
246 302
246 1074
246 1172
246 1512
246 1513
247 637
247 732
247 812
247 2096
248 1985
249 384
249 559
249 972
249 1580
249 1989
251 1438
251 1527
252 569
252 571
252 641
252 1422
252 1867
252 1869
253 559
254 653
254 1164
254 1211
254 1366
254 1808
254 2092
255 1168
255 1567
256 464
256 2155
257 997
259 388
259 699
259 1124
259 1151
259 1338
259 1468
259 1572
259 1650
259 1683
259 2159
260 1974
260 2101
261 419
261 1466
261 1937
263 666
264 345
264 827
264 1821
264 2188
265 291
265 745
265 901
265 1392
265 1513
265 1849
265 2086
266 1340
267 580
267 1205
267 1658
268 767
268 1025
268 1411
268 1602
268 1686
268 2241
269 439
269 829
269 958
269 1458
270 515
270 536
270 938
270 1189
270 1786
270 2104
272 675
272 676
272 1344
272 1657
272 1664
273 566
273 580
273 732
273 736
273 1168
273 1192
273 1252
273 1844
273 2155
274 425
274 1000
274 1020
274 1117
274 1231
274 1242
274 1314
274 1350
274 1416
274 1591
274 1647
274 2241
275 283
275 1019
275 1147
275 1559
277 488
277 694
277 792
277 967
277 1488
277 1622
277 1893
277 2088
277 2102
278 623
278 856
278 989
278 1261
278 1394
278 1408
278 2155
279 501
279 932
279 1493
279 1577
279 1967
279 2088
279 2172
279 2242
280 327
280 537
280 979
280 1053
280 1393
280 1436
280 1871
280 2243
281 283
281 503
281 1414
282 915
282 958
282 1042
282 1090
282 1310
282 1424
282 1453
282 1652
283 487
283 489
283 496
283 549
283 1323
283 1598
283 2092
284 1394
285 1179
285 1203
285 1215
285 1291
285 1928
286 1974
287 317
287 629
287 692
287 1067
287 1820
288 683
288 1213
288 1543
288 1685
288 1829
289 1248
289 1815
289 2041
290 2137
291 331
291 600
291 724
291 925
291 1289
291 1587
295 354
295 1538
296 1260
296 1791
296 2028
296 2202
298 1034
298 1350
298 1808
298 1856
299 1875
299 2161
300 1436
300 1827
300 2233
301 387
301 1258
301 1585
301 1719
301 1927
302 568
302 1074
302 1130
302 1163
302 1172
302 1510
302 1593
302 2121
303 391
303 1261
303 1759
303 1920
303 2154
303 2163
305 333
305 346
305 583
305 995
305 1154
305 1672
305 1932
305 2167
307 642
307 686
307 1223
307 2089
308 496
308 1223
308 1703
308 1721
308 2226
309 515
309 1010
309 1442
309 2089
310 1116
310 1541
310 2173
311 1337
311 1846
312 1039
312 1051
312 1330
313 351
313 467
313 906
313 1047
313 1301
313 1305
313 1516
313 1864
313 1900
313 1934
314 1014
314 1351
315 320
315 1505
316 459
316 676
317 382
317 804
317 1282
317 2193
318 546
318 1137
318 1190
319 604
319 1656
320 340
320 1361
320 1434
321 483
321 546
321 792
321 1010
321 1012
321 1033
321 1404
321 1678
321 1746
322 1473
322 1554
323 468
323 1008
323 2158
324 803
324 1524
324 1527
324 1704
325 523
325 1012
325 1246
325 1287
325 1295
325 1320
325 1459
325 1594
325 1733
325 1984
326 558
327 456
327 1053
327 1060
327 1134
327 2205
328 1993
329 715
329 928
329 960
329 1889
330 347
331 616
331 702
331 760
331 2055
331 2145
331 2147
332 536
332 1669
332 2108
333 895
333 1047
333 1154
333 1616
333 1982
333 2126
334 831
334 1480
334 2156
336 814
336 817
336 1346
336 1610
336 1612
337 1851
338 2025
339 395
341 510
342 626
342 901
342 954
342 1502
342 1544
342 1725
343 1719
344 500
344 1743
344 1821
344 1831
345 972
345 2060
345 2188
346 1380
346 2065
347 550
347 595
347 716
347 884
347 1202
348 533
348 669
348 959
348 998
348 1359
349 374
351 644
351 924
351 982
351 1033
351 1301
351 1305
351 1598
351 2029
352 381
352 443
352 1964
352 2012
352 2134
353 539
353 669
353 959
353 1293
353 1346
353 1481
353 1514
353 1618
353 1813
353 2222
354 589
354 1538
355 627
355 1116
355 1561
355 2054
356 1377
356 1449
356 1509
356 1868
359 518
359 1015
360 458
360 960
360 1998
360 2073
361 1081
362 939
362 1391
362 1511
362 1678
364 770
365 858
365 1272
365 1390
365 2178
366 1575
367 1357
367 1495
367 1644
367 2241
368 1242
369 1284
369 1370
369 1508
369 1650
369 1770
369 1976
370 523
370 1500
370 1678
372 1167
372 2186
372 2223
373 447
373 2068
374 591
374 594
376 653
376 659
376 771
376 839
376 1627
376 2150
377 864
377 1956
379 484
379 489
379 591
379 594
379 690
379 714
379 864
379 1833
379 1905
379 1983
379 2188
380 749
380 784
380 1020
380 1211
380 1221
380 1669
380 1808
380 2031
380 2108
381 840
381 1946
381 1974
382 407
382 448
382 1066
382 1494
382 1659
383 1037
383 1121
383 1154
383 1771
383 1984
383 1998
383 2143
384 1557
384 1639
384 1735
384 2164
385 489
385 753
385 1207
385 1984
386 506
386 719
386 836
386 2031
387 1086
387 1258
387 1840
387 1927
387 2213
388 482
388 954
388 1180
388 1761
388 2246
389 1578
389 1662
389 2030
389 2231
392 834
392 1042
392 1130
392 1148
392 1306
392 2012
392 2101
393 477
393 738
393 877
393 914
393 916
393 1083
393 1490
393 1630
393 1639
393 1674
393 2106
394 830
394 1157
394 1626
394 1701
395 489
395 565
395 764
395 1588
396 398
396 647
396 1115
396 1867
396 1968
397 1562
397 1931
397 2143
398 547
398 945
398 1462
398 1829
398 2195
399 542
399 795
399 1397
399 1445
399 1446
399 2141
400 1992
401 2047
402 939
402 1160
402 1391
402 1511
403 634
403 759
403 1128
403 2107
404 553
404 880
404 884
404 939
404 1014
404 1296
404 1391
404 2022
407 415
407 643
407 802
407 1015
407 1456
407 1731
407 1742
407 1996
407 2108
407 2110
407 2156
408 428
408 833
408 891
408 1769
408 1927
409 518
409 1425
409 1578
409 1580
409 1829
409 1958
409 2140
409 2182
410 1780
410 1957
411 463
411 875
411 1568
411 1995
412 705
412 2164
413 1020
413 1178
413 1317
413 1511
413 1516
413 2031
413 2034
413 2095
413 2225
414 447
414 536
414 601
414 986
414 1167
414 1793
414 2182
414 2223
415 1003
415 1096
415 1168
415 1689
415 1738
415 1975
415 2036
415 2177
415 2192
416 829
416 1371
416 1645
417 1761
418 507
418 528
418 534
418 828
418 1211
418 1897
418 2001
419 1338
419 1428
419 1466
419 1931
419 1937
420 505
420 620
420 703
420 1829
420 1865
421 552
421 582
421 749
421 1179
421 1212
421 1325
421 1338
421 2001
421 2099
421 2241
422 1337
422 2207
423 2239
425 612
425 1147
426 1587
428 1058
428 2080
429 1629
430 633
430 663
430 755
430 1005
430 1024
430 1050
430 1355
431 449
431 458
431 697
431 740
431 960
431 1283
431 1933
431 1998
431 2021
431 2032
432 571
432 632
432 1324
433 683
433 1579
435 461
435 713
435 1744
435 1766
435 1870
436 482
436 667
436 1308
436 1513
436 1728
436 1879
437 607
437 695
437 1092
437 1347
437 1957
437 2092
437 2143
439 958
440 707
440 726
440 728
440 779
440 1485
441 545
441 627
441 638
441 984
441 1378
441 1561
441 1885
441 2057
441 2237
442 690
442 2027
443 907
443 1853
443 1964
443 2012
443 2134
444 1436
444 1658
445 746
445 921
445 1038
445 2244
446 1068
446 2013
446 2244
447 449
447 454
447 601
447 986
447 1068
447 1793
447 1838
447 1871
448 1392
448 1651
448 1936
448 2021
448 2180
449 697
449 1265
449 1651
449 1793
449 1936
449 2021
449 2032
450 1542
451 470
451 1239
451 1919
452 467
452 1015
452 1172
452 1971
452 2092
452 2152
452 2242
453 1160
453 1952
454 2112
456 1871
456 1961
456 2085
457 540
457 1669
458 740
458 960
458 1544
458 1998
460 1029
460 1086
460 1175
460 1426
460 1863
461 1470
462 1046
462 1408
462 1522
462 1544
462 1661
462 2213
463 875
463 1981
464 1113
466 1357
466 1559
467 826
467 1381
467 1546
467 1753
468 1222
468 1371
468 1485
469 1050
469 1303
470 1919
470 1993
470 2027
471 1379
472 1509
472 1655
473 478
473 996
473 1168
474 522
474 1105
474 1929
476 1656
477 553
477 572
477 820
477 914
477 953
477 1227
477 1450
477 1573
478 492
478 982
478 987
478 1184
478 2047
479 1242
479 1356
479 1460
479 1672
480 864
480 875
480 1103
480 1160
480 1171
480 1568
480 1833
480 1981
480 1984
480 1995
481 620
481 923
481 1362
481 1378
481 1589
481 1810
482 535
482 569
482 1051
482 1073
482 1259
482 1867
482 1914
483 624
483 1044
483 1678
483 1721
483 2174
483 2179
484 1304
484 1810
484 1821
484 1905
487 505
487 595
487 616
487 773
487 848
487 975
487 1521
487 2092
488 567
488 658
488 680
488 901
488 1011
488 1106
488 1199
488 1653
489 549
489 828
489 848
489 1147
489 1821
489 2092
490 714
490 1080
490 1163
490 1986
490 2157
492 1125
492 1782
493 678
493 683
494 1756
494 1758
495 1849
496 1044
498 1155
498 2085
499 1058
499 1193
499 1194
499 1403
500 946
500 972
500 1814
500 1885
501 664
501 812
501 954
501 1392
501 1593
501 1618
501 1646
501 1766
503 657
504 780
504 1265
504 1566
505 620
505 893
505 951
505 1115
505 1289
505 1639
505 1865
506 1840
506 1844
506 2058
507 624
507 773
507 1253
507 1543
507 1814
507 2060
508 1887
509 1064
509 1934
510 639
510 1520
510 1893
510 2226
511 1659
512 1414
512 1660
513 1167
514 1382
515 2049
515 2089
515 2110
516 1213
518 544
518 712
518 820
518 824
518 938
518 1443
518 1806
518 2182
519 1213
519 1559
521 1082
521 1884
522 951
523 632
523 1031
523 1510
523 1633
523 1984
523 2090
523 2202
524 808
524 951
524 1212
524 1242
524 1555
524 1754
524 2022
524 2231
525 958
525 1611
525 1683
525 1838
525 2019
525 2106
525 2156
526 845
526 1094
526 1141
526 1144
526 1256
526 1600
526 1807
527 1849
528 1179
528 1416
528 2009
528 2200
529 2064
530 1492
533 1180
533 2246
534 656
534 868
534 1201
534 1549
535 556
535 1095
535 1166
535 1178
535 1211
535 1556
535 1989
536 550
536 1189
536 1695
536 1786
536 1836
536 2108
537 1066
537 1210
537 1393
537 1459
538 1400
538 1602
539 669
539 1346
539 1514
539 1813
539 2029
541 1802
542 854
542 944
542 1056
542 1624
542 1984
543 1130
544 633
544 797
544 1005
544 1355
544 2213
545 1885
545 1988
545 2055
548 860
548 1099
548 1282
548 1549
549 773
549 1536
549 1882
550 724
550 954
550 1126
550 1202
550 1235
551 648
551 691
551 1121
551 1137
551 1142
551 1354
552 905
552 1505
552 2225
553 880
553 884
553 939
553 975
553 1014
553 1442
553 1673
553 2022
554 1491
554 1543
554 1634
554 1825
554 2162
554 2248
555 691
555 859
555 1076
555 1077
555 1223
555 1235
555 1445
555 1456
555 2217
556 881
556 1166
556 1178
556 1185
556 1404
556 1556
556 1686
556 2007
558 1927
559 972
559 1335
559 1908
559 1981
560 591
560 594
560 830
560 1076
560 1077
560 1142
560 2148
563 2150
564 1228
564 1718
565 937
565 1516
565 1833
565 2155
566 1137
566 1295
566 1379
567 851
567 1046
567 1167
567 1736
567 2011
568 796
568 1091
568 1157
568 1408
568 1628
569 604
569 692
569 964
569 1867
570 653
570 705
570 1079
570 1178
570 1338
571 1916
572 866
572 914
572 953
572 1079
572 1227
572 1865
575 767
576 970
577 1231
577 1242
577 1647
577 1673
578 1330
578 1613
579 1036
579 2131
580 942
580 1588
580 1590
580 2065
580 2208
581 937
581 1107
581 1223
581 1272
581 1411
581 1447
581 1505
581 1708
581 1833
581 1938
582 767
582 903
582 1037
582 1305
582 1325
582 1398
582 1588
582 1615
582 1971
582 1993
584 678
586 821
586 822
586 2156
587 628
587 862
587 982
587 1015
587 1021
587 1701
588 733
589 687
589 773
589 824
589 834
589 1318
590 2048
591 780
591 1683
591 2007
592 909
592 1812
593 1283
593 2244
594 1683
595 707
595 716
595 750
595 779
595 866
595 884
595 1020
595 1059
595 1083
596 1714
596 2212
597 687
597 1138
597 1329
597 1530
597 1944
599 1097
600 2016
600 2106
600 2174
601 909
601 986
601 1793
601 2088
601 2186
602 890
602 1249
603 1007
603 1736
604 812
604 1170
604 1422
605 647
606 637
606 960
606 1094
606 1537
606 2073
606 2078
607 703
607 949
607 975
607 1019
607 1164
607 1179
607 1203
607 1350
607 1573
607 1940
607 2092
607 2241
609 785
609 825
609 1223
609 1556
609 1625
609 1797
609 1836
609 1917
610 662
610 1592
611 816
611 2170
612 982
612 1108
612 1302
612 1417
612 1522
612 2206
612 2231
613 1202
614 1436
614 1634
614 1659
615 1553
616 2147
618 805
618 1702
618 1865
620 743
620 893
620 1588
620 1865
622 777
622 1196
623 648
623 736
623 853
623 1569
624 679
624 1455
624 1816
624 1938
624 1996
624 2009
625 1499
625 1821
625 1871
625 2027
626 901
626 1028
626 1327
626 1502
626 1522
626 1736
626 1893
627 1116
627 1561
627 1717
627 1885
628 637
628 739
628 756
628 929
628 1065
628 1189
628 1496
628 1786
628 1917
629 652
629 1053
629 1067
629 1241
629 1609
629 1748
629 1871
629 1899
630 1295
630 1423
630 1436
630 1523
630 1752
632 1954
632 2090
633 1005
633 1050
633 1513
633 1534
633 1798
634 1819
634 2133
635 1955
636 864
636 1008
636 1045
636 1347
636 2193
636 2229
636 2234
637 960
637 1070
637 1206
637 1571
637 2078
638 1266
639 707
639 779
639 1893
641 1422
641 1867
641 2105
642 1598
642 1696
642 1872
642 1989
642 1997
643 646
643 793
643 1096
643 1272
643 1354
643 1738
643 1975
643 2034
643 2062
644 682
644 924
644 1305
644 1598
644 2029
644 2225
645 934
645 1213
645 1244
645 2107
646 1208
646 1361
646 1450
646 1528
647 841
647 895
647 1105
647 1415
647 1512
647 1833
647 2063
648 886
648 1306
648 1740
648 1746
648 1979
650 817
650 1678
650 1791
650 2006
650 2226
651 1164
651 1203
651 1340
651 1612
651 1691
651 1847
652 1067
652 1241
652 1609
652 1820
653 1179
653 1325
653 1669
653 2108
654 858
656 866
656 1227
656 1401
656 1589
656 1788
656 2063
658 665
658 680
658 792
658 1106
658 1350
659 838
659 909
659 959
659 1827
660 853
660 1802
661 1081
661 1330
661 1664
662 816
662 986
662 1569
662 1762
662 1916
662 2019
662 2223
663 1024
663 1355
664 713
664 954
664 1028
664 1474
664 1514
664 1757
664 1911
665 970
665 1581
665 1798
666 733
666 1128
666 1303
666 1820
666 2210
667 1144
667 1879
669 959
669 1813
671 1016
671 1438
672 1222
672 1225
673 1191
673 1193
673 1878
673 2180
674 2153
675 1123
676 1232
676 1559
676 2136
678 1473
678 1666
678 1782
678 1913
678 2120
679 864
679 1016
679 1632
679 1847
679 2074
680 792
680 895
680 2246
681 903
681 1052
682 738
682 1829
682 2153
683 1462
683 1829
685 2203
686 1024
686 1785
686 1912
686 2083
686 2209
687 942
688 1411
688 2227
690 996
690 1905
691 1137
692 1613
692 1626
692 1887
693 1600
693 1903
694 901
694 967
694 1027
694 2102
695 1278
695 1612
695 2210
697 1769
697 2021
697 2032
698 1983
699 767
699 1274
699 1376
699 1378
699 1448
699 1646
699 1847
700 2016
701 1028
701 1106
701 1399
701 1622
701 1638
701 1768
701 2019
701 2086
701 2162
703 949
703 953
703 1079
703 1383
703 1826
703 1949
703 2092
704 1296
705 1077
705 1142
705 1176
705 1342
705 1764
705 2046
706 815
706 836
706 849
706 1922
707 779
707 1059
707 1077
707 1083
707 1142
707 1826
707 2164
708 1123
708 1283
709 969
709 2237
710 1182
710 1572
710 1902
710 2213
712 846
712 1789
712 2182
713 801
713 954
713 1205
713 1618
713 1870
714 951
715 2212
716 884
716 2225
717 1194
717 1288
717 1333
717 1562
718 731
718 1619
718 2163
719 739
719 1147
721 2243
724 1552
725 1027
725 1175
725 1210
725 1977
725 2086
726 728
726 753
726 988
726 1485
726 1750
727 926
728 753
729 2139
731 1304
731 1890
731 2203
732 801
732 822
732 1108
733 735
733 1269
733 2066
734 1282
735 1128
735 2066
736 1422
736 1728
736 1979
738 923
738 1660
738 1735
738 2107
738 2173
739 2149
740 1499
740 1596
742 843
742 988
742 1078
742 1152
742 1800
742 1851
742 1925
742 2161
743 888
743 1588
743 1716
743 1905
743 2232
744 1472
744 1682
744 1858
744 1903
744 2117
745 1289
746 921
746 1703
746 1835
747 1534
748 988
748 1124
748 1468
748 1641
748 1650
748 1875
749 784
749 1223
749 1808
750 1389
750 1396
750 1442
750 2100
751 776
751 816
751 964
751 1579
752 1106
752 1134
752 1327
752 1534
752 1802
753 1296
753 1372
753 1448
753 1486
753 1847
753 1984
753 2150
754 759
754 1629
754 1801
754 1815
755 757
755 1024
756 1189
756 1600
756 1783
756 1786
756 2036
757 1272
757 1541
757 1656
759 1008
759 1629
759 1801
764 2099
765 1212
765 1876
765 2198
766 785
766 991
766 1157
766 1842
766 2144
767 890
767 1002
767 1325
767 1376
767 1378
767 1750
767 2067
767 2134
768 1055
768 1965
769 1801
769 1909
770 1303
771 2240
772 2059
773 929
773 1512
773 1771
773 1814
773 1816
773 2092
774 796
775 1328
775 1899
777 1313
777 2097
778 901
778 909
778 1021
778 1123
778 1125
778 1750
778 2065
779 1059
779 1077
779 1083
779 1142
779 1826
779 2164
780 1903
782 1483
782 1935
782 2031
783 2126
784 949
784 1223
784 1314
784 1383
784 1397
784 1808
784 2092
784 2241
785 1000
785 1057
785 1182
785 1229
785 1431
785 1662
785 1763
785 1902
786 1237
787 1105
787 1662
791 933
792 1122
792 1350
792 1783
792 1870
792 2088
792 2110
793 949
793 1940
793 2034
793 2110
794 1552
794 1831
794 2240
794 2242
795 1131
795 1806
795 1813
795 1930
796 1806
796 2098
797 838
797 1285
797 1304
797 1319
797 1336
797 1679
797 1747
797 1917
801 1514
802 1538
802 2110
803 1335
803 1524
803 1704
807 1473
807 2051
808 928
809 1010
809 1012
809 1124
809 1151
809 1883
810 824
810 1814
810 1816
810 2232
812 1593
812 1955
814 1610
814 1961
815 849
815 1473
815 2143
816 1070
816 1612
816 1762
816 2080
817 1791
817 2126
817 2164
817 2215
817 2226
818 2104
820 916
820 1841
820 1932
821 916
821 938
821 1174
821 1356
821 1674
821 2106
822 891
822 959
822 1058
822 1174
822 1226
822 1674
822 1702
822 2106
824 1015
824 1168
825 991
825 1121
825 1379
825 1738
825 1845
825 1914
825 1917
826 1086
826 1714
826 1835
827 1232
828 1179
828 1416
828 1486
829 982
829 1363
829 1944
830 1215
830 1683
831 1154
831 1480
831 1887
832 1447
832 1549
833 1008
833 1313
833 1315
833 1347
833 1579
833 1841
833 2189
834 840
835 1290
835 1933
836 969
837 1522
837 1881
837 2005
837 2172
838 1106
838 1291
838 1336
838 1338
840 971
840 1260
840 2134
841 1497
841 1615
841 1616
842 1460
842 1515
842 1788
842 2213
843 912
843 1739
843 1750
843 1943
844 1242
844 1362
844 1559
846 1787
846 2044
847 968
847 2072
848 1089
849 1473
851 1736
853 989
853 1204
853 1467
853 1802
854 1624
856 1828
857 909
858 865
858 1057
858 1272
859 1076
859 1077
859 1142
859 1235
859 1866
860 1010
860 1012
860 1086
860 1099
860 1494
860 2214
861 1211
861 1985
862 2147
863 1436
863 1680
863 1752
864 1171
864 1326
865 1981
866 1079
866 1227
868 1644
868 1896
868 2200
870 1123
870 1544
870 1621
870 1867
870 1908
872 927
872 1356
872 1763
875 1103
875 1801
875 1981
876 2084
877 1089
877 1111
877 1203
877 1245
877 1362
877 1528
877 1673
877 1754
877 1814
878 2048
879 1129
879 1132
879 1419
879 1607
879 1711
879 2026
879 2075
879 2145
880 1014
880 1296
880 1809
880 2022
881 1032
881 1538
881 1686
881 2118
883 1347
883 1718
883 2035
883 2229
883 2234
884 936
884 1889
885 890
885 994
885 1167
885 1277
885 2005
885 2186
888 1898
889 994
890 1134
890 1277
890 2005
890 2152
891 914
891 991
891 1174
891 1544
891 1674
891 1769
891 1838
892 986
892 1838
893 896
893 1193
893 1803
893 1873
895 2046
895 2063
896 1409
896 1880
896 2025
898 1521
898 1522
898 1922
898 2100
899 1744
901 1502
901 1506
901 1522
901 1775
902 1326
903 1203
903 1632
904 993
904 1194
904 1584
905 1211
906 1025
906 1356
906 1934
907 1152
907 1370
909 956
909 1705
911 2153
912 1201
912 1260
912 1310
912 1750
912 1943
913 1230
913 1365
914 916
914 1227
914 1425
914 1589
914 1639
914 1702
914 1865
914 1913
914 2022
916 1174
917 1412
917 1573
917 1802
918 1333
918 1690
918 1815
919 1775
919 1883
919 2183
919 2194
920 1639
920 2225
921 1023
921 1037
921 1598
921 1835
921 1837
921 1965
922 1306
922 1453
923 1296
923 1378
923 1434
923 1537
923 1810
923 1919
924 1002
924 1318
924 1598
924 2029
926 1115
926 1592
927 928
927 2006
927 2047
927 2109
929 1106
929 1167
929 1205
929 1977
931 1028
932 1036
932 1577
932 1619
932 1936
932 1992
933 1267
933 1316
935 987
935 1312
935 1807
936 1785
936 1912
937 1107
937 1447
937 1708
937 1833
937 1938
938 1174
938 1204
938 2035
938 2068
938 2182
939 1173
939 1227
939 1296
939 1391
939 1392
939 1511
939 1673
939 2063
941 1660
941 1676
942 1776
942 1900
942 1944
942 2202
943 1999
945 1698
945 1991
947 1066
947 1660
947 1884
949 1035
949 1179
949 1940
949 1949
949 2092
949 2241
952 956
952 1834
953 975
953 1079
953 1753
953 1826
954 1126
954 1369
954 1432
954 1474
954 1911
955 1160
955 1218
955 2055
956 1157
956 1834
956 2175
956 2193
958 1471
958 1851
958 1892
959 1140
959 1346
959 1813
959 2087
960 1206
960 1838
960 1892
960 1998
960 2073
960 2078
960 2096
961 2230
962 1544
962 1667
962 1791
963 2066
964 1005
964 1051
966 2245
967 1106
967 1725
967 1768
969 1415
969 2237
972 1115
972 1708
972 2040
972 2192
974 1411
974 1413
974 1708
975 1019
975 1350
975 1397
975 1521
975 1683
976 1160
977 1219
977 1292
978 1634
979 1405
979 2243
981 1781
982 1168
982 2226
983 1093
983 2081
985 2145
986 1793
986 1970
986 2088
986 2186
987 1560
987 1985
988 1468
988 1641
988 1672
988 1925
988 2161
989 1661
989 1781
989 1998
989 2044
989 2143
989 2144
989 2213
991 1094
991 2078
992 1248
993 1584
994 1127
994 1167
994 1277
994 1904
994 2149
995 1000
995 1514
995 1540
996 1536
996 1810
996 1831
996 2085
997 1143
997 1191
997 1475
997 1820
997 1991
998 1359
998 1763
999 1066
999 1226
999 1493
999 1567
999 1675
999 1788
1000 1738
1002 1037
1002 1147
1002 1272
1002 1383
1002 1398
1003 1738
1003 1975
1003 2177
1004 1405
1004 1626
1004 2002
1004 2052
1005 1050
1005 1281
1005 1355
1005 1726
1005 2093
1006 1183
1006 1792
1008 1045
1008 1249
1008 1347
1008 1887
1008 1890
1008 1892
1008 2229
1010 1392
1010 1673
1010 1847
1010 1952
1010 1984
1010 2051
1010 2089
1010 2125
1010 2181
1011 1122
1011 1274
1011 1783
1011 1877
1012 1673
1012 1984
1012 2091
1012 2118
1012 2125
1012 2181
1013 1061
1013 1282
1013 1852
1013 1945
1014 1545
1014 2022
1015 1172
1015 1943
1015 2095
1015 2127
1015 2152
1016 1251
1016 1903
1017 1438
1017 1602
1019 1350
1019 1521
1019 1630
1019 1683
1019 2114
1020 1041
1020 1511
1020 1808
1020 1818
1020 2031
1020 2092
1021 1070
1021 1798
1021 1867
1022 1683
1023 1047
1023 1663
1023 1837
1024 1050
1024 1355
1025 1411
1025 1866
1025 1934
1025 2227
1026 1792
1027 1392
1027 1977
1028 1840
1029 1451
1029 2143
1032 1185
1032 1272
1032 1383
1032 1404
1032 1556
1032 1686
1032 1719
1032 1957
1033 1342
1033 1404
1033 2074
1034 1587
1034 1994
1035 1063
1037 1383
1037 1398
1038 1044
1038 1665
1039 1670
1039 1698
1039 2197
1040 1091
1040 1144
1040 1726
1041 1178
1041 1877
1041 1989
1041 2031
1042 1090
1042 1310
1042 2135
1044 1721
1044 2179
1045 1141
1045 1145
1045 1165
1045 1404
1045 1828
1045 2078
1046 1091
1046 1894
1047 1630
1047 2126
1048 1145
1048 1158
1048 1294
1048 1687
1050 1355
1051 1807
1052 1739
1053 1067
1053 1393
1053 1523
1053 1609
1053 1871
1056 1679
1057 1058
1057 1351
1057 1932
1058 1313
1058 1495
1058 1720
1058 2087
1060 1752
1060 2246
1061 1162
1061 1282
1061 1445
1062 1103
1062 1495
1062 1849
1062 1995
1064 1160
1064 1574
1065 1082
1065 1576
1065 1787
1065 1899
1066 1226
1066 1422
1066 1567
1066 1654
1067 1523
1067 1609
1067 1657
1067 1871
1068 1956
1068 1981
1068 2174
1069 1171
1070 1730
1070 1914
1070 2158
1073 1979
1074 1172
1074 1513
1074 1627
1076 1142
1076 1235
1076 2217
1077 1142
1077 1235
1077 2148
1078 1368
1078 1420
1078 1464
1078 1853
1078 2135
1079 1826
1080 1184
1080 1931
1082 1654
1082 1884
1083 1142
1083 1858
1084 1429
1084 2039
1085 1560
1086 1162
1086 1175
1086 1369
1086 1494
1086 2214
1088 1394
1088 1486
1089 1753
1089 1754
1089 2004
1090 1152
1090 1861
1091 1144
1091 1600
1091 1880
1091 1894
1091 1914
1091 2213
1092 1731
1092 1972
1093 2134
1094 1121
1094 1144
1094 1348
1094 1998
1094 2073
1094 2078
1094 2248
1096 1134
1096 1897
1097 1823
1097 1973
1098 1652
1099 1454
1100 1272
1100 1719
1100 2118
1100 2211
1101 1419
1101 1426
1101 1799
1101 1921
1101 1943
1102 1289
1102 1302
1102 1466
1102 1607
1102 1937
1102 2077
1103 1981
1103 1995
1104 1537
1104 1706
1105 1229
1105 1632
1105 1662
1106 1219
1106 1742
1106 1768
1106 2166
1107 1505
1107 1708
1107 1833
1107 1938
1108 1205
1108 1425
1108 1430
1108 1431
1108 1814
1110 1385
1110 1769
1110 2170
1111 1490
1111 2170
1113 1251
1113 2057
1114 1184
1115 1666
1115 1776
1115 1968
1116 1344
1116 1495
1116 1541
1116 1561
1116 1717
1116 1833
1117 1350
1117 1490
1117 1602
1117 1644
1117 2034
1117 2241
1119 1205
1121 1304
1121 1513
1121 1571
1121 1868
1121 1975
1122 1274
1122 1877
1123 1125
1123 1580
1123 1872
1123 2065
1123 2105
1123 2155
1124 1259
1124 1354
1124 1468
1124 1569
1124 1572
1124 1683
1124 1874
1124 1875
1124 1883
1125 1642
1126 1228
1126 1840
1127 1802
1128 1163
1128 1184
1128 1541
1130 1711
1130 2012
1130 2134
1131 1514
1132 1768
1132 1770
1134 1243
1134 1897
1134 2061
1134 2088
1134 2186
1137 1354
1137 1853
1138 1427
1138 1615
1138 1668
1139 1820
1140 1346
1142 1235
1142 2148
1143 1180
1143 2246
1145 1201
1145 1786
1147 1757
1148 1602
1148 2101
1151 1371
1151 1377
1151 1468
1151 1582
1151 1972
1152 1354
1152 2159
1153 1649
1153 1958
1154 1540
1154 1838
1156 1726
1156 2199
1157 1408
1157 1422
1157 1600
1157 1612
1157 1839
1157 2035
1157 2080
1158 2132
1160 1218
1160 2055
1161 1244
1162 1219
1162 1319
1162 1494
1162 1634
1162 2111
1162 2214
1163 1580
1164 1179
1164 1203
1164 1573
1164 1928
1165 1456
1166 1178
1166 1185
1166 1404
1166 1556
1166 2007
1167 1316
1167 1842
1167 2186
1167 2223
1168 1371
1168 1601
1168 1615
1168 1784
1168 2069
1168 2077
1170 1766
1170 2233
1171 1218
1172 1359
1172 1606
1172 1828
1172 2127
1172 2152
1173 1227
1174 1259
1174 1674
1174 1942
1174 2106
1175 1665
1175 1668
1175 1757
1175 1870
1175 2132
1176 1222
1176 1530
1177 1883
1178 1404
1178 2007
1178 2225
1179 1203
1179 1215
1179 1323
1179 1383
1179 1928
1179 1938
1179 2092
1179 2204
1180 1399
1180 1577
1180 1593
1180 1653
1180 1990
1181 1761
1181 2025
1182 1610
1182 2182
1183 1672
1183 1695
1184 1347
1185 1404
1185 1556
1185 2007
1187 1628
1189 1784
1189 1786
1189 1856
1191 1878
1191 1906
1192 1249
1192 1326
1192 2079
1192 2193
1194 1584
1196 1719
1197 1897
1197 2122
1201 1650
1201 1813
1201 2152
1201 2206
1202 1707
1203 1215
1203 1743
1203 1928
1203 2241
1204 1600
1204 1955
1204 2035
1205 1653
1205 1768
1205 2222
1206 1569
1206 2182
1207 1448
1207 1787
1208 1361
1208 1897
1210 1360
1211 1221
1211 1414
1211 1416
1211 1490
1212 1396
1212 1555
1212 2118
1212 2188
1212 2198
1213 1244
1213 1887
1213 2107
1215 1400
1215 1928
1215 2204
1216 1229
1217 2158
1219 1292
1219 1634
1219 1761
1219 2038
1219 2088
1220 2201
1222 1670
1222 1991
1222 2119
1223 1721
1223 1898
1223 1917
1223 2241
1224 1880
1226 1765
1227 1369
1227 1425
1227 1702
1228 2132
1229 1410
1229 1422
1230 1304
1230 1470
1230 1553
1230 1775
1231 1242
1231 1416
1231 1591
1231 1647
1231 1842
1231 1885
1231 2241
1232 1952
1235 1866
1235 2148
1236 1588
1236 1742
1236 1896
1236 1979
1236 2140
1237 2136
1239 1393
1242 1647
1243 1248
1243 1645
1244 1723
1244 2107
1245 1399
1245 1528
1245 1814
1245 1816
1245 2060
1246 1295
1246 1513
1246 1820
1248 1327
1248 2136
1249 1326
1249 2193
1250 2136
1251 1294
1251 1903
1252 1259
1252 2096
1253 1360
1253 1473
1253 1509
1253 2063
1254 2136
1255 1475
1256 1340
1256 1839
1256 1845
1256 2182
1257 2240
1258 1927
1259 1569
1259 1844
1259 1868
1259 2187
1260 1652
1260 1760
1261 2213
1262 1761
1265 1651
1265 1908
1266 1676
1266 1717
1266 1959
1266 2232
1267 1799
1267 2103
1269 1443
1272 1837
1273 1623
1274 1646
1274 1877
1274 2088
1275 1974
1276 1286
1276 1455
1276 1671
1276 1703
1276 1908
1276 1956
1276 2141
1277 1374
1277 1783
1278 1454
1278 1612
1279 1553
1281 1742
1281 1979
1282 1308
1282 1549
1282 1576
1282 1730
1282 1776
1283 1544
1283 1551
1283 1773
1283 2152
1283 2247
1284 1508
1285 1902
1285 1918
1285 2051
1285 2192
1287 1295
1288 1293
1289 1875
1289 2183
1290 1933
1290 2225
1291 1520
1291 1725
1291 1744
1291 2172
1292 2038
1293 1474
1293 1514
1293 1721
1293 1911
1294 1687
1294 1963
1295 1459
1295 1594
1295 1844
1296 1919
1297 1496
1297 1756
1297 1790
1299 1446
1299 1716
1302 1630
1303 1428
1303 1922
1304 1775
1304 1890
1304 2240
1305 1615
1305 1864
1305 1956
1305 1993
1306 1391
1306 1392
1306 1746
1306 1750
1306 2046
1308 1728
1308 2082
1310 1373
1310 1861
1311 1312
1312 1660
1313 1890
1313 2189
1314 2241
1315 2166
1317 1383
1317 1700
1317 1940
1317 2118
1318 1460
1318 1788
1318 2119
1319 1431
1319 1679
1319 1918
1320 1534
1323 1383
1323 2092
1324 1954
1325 1767
1326 1347
1326 1503
1326 2193
1327 1495
1327 1513
1327 1534
1327 1736
1327 1798
1327 2028
1327 2186
1329 1438
1330 1613
1330 1664
1330 1792
1330 2153
1330 2185
1332 1613
1332 1990
1333 1690
1334 1527
1334 1657
1334 1664
1334 2142
1335 1704
1335 1737
1335 2112
1335 2244
1336 1371
1337 1363
1337 1942
1338 1397
1338 1428
1338 1772
1339 2037
1340 1631
1340 1780
1340 1839
1341 1518
1341 1722
1341 1998
1341 2070
1342 1516
1342 1764
1342 1952
1342 2006
1342 2047
1343 1787
1344 1561
1346 1610
1346 2175
1347 1562
1347 1684
1347 1769
1347 2229
1347 2234
1348 1406
1348 1444
1348 2125
1348 2158
1348 2248
1350 1362
1350 1511
1350 1591
1350 1786
1350 1928
1350 2034
1350 2088
1350 2110
1350 2241
1352 1473
1353 1356
1353 2127
1354 1363
1354 1371
1354 1496
1355 2093
1358 1593
1360 1608
1360 2061
1361 2241
1362 1559
1363 1625
1365 1672
1368 2050
1369 1790
1370 1508
1370 1739
1370 1760
1370 2012
1371 1747
1371 1847
1371 1872
1371 2034
1371 2172
1373 1861
1376 1378
1377 1839
1378 1792
1378 1810
1379 1773
1379 1817
1379 2044
1379 2059
1380 1580
1380 1769
1382 1405
1382 1757
1382 1790
1382 1907
1383 1556
1383 1669
1383 1686
1383 2031
1384 2080
1384 2249
1386 1867
1386 1887
1389 1442
1390 1778
1390 2158
1390 2169
1391 1511
1392 1637
1392 1857
1392 1870
1393 1659
1394 1862
1394 2012
1395 1636
1395 1892
1395 1926
1396 1557
1396 1905
1397 2153
1398 1625
1398 1824
1399 1593
1399 1653
1399 1768
1400 1490
1400 1602
1400 2127
1401 1639
1404 1686
1404 1710
1405 1757
1405 1787
1405 2243
1406 1504
1406 1603
1406 1941
1406 1942
1408 1569
1408 2213
1409 1724
1410 1616
1411 1516
1411 2031
1411 2034
1411 2110
1411 2132
1414 1669
1415 1782
1415 2237
1417 1418
1417 1782
1417 1810
1419 1426
1419 1943
1419 2026
1419 2075
1420 1471
1420 2014
1421 2076
1422 1867
1422 1869
1422 1887
1425 1559
1425 1630
1425 2096
1426 1943
1428 1772
1428 2101
1429 1716
1429 2036
1429 2039
1430 1703
1430 1735
1432 1661
1432 1768
1435 1685
1436 1658
1438 1843
1438 1848
1438 2142
1439 1674
1439 1763
1439 1838
1440 1774
1440 2042
1441 1697
1442 2089
1442 2206
1443 1729
1443 2066
1443 2178
1447 1612
1447 2238
1448 1486
1449 1678
1450 1573
1452 1887
1453 1912
1454 1898
1457 2000
1458 2119
1460 1482
1460 1549
1460 1983
1460 2213
1461 1507
1461 1951
1462 1829
1463 1748
1464 2014
1464 2135
1466 1937
1468 1641
1468 1650
1468 1683
1468 1695
1468 1875
1468 2161
1471 2101
1472 1510
1472 2117
1474 1514
1474 1622
1474 1911
1474 2222
1475 1506
1475 1657
1475 1827
1475 1991
1475 2111
1475 2151
1477 1582
1477 1828
1477 1912
1477 1972
1477 2044
1479 1754
1481 1618
1486 1682
1488 2220
1490 1905
1491 1600
1491 1821
1491 2005
1491 2248
1492 2114
1493 1765
1493 1894
1493 1936
1493 2005
1493 2039
1493 2162
1493 2242
1493 2248
1494 1600
1495 1552
1495 1683
1495 1720
1495 2001
1496 1602
1496 1765
1496 2088
1496 2186
1496 2248
1499 2140
1502 1503
1502 1506
1502 1765
1502 2240
1502 2242
1503 1802
1504 1723
1504 1942
1505 1708
1505 1833
1505 1938
1507 1641
1508 1760
1509 1739
1510 1633
1510 1792
1511 2031
1511 2034
1511 2110
1512 1714
1513 1627
1513 1728
1513 1802
1514 1813
1514 1911
1514 2052
1516 2006
1516 2148
1517 1726
1520 1725
1520 1744
1520 2162
1521 1630
1521 1889
1522 1646
1522 1721
1522 1725
1522 2213
1523 1680
1523 1871
1524 1836
1524 2180
1527 1604
1527 1676
1527 1701
1528 1660
1528 1814
1528 1816
1530 1908
1533 2219
1534 1654
1534 1733
1534 2208
1535 2239
1538 1600
1538 1615
1540 2167
1541 1587
1541 2109
1543 1831
1544 1661
1544 1667
1544 1695
1544 1892
1544 1933
1544 1998
1546 1746
1547 1747
1549 2213
1550 2244
1551 1582
1551 1661
1551 1679
1551 1726
1551 1892
1551 1933
1552 1598
1552 2242
1553 1582
1553 1775
1553 1883
1553 1972
1554 2114
1555 1630
1556 1686
1557 1735
1561 1717
1561 1841
1561 2054
1561 2232
1562 2015
1562 2017
1562 2036
1562 2049
1562 2209
1563 1836
1569 1681
1569 1773
1569 2032
1569 2124
1569 2182
1571 1589
1571 1726
1571 2144
1572 1683
1573 1639
1573 1826
1573 1865
1573 2092
1574 1927
1574 2062
1575 1580
1575 2064
1576 1787
1577 1967
1577 2176
1578 2030
1578 2231
1578 2236
1579 1771
1582 1661
1582 1828
1582 1972
1585 1927
1588 1590
1588 2090
1588 2140
1588 2232
1589 1865
1589 2170
1589 2231
1589 2236
1591 1644
1591 2235
1591 2241
1593 1911
1593 2005
1596 1698
1598 2029
1600 1801
1600 1894
1600 2036
1601 1668
1602 2034
1602 2241
1607 1770
1608 1621
1608 1828
1608 2227
1609 1871
1610 1813
1612 1707
1612 1876
1612 2065
1613 1664
1613 2104
1615 1944
1615 1993
1616 2089
1616 2177
1618 1980
1618 2222
1621 2158
1622 1911
1622 2086
1623 2151
1624 1909
1625 1695
1625 1786
1625 1800
1625 1917
1625 2095
1627 1634
1627 1783
1627 2159
1628 2203
1629 2033
1629 2238
1630 1639
1631 1780
1631 1957
1632 2206
1634 1798
1634 2186
1638 2175
1639 1826
1639 2022
1640 1740
1641 1650
1641 1875
1641 2161
1644 1928
1645 1951
1646 1842
1646 1877
1650 1875
1650 1925
1650 2134
1650 2161
1651 2021
1652 1749
1652 1859
1653 1768
1656 2239
1657 1931
1658 1659
1660 1774
1661 1667
1661 2203
1663 1837
1663 1940
1663 2118
1664 1869
1664 2244
1665 1883
1665 2028
1667 2203
1668 1771
1668 1933
1669 1707
1669 2108
1670 2197
1671 1701
1671 1908
1671 2166
1672 1683
1672 1695
1673 2150
1674 2106
1675 1819
1677 1713
1677 2142
1679 1917
1680 2188
1681 1722
1681 1998
1681 2098
1683 1940
1684 1890
1685 1792
1689 1783
1689 1881
1689 1975
1689 2036
1689 2177
1691 1717
1691 1994
1694 1721
1695 1786
1696 1987
1696 1989
1696 1997
1697 1819
1698 2195
1700 2031
1700 2118
1701 2136
1701 2244
1702 1865
1702 1991
1703 1776
1703 2043
1703 2147
1704 1737
1714 2123
1714 2173
1715 1891
1715 1980
1715 2056
1717 1792
1717 2013
1718 2129
1719 1897
1719 2066
1721 1744
1721 1757
1721 1972
1723 2127
1725 1744
1726 1775
1728 1879
1728 2104
1728 2113
1730 2176
1731 1756
1731 1758
1731 1792
1733 2025
1734 2085
1736 2011
1739 2012
1740 1847
1743 1784
1743 2040
1743 2077
1744 2162
1746 2067
1746 2125
1747 2074
1747 2148
1747 2179
1750 1770
1756 2208
1757 1790
1757 1933
1759 1782
1764 1989
1764 2034
1765 1787
1765 1894
1765 2088
1766 2233
1767 2034
1770 1860
1771 1998
1771 2143
1771 2241
1773 2021
1773 2032
1775 2183
1775 2213
1777 2035
1780 1957
1782 1830
1782 2027
1783 1811
1783 2088
1783 2186
1784 1912
1784 2040
1785 1801
1785 1912
1786 1811
1786 2108
1787 1894
1788 2063
1788 2119
1788 2213
1789 2182
1789 2213
1791 2215
1791 2240
1792 2059
1798 1840
1798 1936
1799 1853
1799 1921
1800 1853
1801 1909
1802 2061
1802 2186
1806 2098
1808 2034
1808 2200
1810 1905
1810 2172
1811 2172
1813 2103
1817 2084
1817 2127
1819 2067
1821 1876
1824 2006
1825 1932
1825 2102
1827 2111
1827 2233
1828 2247
1833 1938
1836 2065
1836 2183
1838 2032
1839 1845
1842 2092
1842 2102
1842 2241
1845 2033
1846 2169
1847 2179
1849 2240
1853 1859
1853 1862
1858 2117
1866 2240
1869 1942
1869 2247
1870 2132
1870 2222
1872 1934
1874 1883
1875 1883
1875 2161
1877 1911
1880 1894
1883 1898
1883 2007
1885 1988
1888 1891
1892 1933
1892 1998
1896 2200
1898 2073
1900 2244
1901 2187
1902 2217
1905 2188
1905 2232
1910 2102
1911 2007
1914 1979
1914 2042
1916 2069
1916 2136
1917 1979
1921 2076
1922 2170
1923 2108
1925 2147
1925 2161
1925 2213
1927 2196
1936 2021
1937 2134
1940 2092
1940 2170
1941 2114
1943 2075
1944 1993
1948 1974
1949 2092
1951 1993
1952 2125
1952 2158
1955 2016
1956 2174
1958 2140
1965 2164
1967 2172
1976 2166
1977 2019
1977 2086
1978 1980
1980 2056
1981 2119
1981 2140
1981 2174
1986 2157
1987 2166
1990 2188
1992 2039
1993 2003
1995 2045
1997 2212
1998 2073
1999 2082
2000 2016
2002 2052
2005 2172
2006 2226
2007 2086
2007 2211
2009 2020
2013 2244
2019 2086
2021 2032
2021 2150
2022 2225
2028 2079
2028 2187
2030 2037
2030 2231
2031 2118
2033 2042
2034 2110
2034 2159
2040 2060
2040 2077
2041 2066
2052 2059
2052 2088
2052 2248
2060 2198
2061 2220
2062 2159
2063 2119
2065 2144
2072 2076
2073 2110
2080 2247
2088 2186
2088 2248
2091 2125
2092 2241
2103 2109
2104 2113
2106 2156
2113 2116
2119 2206
2125 2158
2125 2181
2126 2129
2126 2225
2127 2152
2139 2217
2151 2173
2152 2159
2153 2243
2158 2181
2159 2186
2166 2212
2175 2228
2182 2223
2188 2198
2201 2237
2211 2225
2225 2240
2231 2236
2235 2237
2237 2238
