#num-nodes
586
#num-links
2805
#links
0 119
0 158
0 162
0 207
0 209
0 210
0 274
0 321
0 454
0 458
0 468
0 477
1 128
1 250
1 276
1 286
1 311
1 353
2 212
2 246
2 308
2 317
2 361
2 419
2 425
2 437
2 447
2 531
2 553
3 20
3 214
3 294
3 309
3 327
3 420
3 498
4 22
4 124
4 164
4 174
4 264
4 326
4 353
4 358
4 364
4 390
4 476
4 548
4 559
5 61
5 114
5 125
5 126
5 129
5 132
5 167
5 236
5 255
5 296
5 350
5 354
5 438
5 481
5 531
5 541
6 28
6 249
6 254
6 417
6 451
6 477
7 81
7 202
7 325
7 386
7 433
7 437
7 447
7 463
7 540
7 542
8 46
8 59
8 231
8 276
8 348
8 360
8 388
8 423
8 432
9 25
9 99
9 219
9 233
9 314
9 356
9 373
9 431
9 516
10 110
10 214
10 263
11 74
11 123
11 230
11 312
11 365
11 393
11 511
12 53
12 67
12 97
12 98
12 101
12 106
12 124
12 205
12 356
12 382
12 483
12 521
12 525
12 551
13 64
13 178
13 222
13 412
13 427
13 469
13 497
13 519
13 520
14 162
14 304
14 345
14 468
14 483
14 497
14 506
15 209
15 304
16 21
16 54
16 84
16 137
16 217
16 308
16 504
17 63
17 75
17 85
17 123
17 237
17 256
17 344
17 457
18 23
18 43
18 107
18 108
18 138
18 159
18 411
18 459
19 490
20 46
20 136
20 147
20 218
20 272
20 281
20 327
20 365
20 371
20 462
20 505
21 76
21 120
21 130
21 140
21 159
21 217
21 318
21 385
21 388
21 399
21 411
21 452
22 103
22 128
22 142
22 151
22 201
22 264
22 288
22 307
22 352
22 448
23 107
23 108
23 138
23 159
23 411
23 459
24 122
24 139
24 158
24 246
24 273
24 308
24 330
24 340
24 364
24 425
24 461
24 474
24 498
25 31
25 80
25 153
25 216
25 288
25 357
25 381
25 446
25 516
25 544
25 548
26 36
26 163
26 182
26 217
26 293
26 318
26 364
26 406
26 548
27 41
27 45
27 251
27 270
27 298
27 302
27 305
27 306
27 324
27 397
27 447
27 456
27 473
28 158
28 249
28 274
28 332
28 334
28 417
30 41
30 194
30 212
30 243
30 339
30 380
30 553
31 76
31 153
31 216
31 337
31 381
31 446
31 482
32 99
32 173
32 235
32 397
32 437
32 523
32 527
32 540
32 553
34 504
35 73
35 98
35 103
35 112
35 177
35 178
35 293
35 326
35 349
35 398
35 449
36 54
36 76
36 92
36 96
36 140
36 199
36 204
36 352
36 364
36 406
36 459
36 529
37 485
38 53
38 69
38 83
38 168
38 205
38 309
38 314
38 332
38 343
38 367
38 374
38 416
38 464
38 467
38 524
39 101
39 128
39 196
39 439
39 477
39 479
39 509
39 524
40 42
40 52
40 146
40 201
40 215
40 218
40 233
40 368
40 405
40 494
40 508
40 530
41 45
41 99
41 202
41 305
41 306
41 397
41 400
41 473
41 540
42 146
42 150
42 152
42 158
42 175
42 196
42 201
42 215
42 242
42 265
42 348
42 402
42 405
42 466
42 509
43 76
43 92
43 97
43 148
43 188
43 217
43 384
43 394
43 459
43 529
43 548
43 554
44 50
44 122
44 174
44 217
44 218
44 303
44 360
44 432
44 461
44 500
44 533
45 113
45 180
45 224
45 255
45 270
45 298
45 305
45 306
45 325
45 333
45 397
45 400
45 433
45 456
45 472
45 473
45 493
45 540
45 542
46 122
46 147
46 209
46 218
46 276
46 360
46 388
46 432
47 165
47 189
47 221
47 260
47 335
48 50
48 70
48 114
48 122
48 131
48 141
48 159
48 185
48 191
48 338
48 342
49 85
49 169
49 248
49 297
49 487
50 327
50 329
50 371
50 451
50 479
50 481
51 103
51 112
51 134
51 163
51 178
51 244
51 253
51 285
51 293
51 326
51 448
51 507
52 111
52 170
52 220
52 277
52 391
52 478
52 550
53 67
53 69
53 97
53 106
53 182
53 356
53 367
53 378
53 381
53 390
53 413
53 441
53 464
53 525
53 551
53 552
54 57
54 137
54 148
54 164
54 182
54 199
54 267
54 303
54 358
54 364
54 384
54 394
54 406
54 413
54 459
54 504
54 548
55 81
55 82
55 173
55 212
55 224
55 246
55 268
55 321
55 372
55 419
55 531
55 553
56 115
56 534
56 561
57 148
57 164
57 182
57 187
57 188
57 199
57 204
57 267
57 269
57 308
57 364
57 390
57 413
57 414
57 529
58 60
58 118
58 132
58 197
58 246
58 306
58 350
58 408
58 414
58 418
58 426
58 437
58 456
58 472
58 493
58 540
59 104
59 147
59 200
59 311
59 340
59 420
59 443
59 476
59 489
59 498
59 505
59 533
59 536
60 99
60 114
60 125
60 200
60 236
60 283
60 333
60 350
60 426
60 456
61 118
61 125
61 129
61 167
61 255
61 296
61 324
61 354
61 438
61 531
61 542
62 141
62 272
62 396
62 420
63 70
63 209
63 362
63 410
63 457
63 539
64 168
64 210
64 222
64 241
64 266
64 314
64 316
64 343
64 412
64 445
64 475
64 497
64 519
64 520
65 85
65 313
65 329
65 508
66 94
66 113
66 167
66 213
66 369
67 86
67 106
67 124
67 356
67 495
67 508
67 552
68 123
68 132
68 315
68 363
68 387
68 421
68 501
69 106
69 124
69 187
69 335
69 367
69 395
69 419
69 441
69 452
69 521
69 551
69 552
70 131
70 257
70 307
70 457
71 85
71 169
71 195
71 227
71 313
71 513
72 155
72 275
72 276
72 277
72 290
72 331
72 428
72 557
73 184
73 222
73 285
73 345
73 346
73 349
73 385
73 407
74 202
74 320
74 339
75 85
75 123
75 166
75 194
75 227
75 237
75 256
75 263
75 368
75 393
76 90
76 92
76 96
76 107
76 108
76 138
76 139
76 140
76 148
76 153
76 159
76 204
76 216
76 217
76 267
76 326
76 394
76 459
76 460
76 476
76 532
76 545
77 78
77 83
77 88
77 150
77 275
77 290
77 373
77 435
77 489
77 516
77 530
78 224
78 474
78 531
79 436
79 517
80 120
80 136
80 145
80 260
80 269
80 330
80 337
80 483
81 317
81 325
81 386
81 419
81 437
81 439
81 447
81 463
82 146
82 321
82 419
82 474
82 528
83 98
83 168
83 288
83 314
83 356
83 358
83 374
83 441
83 445
83 503
83 537
84 301
84 384
84 394
84 399
84 406
84 451
84 504
84 505
84 536
85 166
85 249
85 256
85 263
85 508
86 153
86 154
86 172
86 356
86 378
86 395
86 441
86 504
86 525
87 128
87 289
87 526
88 89
88 103
88 111
88 223
88 234
88 244
88 449
88 507
89 91
89 98
89 111
89 244
90 108
90 148
90 164
90 174
90 258
90 364
90 394
90 459
90 532
90 545
91 391
91 518
91 537
92 164
92 226
92 267
92 368
92 384
92 394
92 459
92 460
92 517
92 532
92 548
93 115
93 137
93 272
93 390
93 399
93 420
93 504
93 559
94 126
94 213
94 255
94 262
94 329
94 369
94 455
94 481
94 541
95 145
95 238
95 242
95 247
95 402
95 422
96 403
96 460
96 471
96 476
96 522
96 532
96 546
97 101
97 111
97 133
97 288
97 337
97 378
97 408
97 416
97 428
97 478
97 483
97 523
97 525
97 538
97 551
98 103
98 222
98 244
98 285
98 456
99 118
99 171
99 188
99 202
99 224
99 251
99 270
99 305
99 306
99 320
99 321
99 386
99 414
99 418
99 426
99 447
99 534
99 540
100 217
100 377
100 394
100 540
100 559
101 106
101 124
101 160
101 172
101 187
101 223
101 264
101 274
101 337
101 347
101 378
101 382
101 537
101 551
102 134
102 201
102 207
102 258
102 377
102 422
102 442
102 478
102 544
103 111
103 142
103 163
103 178
103 210
103 293
103 449
104 127
104 349
104 371
105 121
105 143
105 314
105 442
105 467
105 497
106 124
106 160
106 172
106 208
106 222
106 264
106 269
106 347
106 374
106 382
106 452
106 478
106 503
106 521
106 525
106 529
106 537
106 551
107 139
107 148
107 159
107 164
107 204
107 394
107 411
107 459
107 529
107 536
108 159
108 394
108 411
108 459
109 117
109 176
109 237
109 299
109 300
109 490
111 133
111 163
111 170
111 186
111 192
111 223
111 234
111 244
111 274
111 367
111 448
111 449
111 507
111 508
111 526
111 533
111 585
112 163
112 187
112 192
112 285
112 326
112 346
112 385
112 398
112 448
112 470
112 537
113 166
113 171
113 197
113 225
113 235
113 350
113 361
113 383
113 418
113 425
113 426
113 433
113 462
113 490
113 555
114 118
114 167
114 171
114 197
114 261
114 280
114 302
114 320
114 324
114 350
114 372
114 386
114 392
114 426
114 437
114 512
114 531
115 141
115 272
115 294
115 340
115 396
116 122
116 141
116 156
116 370
116 432
116 488
116 512
117 176
117 237
117 299
117 300
117 387
117 393
117 490
117 501
117 556
118 171
118 202
118 251
118 270
118 315
118 350
118 437
119 133
119 254
119 451
119 491
119 524
120 207
120 521
120 544
121 143
121 163
121 177
121 222
121 228
121 234
121 361
121 427
121 467
121 497
121 528
122 229
122 297
122 330
122 360
122 432
123 166
123 194
123 237
123 312
123 387
123 393
123 506
123 546
124 154
124 165
124 204
124 264
124 288
124 293
124 347
124 374
124 382
124 403
124 478
124 503
124 521
124 537
124 551
125 126
125 167
125 296
125 354
125 363
125 369
125 438
125 531
126 129
126 166
126 213
126 226
126 287
126 296
126 315
126 354
126 369
126 438
126 531
126 541
126 557
127 250
127 252
127 319
127 465
127 552
128 142
128 151
128 187
128 201
128 215
128 307
128 346
128 377
128 494
129 194
129 213
129 255
129 298
129 306
129 324
129 354
129 433
129 542
129 549
130 147
130 159
130 198
130 276
130 281
130 318
130 380
130 399
130 411
130 461
130 486
130 505
130 536
131 379
132 225
132 363
132 408
132 409
132 481
132 490
133 135
133 150
133 223
133 391
133 499
134 187
134 207
134 218
134 258
134 293
134 422
134 478
134 537
135 151
135 186
135 499
136 137
136 147
136 281
136 318
136 336
136 380
136 477
136 505
136 536
137 390
137 399
137 419
137 420
137 504
137 559
138 139
138 159
138 200
138 203
138 301
138 338
138 394
139 159
139 272
139 357
139 411
139 449
139 459
140 193
140 394
140 460
140 532
141 271
141 294
141 301
141 336
141 396
141 420
141 534
142 210
142 223
142 234
142 293
142 346
142 377
142 530
143 241
143 314
143 412
143 467
143 469
143 497
144 157
144 195
144 308
144 313
144 365
144 462
144 508
145 196
145 334
145 550
146 201
146 215
146 218
146 405
146 444
146 494
146 530
147 281
147 318
147 353
147 371
147 380
147 505
147 529
147 534
147 536
147 560
148 182
148 318
148 358
148 394
148 413
148 459
148 476
148 529
148 532
148 558
149 266
149 453
149 496
150 192
150 215
150 277
150 319
150 357
150 405
150 428
150 489
151 186
151 192
151 307
151 346
151 377
151 448
152 196
152 220
152 242
152 402
152 432
152 466
152 509
153 172
153 216
153 357
153 446
153 544
153 548
154 172
154 356
154 416
154 441
154 525
154 551
155 198
155 276
155 277
155 290
155 331
155 486
155 558
156 194
156 370
156 488
156 512
156 522
157 383
157 434
157 439
158 247
158 259
158 311
158 334
158 417
158 431
158 477
158 581
159 267
159 321
159 379
159 394
159 411
159 414
159 416
160 180
160 236
160 261
160 280
160 372
160 392
160 408
160 419
160 446
160 472
160 528
161 165
161 172
161 275
161 357
161 359
161 482
161 492
162 254
162 460
162 468
163 178
163 253
163 285
163 366
163 448
163 507
164 204
164 267
164 269
164 353
164 394
164 406
164 504
164 529
164 532
165 221
165 247
165 274
165 377
165 495
166 237
166 243
166 289
166 457
166 541
166 555
167 213
167 255
167 296
167 324
167 350
167 354
167 438
167 481
167 485
167 493
168 205
168 210
168 239
168 283
168 314
168 316
168 328
168 343
168 374
168 445
168 503
168 520
168 537
169 343
169 480
169 491
170 222
170 253
170 293
170 326
170 351
170 391
170 449
171 180
171 197
171 237
171 333
171 433
172 205
172 357
172 382
172 395
172 441
172 478
172 503
172 525
173 197
173 316
173 320
173 325
173 339
173 426
173 433
173 437
173 523
173 527
173 540
174 203
174 217
174 226
174 301
174 318
174 358
174 406
174 432
174 443
174 559
175 404
175 464
176 229
176 299
176 300
176 490
176 556
177 222
177 285
177 316
177 326
177 346
177 349
177 407
177 414
177 424
178 241
178 253
178 285
178 316
178 366
178 398
178 407
178 518
179 192
179 237
179 248
179 341
179 430
179 490
179 547
180 261
180 392
180 408
180 433
180 472
181 343
181 427
181 506
181 510
181 535
182 187
182 199
182 217
182 269
182 303
182 308
182 358
182 364
182 406
182 414
183 189
183 219
183 334
183 372
183 375
183 515
184 533
185 379
186 408
186 428
186 507
187 201
187 215
187 239
187 259
187 264
187 269
187 332
187 337
187 347
187 374
187 378
187 441
187 503
187 537
188 217
188 349
188 390
188 408
188 414
188 416
188 548
188 559
189 221
189 372
190 192
190 238
190 377
190 404
191 271
191 286
191 342
191 362
191 530
192 218
192 238
192 520
193 203
193 267
193 389
193 545
194 296
194 344
194 361
194 408
194 410
195 227
195 249
195 289
195 341
195 362
195 368
196 242
196 373
196 402
196 464
196 466
196 477
196 509
197 213
197 306
197 400
197 409
197 433
197 437
197 472
197 522
197 531
197 540
198 229
198 276
198 277
198 290
198 322
198 331
198 379
198 380
198 461
198 486
198 536
199 204
199 266
199 267
199 303
199 390
199 394
199 414
199 449
199 460
199 476
200 211
200 273
200 311
200 318
200 353
200 486
200 558
201 215
201 218
201 311
201 355
201 377
201 380
202 224
202 270
202 281
202 298
202 305
202 320
202 397
202 409
202 414
202 473
202 531
202 549
203 267
203 390
203 399
203 413
203 460
203 476
203 545
203 548
203 554
204 267
204 394
204 406
204 476
204 529
204 551
205 239
205 260
205 316
205 374
205 445
205 524
205 528
206 232
206 426
206 527
207 209
207 258
207 334
207 378
207 422
207 454
207 468
207 478
207 504
208 210
208 222
208 412
208 510
208 518
208 543
208 559
209 303
209 304
209 342
209 362
209 399
209 454
209 457
210 222
210 241
210 259
210 319
210 377
210 398
210 442
210 445
210 468
210 497
210 534
211 254
211 353
211 388
211 451
212 232
212 251
212 419
212 540
213 245
213 256
213 262
213 329
213 369
213 455
213 481
213 493
213 541
214 336
214 436
215 218
215 242
215 265
215 307
215 355
215 380
215 405
215 494
215 509
216 357
216 428
216 446
216 544
216 548
217 311
217 364
217 384
217 388
217 394
217 414
217 459
218 242
218 249
218 263
218 342
218 355
218 371
218 432
218 461
219 232
219 283
219 321
219 335
219 372
219 375
219 389
219 515
219 528
220 314
220 319
220 329
220 335
220 356
220 428
220 464
220 466
220 515
221 239
221 247
222 253
222 326
222 346
222 349
222 385
222 510
222 518
223 234
223 241
223 293
223 380
223 449
223 507
224 235
224 246
224 305
224 325
224 386
224 397
224 419
224 463
224 549
225 305
225 361
225 473
226 360
227 263
227 313
227 341
228 241
228 335
228 428
228 445
228 494
229 286
229 299
229 300
229 432
230 393
230 511
231 443
231 500
231 561
232 283
232 339
232 376
232 426
232 437
232 527
232 540
233 277
233 290
233 357
233 381
233 441
233 454
233 550
234 293
234 391
234 449
234 507
235 302
235 308
235 330
235 418
235 426
235 474
236 261
236 386
236 392
236 418
236 429
236 440
236 472
236 542
237 256
237 341
237 430
237 462
237 488
238 278
238 471
239 374
239 389
239 445
240 295
240 343
240 444
240 519
241 467
241 469
241 497
242 355
242 466
242 509
243 248
243 383
243 462
244 259
244 274
244 293
244 367
244 459
244 507
245 296
246 317
246 419
246 447
247 260
247 374
247 445
247 495
248 464
248 487
249 259
249 341
249 346
249 390
250 319
251 320
252 426
252 465
253 266
253 326
253 346
253 377
253 385
253 475
254 451
254 460
254 479
254 524
255 296
255 354
255 363
255 438
255 481
256 263
256 297
256 308
256 457
257 371
258 334
258 422
258 446
258 537
259 288
259 374
259 389
259 403
259 448
259 521
260 333
260 442
260 445
260 495
261 263
261 280
261 291
261 321
261 333
261 351
261 392
261 456
261 472
261 515
262 369
262 455
263 365
263 368
263 389
263 457
264 347
264 358
264 441
264 521
264 537
265 273
265 281
265 311
265 348
265 365
265 380
265 536
266 375
266 377
266 385
266 389
267 364
267 384
267 385
267 390
267 394
267 460
267 529
267 545
268 393
268 419
268 447
268 463
269 364
269 385
269 394
269 448
269 529
270 305
270 320
270 387
271 508
272 294
272 340
274 477
274 478
274 521
274 537
275 307
275 373
275 428
275 435
275 489
275 497
275 557
276 290
276 322
276 388
276 486
277 290
277 322
277 331
277 412
277 428
277 486
277 557
277 558
278 471
279 323
279 328
279 343
279 445
279 488
279 506
279 508
279 535
279 536
279 547
280 372
280 386
280 392
280 515
281 318
281 353
281 380
281 505
281 536
282 290
282 412
282 440
282 475
283 335
283 375
283 389
283 447
283 528
285 385
285 398
285 448
285 449
285 510
286 342
286 477
286 538
286 541
287 369
287 409
287 437
287 515
287 523
287 581
288 314
288 357
288 442
288 503
288 537
289 341
289 368
289 482
289 513
290 331
290 428
290 486
290 489
290 533
290 558
291 351
291 392
291 514
292 342
293 398
293 403
293 406
293 449
293 507
294 327
294 328
294 336
294 340
294 396
294 450
294 487
295 340
295 444
296 324
296 354
296 355
296 361
296 438
296 462
296 501
296 531
296 541
297 336
297 404
297 436
297 487
298 305
298 306
298 324
298 325
298 409
298 437
298 473
298 493
298 542
299 300
299 419
299 471
299 490
300 556
301 303
301 379
301 384
301 399
301 437
301 505
301 517
301 534
301 560
302 397
302 426
302 555
303 461
303 476
304 535
305 397
305 400
305 425
305 456
305 473
305 474
305 501
306 409
306 425
306 473
306 542
307 346
307 352
307 355
307 357
307 373
307 391
308 437
308 476
308 498
308 528
308 532
309 444
309 452
309 460
309 482
309 552
310 457
310 462
310 511
311 322
311 388
311 408
311 458
311 489
311 536
312 387
312 393
313 436
313 508
314 335
314 351
314 356
314 444
314 475
314 537
315 369
315 387
315 501
316 335
316 359
316 450
316 496
316 566
317 440
317 447
317 463
317 485
317 540
318 379
318 411
318 505
318 536
319 335
319 449
319 453
319 552
320 325
320 363
320 386
320 409
320 437
320 473
321 361
321 393
321 411
321 418
321 419
321 451
321 472
321 477
321 522
321 528
322 331
322 388
322 428
322 486
323 328
323 471
323 508
323 547
324 350
324 400
324 409
324 493
324 549
325 397
325 408
325 463
326 385
326 398
326 407
327 336
327 342
327 420
328 343
328 404
328 412
328 492
328 506
328 547
329 455
329 526
330 340
330 365
330 425
330 461
330 474
330 498
331 486
331 558
332 374
332 497
333 392
333 419
333 449
333 531
333 533
334 417
334 454
334 499
335 453
335 464
335 465
335 514
335 552
336 353
336 396
336 436
336 487
337 503
337 508
338 379
339 463
339 473
339 527
339 537
339 555
340 396
340 505
341 430
342 477
342 538
343 445
343 497
343 543
343 547
344 437
344 523
344 528
345 371
345 483
346 349
346 351
346 352
346 398
346 475
347 364
347 403
347 441
347 537
347 551
348 371
349 366
349 385
349 407
349 414
350 370
350 418
350 426
350 472
351 392
351 448
351 472
351 475
351 515
352 399
352 406
353 517
353 536
354 373
354 438
354 486
354 531
354 542
354 549
355 440
355 466
355 477
355 533
356 359
356 483
356 521
356 525
357 359
357 373
357 378
357 403
357 441
357 453
357 459
357 503
357 530
358 364
358 416
358 504
358 529
359 378
359 403
359 464
359 508
360 388
360 432
361 383
361 425
361 426
361 440
361 462
361 474
361 528
362 436
362 462
362 513
362 538
363 387
363 421
363 474
363 501
364 390
364 394
364 406
364 413
364 414
364 504
364 529
364 559
365 462
365 477
366 407
366 510
367 452
367 551
368 460
368 476
368 538
369 409
369 428
369 438
369 455
369 481
369 493
369 541
370 462
370 472
370 488
370 512
371 379
372 389
372 419
372 427
372 437
372 467
372 512
372 515
372 528
373 435
373 509
373 516
373 530
373 557
374 407
374 445
374 503
374 521
375 468
375 528
376 425
377 398
378 395
378 441
378 525
379 423
379 460
380 505
380 536
381 446
381 479
381 544
381 548
382 417
382 521
382 551
383 425
383 434
383 439
383 490
384 399
384 505
384 534
384 548
385 398
385 448
385 518
386 437
386 447
386 463
386 472
386 474
386 553
387 421
387 437
387 501
387 509
387 541
388 432
388 486
388 541
388 558
389 403
389 495
389 515
389 528
389 552
390 394
390 414
390 460
390 461
390 476
390 545
391 449
391 518
392 456
392 472
393 447
393 452
393 463
394 406
394 413
394 451
394 459
394 476
394 529
394 532
394 545
394 554
395 441
395 504
395 521
395 525
396 423
396 487
396 498
396 534
396 547
396 560
397 473
398 407
398 448
399 443
399 504
399 559
400 433
400 437
400 473
400 549
402 466
402 509
403 416
403 441
403 476
403 522
404 464
405 466
406 459
406 529
407 414
407 442
408 418
408 433
408 438
408 472
409 418
409 426
409 437
409 440
409 472
409 493
410 539
410 554
411 413
411 560
412 445
412 475
412 497
412 518
412 519
413 416
413 504
413 548
413 554
414 416
414 504
414 559
416 504
416 532
418 426
418 493
419 437
419 490
419 504
419 515
419 531
419 553
420 529
421 501
422 478
423 484
423 513
425 474
426 474
426 527
426 540
426 555
427 458
427 515
427 543
428 486
428 507
428 533
430 547
431 516
432 558
433 472
433 486
433 549
434 439
434 461
434 463
435 489
435 502
435 516
435 530
436 513
437 447
437 463
437 471
437 474
437 523
437 540
437 541
438 485
438 516
438 531
438 548
438 549
439 474
440 533
440 543
441 525
442 467
442 520
443 486
443 500
443 529
443 533
445 543
445 547
447 463
447 474
449 507
451 525
452 551
454 514
454 525
456 542
458 524
459 529
459 532
459 548
460 476
460 532
460 545
461 486
461 553
462 558
463 523
463 542
463 564
464 482
465 491
466 509
467 496
468 497
469 497
471 512
471 522
471 546
472 488
472 490
472 493
472 522
474 501
476 522
476 529
476 532
476 545
477 516
477 524
477 526
478 537
478 548
481 485
483 525
486 533
486 558
487 508
489 516
489 530
490 546
492 506
494 497
495 545
497 510
497 535
498 535
499 524
501 508
501 555
503 521
505 517
505 536
506 534
506 535
507 533
507 550
508 535
512 522
512 546
515 552
517 534
519 520
519 523
519 566
520 523
521 551
522 546
527 540
528 531
534 560
542 549
544 548
551 578
561 562
561 563
561 567
561 571
561 573
561 575
561 576
561 579
561 584
561 585
562 564
562 571
562 577
562 581
563 567
563 570
563 573
563 575
563 576
563 579
563 580
563 583
563 584
564 565
564 567
564 569
564 570
564 572
564 573
564 575
564 578
564 579
564 584
565 567
565 569
565 570
565 572
565 573
565 575
565 576
565 577
565 579
565 580
565 582
565 583
565 584
565 585
566 568
566 569
566 572
566 574
566 575
566 576
566 577
566 580
566 582
566 583
567 568
567 569
567 570
567 571
567 572
567 573
567 575
567 576
567 578
567 579
567 580
567 583
567 584
567 585
568 569
568 572
568 574
568 575
568 576
568 577
568 580
568 581
568 582
568 584
569 570
569 572
569 573
569 575
569 576
569 579
569 580
569 582
569 584
570 571
570 573
570 575
570 576
570 579
570 583
570 584
570 585
571 575
571 577
571 579
571 581
571 583
571 584
572 574
572 576
572 577
572 580
572 582
572 584
573 575
573 576
573 578
573 579
573 583
573 584
573 585
574 577
574 580
574 582
574 583
575 576
575 578
575 579
575 582
575 583
575 584
575 585
576 578
576 579
576 583
576 584
576 585
577 580
577 582
578 579
578 583
578 584
578 585
579 580
579 583
579 584
579 585
580 582
580 583
580 584
582 584
583 584
583 585
584 585
