#num-nodes
1338
#num-links
3587
#links
0 261
0 476
0 836
0 1111
0 1228
1 60
1 252
1 504
1 715
2 36
2 143
2 147
2 388
2 401
2 450
2 575
2 645
2 829
2 876
2 893
2 1036
2 1037
2 1044
2 1088
2 1138
2 1170
3 632
3 893
3 919
3 1048
3 1167
4 550
4 733
4 1049
5 147
5 149
5 237
5 423
5 696
5 912
5 990
5 1220
7 302
7 387
7 1046
7 1278
7 1280
8 101
8 242
8 276
8 324
8 427
8 966
9 324
9 570
9 782
10 345
10 544
10 605
10 748
10 780
10 1001
11 36
11 204
11 269
11 285
11 324
11 612
11 669
11 1035
11 1225
12 34
12 88
12 456
12 498
12 774
13 107
14 100
14 289
14 719
14 738
14 773
14 1136
15 61
15 287
15 888
16 73
16 606
16 640
16 763
16 850
16 918
16 1179
17 21
17 27
17 36
17 147
17 191
17 200
17 326
17 378
17 514
17 536
17 575
17 781
17 829
17 1035
17 1081
17 1134
17 1169
17 1220
17 1225
17 1240
17 1290
18 171
18 187
18 395
18 803
18 843
18 868
18 974
18 1126
18 1221
19 66
19 826
19 843
19 980
19 1053
19 1057
20 395
20 497
20 502
20 639
20 938
21 27
21 36
21 200
21 388
21 514
21 829
21 987
21 1035
21 1036
21 1088
21 1109
21 1220
21 1290
22 421
23 77
23 244
23 317
23 421
23 525
23 908
23 914
23 1155
23 1320
24 258
25 271
25 323
25 421
25 587
25 628
26 69
26 237
26 290
26 497
26 733
26 850
27 51
27 69
27 147
27 200
27 326
27 781
27 1016
27 1035
27 1220
27 1290
28 309
29 118
29 314
29 325
29 935
30 240
30 799
30 1076
31 48
31 659
31 840
32 105
32 164
32 234
32 452
32 542
32 614
32 1039
32 1137
32 1288
32 1292
33 748
34 438
34 1211
35 116
35 222
35 294
35 397
35 437
35 589
35 651
35 871
35 1002
35 1070
35 1095
35 1308
36 127
36 237
36 326
36 696
36 781
36 829
36 966
36 1016
36 1035
36 1123
37 164
37 169
37 688
38 215
38 1004
38 1051
38 1108
38 1227
39 300
39 304
39 448
39 567
39 574
39 576
39 768
39 1191
39 1298
40 535
40 814
40 942
41 138
41 300
41 1069
41 1111
42 512
42 699
42 1165
43 304
43 650
43 921
43 1054
44 367
44 553
45 256
45 381
45 1315
46 122
46 445
46 637
46 763
46 947
46 1058
46 1227
46 1257
47 159
47 256
47 615
47 671
47 928
47 1233
47 1288
47 1315
48 219
48 355
48 506
49 347
49 456
49 712
49 843
49 1151
49 1298
50 60
50 356
50 1001
50 1044
50 1089
51 69
51 804
51 1123
51 1152
52 69
52 586
52 1152
53 101
53 242
53 947
53 966
54 264
54 331
54 461
54 462
54 618
54 1293
55 211
55 231
55 631
55 982
55 1281
56 639
56 964
57 362
57 543
57 570
57 911
57 1019
58 90
58 169
58 512
58 871
58 982
58 1096
59 111
59 129
59 522
59 680
59 958
60 356
60 1068
60 1072
60 1076
61 793
62 695
62 946
63 369
63 545
63 581
63 627
63 840
63 1048
64 645
64 796
64 809
64 1073
64 1129
64 1133
65 289
65 446
65 852
65 921
65 1093
65 1175
66 414
66 422
66 676
66 716
66 812
66 843
66 1057
67 160
67 529
68 71
68 93
68 342
68 390
68 685
68 702
68 1077
68 1175
68 1186
68 1199
68 1258
69 279
69 497
69 750
69 781
69 850
69 1027
69 1044
69 1152
69 1225
70 202
70 215
70 291
70 679
70 778
70 1051
70 1333
71 250
71 311
71 735
71 867
71 1077
71 1084
71 1186
72 75
72 245
72 665
72 825
72 858
72 886
72 988
72 1074
72 1332
73 423
73 624
73 664
73 796
73 942
73 990
73 1033
73 1073
73 1133
73 1215
74 78
75 78
75 151
75 153
75 170
75 341
75 367
75 555
75 582
75 625
75 844
75 1322
76 845
76 1186
76 1300
76 1303
77 317
77 740
77 988
77 1155
78 841
79 125
79 324
79 359
79 377
79 623
79 637
79 927
79 1205
79 1255
80 112
80 124
80 216
80 438
80 451
80 638
80 774
80 916
80 998
80 1165
81 135
81 232
81 252
81 353
81 900
81 945
81 1217
82 904
82 1193
82 1243
82 1298
82 1321
83 256
83 270
83 1250
84 120
84 523
84 858
84 1018
84 1029
84 1101
84 1113
84 1224
85 258
85 323
85 472
85 834
85 1188
86 248
86 306
86 480
86 483
86 506
86 1013
86 1091
86 1213
86 1316
88 124
88 331
88 376
88 391
88 397
88 491
88 498
88 577
88 774
88 1085
88 1293
89 298
89 462
89 494
89 495
89 950
89 1183
89 1302
90 134
90 169
90 512
90 688
90 871
90 1070
90 1095
90 1255
90 1281
90 1330
91 235
91 750
91 913
91 978
91 1112
91 1129
92 331
92 504
92 610
92 618
92 847
92 856
92 1059
93 342
93 441
93 793
93 812
93 1069
93 1077
93 1102
93 1149
93 1175
93 1186
94 230
94 246
94 521
94 659
94 683
94 1088
94 1102
94 1227
95 1002
96 124
96 209
96 214
96 376
96 451
96 539
96 704
96 797
96 916
97 199
97 382
97 641
97 852
97 911
97 1223
97 1324
98 202
98 408
98 751
98 1028
98 1092
99 135
99 247
99 451
99 865
99 994
99 1242
99 1304
100 299
100 719
100 738
100 1098
101 242
101 324
101 810
101 947
101 966
101 1055
101 1154
102 345
102 564
102 620
102 713
102 804
102 1020
102 1097
102 1117
102 1244
103 1149
103 1164
103 1256
104 132
104 513
104 786
104 830
104 1208
104 1277
104 1307
105 211
105 542
105 614
105 1123
106 1309
107 196
107 251
107 254
107 331
107 504
107 709
107 1207
108 276
108 423
108 599
108 1180
109 167
109 227
109 456
109 630
109 1048
109 1279
109 1307
110 135
110 141
110 201
110 254
110 712
110 1000
111 162
111 426
111 805
112 158
112 473
112 499
112 804
112 815
112 963
112 1067
112 1147
113 336
113 507
113 556
113 594
113 608
113 1183
114 473
116 263
116 474
116 619
116 651
116 688
116 957
117 139
117 182
117 229
117 240
117 462
117 928
117 973
117 1233
117 1313
118 240
118 1313
120 329
120 622
120 742
120 825
120 858
120 941
120 1018
120 1029
120 1091
120 1101
120 1113
120 1224
120 1297
121 139
121 188
121 678
121 732
121 924
121 984
121 1030
121 1164
121 1274
122 273
122 898
122 913
122 1058
122 1064
123 328
123 888
123 1018
124 156
124 214
124 343
124 392
124 848
124 1187
124 1210
124 1242
124 1306
124 1328
125 150
125 377
125 744
125 913
125 927
125 1255
126 211
126 286
126 452
126 614
126 971
126 1110
126 1122
126 1150
126 1281
127 383
127 446
127 607
127 1051
127 1299
129 327
129 363
129 474
129 633
129 843
129 957
129 1078
130 303
130 410
130 519
130 597
130 692
130 875
130 893
130 986
131 836
131 933
131 1284
132 513
132 516
132 830
132 1208
132 1307
133 208
133 652
133 1109
134 231
134 345
134 539
134 951
134 990
134 1017
134 1070
134 1095
134 1281
135 476
135 703
135 1217
135 1223
136 949
137 543
137 564
137 637
137 817
137 913
137 1187
137 1222
137 1328
139 182
139 240
139 325
139 372
139 648
139 1031
139 1047
139 1143
139 1313
140 469
140 650
141 201
141 254
141 458
141 621
142 167
142 168
142 371
142 746
142 788
142 1090
143 575
143 1035
143 1138
143 1152
144 159
144 324
144 1271
145 988
147 166
147 200
147 326
147 423
147 609
147 696
147 993
147 1016
147 1035
147 1088
147 1225
148 313
149 464
149 492
149 578
149 641
149 678
149 924
149 984
149 1078
149 1232
150 273
150 316
150 514
150 744
150 750
150 783
150 1225
150 1294
151 170
151 525
151 554
151 858
151 1080
151 1261
151 1322
152 396
152 704
152 901
152 1059
153 1261
154 186
155 209
155 430
155 498
155 577
155 774
155 848
155 1238
156 362
156 392
156 637
156 1117
156 1187
156 1210
156 1222
156 1242
156 1328
157 217
157 539
157 911
157 999
157 1010
157 1019
157 1020
157 1085
158 212
158 502
158 642
158 832
158 1147
158 1197
158 1237
158 1312
159 192
159 885
159 1110
160 754
160 840
162 264
162 495
162 674
162 1203
163 617
163 842
164 211
164 614
164 1127
164 1292
165 299
165 591
165 690
165 760
165 796
165 1103
165 1191
165 1304
165 1327
166 388
166 514
166 869
166 1123
166 1269
166 1290
166 1337
167 372
167 518
167 588
167 630
167 897
167 1133
167 1174
168 1031
169 512
169 651
169 688
169 982
169 1070
169 1281
170 341
170 367
170 582
170 886
170 1322
171 693
171 872
171 923
171 1035
171 1121
172 192
172 301
176 265
178 1309
179 630
179 958
180 640
181 1119
181 1229
182 240
182 314
182 325
182 602
182 712
182 715
182 1313
183 1332
184 1276
184 1277
185 473
185 499
185 755
185 758
185 915
185 927
185 980
187 1059
188 326
188 374
188 380
188 678
188 693
188 845
188 924
188 984
188 1274
189 1206
190 301
190 998
191 285
191 502
191 563
191 1035
191 1087
191 1240
192 270
192 326
192 542
192 787
192 922
192 966
192 1110
192 1205
193 208
193 366
194 318
194 384
194 845
195 1047
195 1315
196 333
196 345
196 562
196 623
196 1020
196 1242
196 1328
197 799
197 845
199 641
199 852
199 1094
200 326
200 696
200 1035
200 1218
200 1220
201 591
201 1236
202 751
202 1060
203 283
203 424
203 433
204 285
204 594
204 612
204 669
204 876
204 1225
204 1228
205 1008
205 1325
206 446
206 838
207 277
207 643
207 1060
207 1062
208 257
208 424
208 584
208 608
209 216
209 431
210 1003
211 614
211 696
211 1127
211 1137
212 259
212 502
212 568
212 642
212 832
212 956
212 1051
212 1237
213 222
213 283
213 381
213 391
213 786
213 947
213 1292
214 343
214 392
214 436
214 562
214 797
214 848
214 916
214 998
214 1187
214 1257
214 1328
215 259
215 499
215 502
215 506
215 568
215 691
215 859
215 956
215 1051
215 1168
215 1250
215 1262
216 430
216 498
216 703
216 809
216 961
216 965
217 911
217 1085
217 1227
218 1076
219 340
219 465
219 561
219 572
219 811
219 1021
219 1189
219 1317
220 508
220 1089
220 1304
222 256
222 488
222 589
222 1047
222 1201
222 1335
223 346
223 355
223 748
224 626
224 628
224 960
225 247
225 398
225 499
225 851
225 875
225 1135
226 531
226 851
227 256
227 488
227 589
227 1047
227 1335
228 1001
229 648
229 1046
229 1174
230 464
230 489
230 764
230 865
230 994
231 631
231 1120
231 1219
231 1281
232 252
232 353
232 449
232 759
232 900
232 945
232 1033
232 1164
233 691
233 760
233 938
233 1212
233 1309
234 542
234 614
234 1110
235 401
235 673
235 750
235 766
235 1112
235 1230
236 288
236 289
236 589
236 994
236 1092
236 1325
237 326
237 869
237 1027
237 1044
237 1123
237 1220
238 529
238 597
238 668
238 864
238 869
238 1109
238 1272
238 1305
238 1311
239 429
239 592
239 763
240 348
240 379
240 653
240 715
240 831
240 994
240 1076
240 1313
240 1321
241 475
241 542
241 710
241 810
241 922
241 1124
242 324
242 810
242 947
242 966
243 315
243 877
243 881
243 1105
243 1125
244 629
244 1155
245 583
245 885
245 886
245 1074
245 1157
246 401
246 521
246 659
246 793
246 835
247 681
247 865
247 913
247 987
248 306
248 382
248 480
248 583
248 1013
248 1268
248 1270
248 1316
250 1319
251 504
251 1207
252 313
252 715
252 759
252 900
252 1078
252 1246
253 448
253 748
253 1100
254 379
254 478
254 540
254 648
254 831
254 1038
255 646
256 1004
256 1335
257 746
257 1183
258 448
258 719
258 934
258 996
259 508
259 1001
261 327
261 969
262 1048
262 1115
263 619
263 651
263 690
263 699
263 949
263 957
263 1165
264 462
264 494
264 495
264 751
264 831
266 679
268 756
268 1037
268 1278
269 285
269 763
269 838
269 930
269 942
269 1169
269 1231
269 1289
270 614
270 1188
271 628
272 342
272 511
272 845
272 868
272 924
272 984
272 1186
273 330
273 667
273 671
273 711
273 913
274 402
274 910
274 956
275 891
275 1052
275 1222
276 1124
277 363
277 397
277 437
277 830
277 1131
277 1293
278 656
278 702
278 796
278 990
278 1066
278 1073
279 290
279 411
279 521
279 538
279 586
279 594
279 763
279 799
279 1015
279 1025
279 1027
279 1033
279 1133
280 414
280 458
280 1174
281 1216
282 400
282 683
282 741
282 895
282 1102
283 459
283 1255
284 443
285 607
285 1225
285 1337
286 1110
286 1122
286 1244
287 788
287 1103
289 449
289 1284
290 497
290 683
290 833
290 834
290 850
290 869
290 1081
290 1315
291 593
291 1192
292 593
292 814
292 889
292 993
292 1179
294 951
294 1002
294 1070
294 1308
296 508
296 955
296 1148
297 716
298 462
298 494
298 624
298 950
298 1183
298 1283
298 1326
299 719
299 738
299 765
299 1098
299 1221
300 304
300 1069
300 1140
300 1199
301 451
301 599
301 702
301 897
301 998
301 1021
301 1032
301 1108
302 489
302 612
302 1148
302 1321
303 692
303 1221
304 492
304 521
304 578
304 1078
304 1223
305 994
305 1249
306 338
306 480
306 882
306 1005
306 1013
306 1091
306 1213
306 1316
307 319
307 1267
307 1285
308 1285
309 681
309 769
309 1046
309 1148
309 1183
309 1278
309 1280
310 598
310 1285
311 446
311 735
311 832
311 973
311 1077
312 779
313 1159
314 325
314 1072
314 1318
315 706
315 877
315 1176
315 1296
315 1334
316 324
316 429
316 744
316 783
316 913
316 1205
316 1294
317 421
317 885
317 903
317 1050
317 1155
317 1322
318 538
318 845
318 1118
318 1149
318 1254
318 1284
318 1286
319 1285
319 1296
320 340
320 561
320 572
320 633
320 811
320 826
320 883
320 1024
321 821
324 810
324 966
324 1128
325 348
325 798
326 696
326 781
326 1035
326 1123
326 1220
327 363
327 577
327 642
327 843
327 939
328 559
328 590
328 1022
328 1026
328 1177
330 424
330 671
330 959
330 1124
331 376
331 462
331 478
331 500
331 513
331 648
331 939
331 1174
331 1293
332 1277
333 372
333 392
333 630
333 805
333 1143
334 372
334 627
335 786
335 1092
335 1165
335 1166
335 1305
335 1310
335 1315
336 411
336 538
336 594
336 608
336 864
336 1109
337 480
337 1013
337 1316
338 447
338 480
338 1013
338 1316
339 476
340 465
340 524
340 561
340 572
340 811
340 884
340 919
340 1317
341 561
341 627
341 686
341 948
341 1040
341 1106
342 390
342 812
342 820
342 845
342 1077
342 1084
342 1186
342 1199
343 539
343 696
343 797
343 1017
343 1107
343 1187
343 1210
343 1328
344 1276
344 1277
345 376
345 392
345 397
345 620
345 713
345 963
345 1017
345 1087
345 1097
345 1107
346 347
346 420
346 464
346 1108
346 1148
346 1278
346 1280
346 1321
346 1326
347 383
347 446
347 460
347 887
347 1143
347 1151
347 1246
347 1298
348 664
349 836
349 867
349 973
350 367
350 920
350 988
350 1249
351 421
352 469
353 703
353 945
355 430
355 455
355 558
355 676
355 712
355 721
355 756
355 888
355 1224
355 1315
355 1334
356 501
356 636
356 798
357 410
357 437
358 946
359 444
359 639
359 987
359 1019
360 436
360 1190
360 1197
361 629
362 445
362 496
362 637
362 1210
362 1241
362 1328
363 805
363 843
365 1008
367 534
367 920
367 1113
368 473
368 865
368 1104
369 396
369 627
369 647
369 1053
371 777
371 1090
372 393
372 627
372 648
372 805
372 1143
372 1183
373 702
373 780
374 528
374 678
374 924
375 542
375 1110
375 1137
375 1252
376 397
376 437
376 500
376 620
376 1017
376 1082
376 1107
376 1117
376 1293
377 782
377 783
377 1205
378 588
378 912
379 1038
379 1313
380 511
380 759
380 768
380 806
380 974
380 1239
380 1289
381 981
382 933
382 1040
382 1042
382 1243
383 726
383 952
383 1051
383 1077
383 1151
383 1235
383 1250
383 1299
384 794
384 929
384 1069
385 938
385 1086
385 1271
386 710
386 783
387 647
387 675
387 940
387 1046
388 401
388 594
388 631
388 929
388 1036
388 1044
388 1088
388 1152
389 417
389 423
389 558
390 441
390 577
390 812
390 996
390 1077
390 1186
390 1199
390 1221
391 949
391 1217
392 445
392 1187
392 1210
392 1328
393 745
393 831
393 866
393 1183
394 607
394 672
395 666
395 693
395 868
395 872
395 974
395 1093
395 1126
395 1141
395 1221
395 1251
395 1274
395 1291
396 627
396 901
396 1053
397 437
397 485
397 500
397 520
397 620
397 762
397 871
397 1017
397 1107
397 1308
398 1184
398 1310
400 621
400 659
400 1022
400 1158
401 621
401 640
401 733
401 766
402 910
402 949
402 1333
403 1309
404 1103
405 523
405 859
405 1324
406 859
407 649
407 905
407 1050
407 1277
408 516
408 532
408 646
408 944
408 1144
408 1278
408 1280
409 779
409 840
409 1080
409 1283
410 437
410 485
410 726
411 597
411 692
411 864
411 986
411 1081
412 451
412 631
412 761
412 1036
412 1122
412 1170
412 1288
413 431
413 503
413 835
413 865
414 422
414 453
414 587
414 769
414 1012
416 628
417 616
417 624
417 640
417 1016
417 1191
417 1211
417 1283
418 420
418 1111
420 449
420 1037
420 1065
420 1078
420 1253
420 1264
421 1029
421 1224
422 1153
423 594
423 599
423 704
423 968
423 990
423 1117
423 1180
423 1326
424 739
424 754
425 471
425 650
425 685
425 921
425 1175
425 1291
426 702
426 928
426 954
426 987
426 1203
426 1233
427 936
427 1055
427 1128
427 1271
428 1242
429 1049
429 1305
430 498
431 769
431 809
431 961
431 1243
431 1247
432 612
432 657
432 660
432 856
432 958
434 437
434 1165
434 1219
435 685
435 834
435 1103
435 1136
435 1188
436 680
436 797
436 893
436 913
436 978
436 1048
436 1257
437 485
437 957
437 963
437 1082
437 1308
438 448
438 703
438 1211
438 1304
439 778
439 905
439 1270
439 1317
440 527
440 547
440 1034
440 1171
441 996
441 1034
441 1186
441 1199
442 518
442 629
442 1200
443 704
444 502
444 639
444 792
444 1244
445 543
445 637
445 1058
445 1292
445 1328
446 506
446 569
446 944
446 1077
446 1256
447 525
447 554
447 843
447 888
447 892
448 583
448 690
448 837
448 1078
448 1211
448 1217
448 1238
449 464
449 520
449 584
449 591
449 1103
449 1191
449 1211
449 1236
449 1243
450 1007
451 848
451 998
451 1257
451 1308
452 542
452 782
452 1122
452 1137
452 1150
453 967
454 671
454 891
454 1139
455 484
455 537
455 686
455 844
455 882
455 905
455 1268
455 1270
455 1292
456 983
458 1201
458 1323
458 1324
459 954
459 1288
459 1335
460 769
460 887
460 1323
461 462
461 830
461 953
461 1168
462 494
462 495
462 1009
462 1293
462 1302
463 861
463 1011
463 1048
463 1134
464 578
464 591
464 768
464 771
464 865
464 994
464 1103
464 1211
464 1243
465 561
465 572
465 884
466 847
467 645
467 752
467 837
468 882
468 1052
468 1262
468 1270
469 1115
469 1118
470 571
470 1014
471 510
471 554
471 755
471 757
471 758
471 762
472 482
472 523
472 803
472 834
472 1188
473 499
473 681
473 743
473 762
473 815
473 896
473 963
473 1197
474 871
474 957
474 1017
474 1107
474 1308
475 922
475 1058
475 1095
475 1172
475 1288
475 1290
476 569
476 1069
476 1111
477 1140
478 517
478 648
478 1038
478 1207
479 600
479 632
479 763
480 484
480 686
480 1040
480 1042
480 1117
481 801
482 523
482 834
482 1188
483 533
483 742
483 1113
484 686
484 721
484 905
484 988
484 1040
484 1042
486 524
486 884
486 1024
487 1096
488 851
488 889
490 618
490 1092
490 1124
491 539
491 577
491 848
491 1006
491 1020
492 578
492 703
492 872
492 1218
492 1232
493 496
494 624
494 630
494 950
494 993
494 1183
495 928
495 1047
495 1060
496 637
497 733
497 817
497 850
498 577
498 774
498 809
499 568
499 681
499 708
499 815
499 896
499 963
499 1051
499 1147
499 1197
499 1250
499 1262
500 620
502 639
502 640
502 913
502 1016
502 1087
502 1122
502 1237
503 835
503 994
503 1306
504 540
504 648
504 669
504 709
504 752
504 813
504 897
504 1174
505 801
505 1067
505 1169
505 1306
506 569
506 771
506 1136
506 1151
507 1202
508 583
508 1000
508 1001
510 743
510 746
510 755
510 758
510 762
510 896
510 1157
511 749
511 759
511 768
511 806
511 984
511 1078
511 1164
511 1273
512 651
512 699
512 768
512 871
513 712
514 640
514 781
514 874
514 924
514 1220
514 1290
515 529
515 764
515 850
515 1269
515 1295
516 635
516 712
516 1307
517 1038
518 813
518 816
518 897
518 909
518 1174
518 1293
520 567
520 690
520 900
520 1082
520 1191
521 640
521 659
521 796
521 838
521 894
522 680
523 536
523 834
523 933
523 1188
523 1258
523 1284
524 811
524 884
524 919
524 1024
524 1053
524 1259
524 1317
525 554
525 858
525 1155
525 1176
527 547
527 1171
529 652
529 1226
530 594
530 800
530 802
530 819
531 611
531 1032
531 1066
531 1174
532 866
532 993
532 1231
533 537
533 1116
534 779
534 885
534 1074
535 814
535 889
535 932
536 741
536 746
536 915
536 1102
537 878
537 882
538 869
538 907
538 1284
538 1331
539 562
539 704
539 951
539 1292
539 1330
540 648
540 780
541 648
541 1183
542 1004
542 1039
542 1137
542 1252
543 1222
544 601
544 1143
544 1286
544 1323
545 627
545 932
545 1047
546 729
546 788
546 828
547 1171
548 1046
548 1062
548 1174
548 1307
549 581
549 588
549 805
549 931
549 1276
550 592
550 1004
550 1049
552 832
552 980
553 841
554 587
554 818
554 1080
555 903
555 914
555 988
555 991
555 1267
556 570
556 594
556 701
556 1170
556 1247
557 956
557 1106
557 1200
557 1202
558 676
558 756
558 1082
559 660
559 1146
560 612
560 660
561 572
561 778
561 811
561 883
561 886
561 1007
562 704
562 797
562 1021
562 1096
562 1291
562 1328
563 927
563 970
563 1087
563 1240
564 713
564 927
564 1070
564 1255
564 1281
565 576
565 732
566 787
566 1004
567 835
567 935
567 959
567 1082
567 1191
568 708
568 785
568 859
568 956
568 1051
568 1250
568 1262
569 570
569 1232
571 1014
571 1044
572 811
572 883
572 886
572 919
572 1189
572 1317
573 645
574 768
574 793
575 631
575 640
575 829
575 876
575 1044
575 1152
575 1170
575 1292
576 584
576 732
576 749
576 899
576 1329
577 579
577 774
577 808
578 1103
578 1246
578 1321
579 599
579 638
579 689
579 808
579 973
579 1333
580 1271
582 779
583 1013
583 1074
584 904
584 1193
584 1211
584 1329
585 687
586 594
586 645
586 1025
586 1158
587 646
587 687
587 818
587 1204
588 630
588 805
588 897
588 1052
588 1143
589 891
589 962
589 1090
589 1320
589 1325
591 865
591 1103
591 1236
591 1243
592 609
593 746
593 942
593 1031
593 1216
594 800
594 819
594 1025
594 1035
595 816
596 790
597 692
597 986
599 817
599 968
599 990
599 1096
599 1180
600 694
600 736
600 824
600 844
600 988
600 1134
600 1282
601 729
602 748
602 780
602 1153
602 1168
603 777
603 898
605 674
605 780
605 798
605 1038
605 1058
606 814
606 932
606 942
606 985
606 995
606 1129
606 1133
606 1178
607 672
607 987
607 1209
609 696
609 930
611 709
612 647
612 657
612 660
612 663
612 717
612 754
612 840
612 887
612 901
612 1195
612 1322
614 1110
614 1122
614 1123
614 1127
614 1137
614 1219
615 786
615 1203
616 935
616 1140
617 1247
618 1132
618 1161
619 957
620 713
620 1010
620 1017
620 1020
620 1107
620 1293
621 1063
622 1020
622 1029
622 1083
622 1101
622 1113
622 1116
622 1224
623 713
623 963
623 1288
624 796
624 1037
624 1283
625 841
625 1079
626 628
626 1171
627 751
627 840
627 1326
628 1171
628 1204
629 746
629 1048
630 897
631 761
631 1036
631 1099
631 1288
631 1292
631 1294
634 661
634 1048
634 1275
635 902
635 1135
635 1154
636 1056
636 1256
636 1337
637 1129
637 1167
637 1187
637 1210
637 1222
637 1312
637 1328
638 811
639 913
639 1294
640 894
640 913
640 935
640 1016
640 1073
640 1170
641 852
641 1223
642 911
642 959
642 1010
642 1117
643 786
643 1208
643 1277
643 1315
644 1028
645 796
645 1037
645 1066
645 1138
646 1031
646 1144
647 1046
647 1278
648 662
648 745
648 866
648 1293
649 839
649 905
649 1047
649 1277
650 974
650 1013
650 1175
650 1289
650 1291
651 688
651 699
651 951
651 1070
651 1099
651 1281
652 776
652 1181
654 835
654 837
654 861
654 930
654 1015
654 1108
656 746
656 969
656 996
657 717
657 823
658 662
658 1287
659 1102
660 717
660 726
660 754
660 823
662 1287
663 742
664 1033
665 975
665 1157
665 1162
665 1332
666 794
666 974
666 1034
666 1126
666 1141
666 1337
667 711
667 875
668 739
668 776
668 1102
668 1109
668 1311
668 1337
669 809
669 1228
670 769
670 1303
672 838
672 987
672 1209
673 733
673 753
673 766
673 1292
674 798
674 1143
675 1046
675 1278
675 1280
676 712
676 756
676 1048
676 1052
676 1092
676 1315
677 993
679 1161
680 912
680 985
680 1134
681 726
681 896
681 919
681 1202
681 1278
685 921
685 1199
685 1291
686 721
686 905
686 919
686 1013
686 1040
686 1042
686 1117
687 770
688 700
688 871
688 1070
688 1120
688 1219
689 747
689 961
689 1227
689 1250
689 1333
690 1065
690 1165
690 1327
691 800
692 986
693 771
693 868
693 974
693 1035
693 1123
693 1126
693 1130
693 1141
694 844
694 988
695 786
695 1048
695 1325
696 781
696 1035
696 1088
696 1123
697 780
697 1153
697 1278
699 849
699 1099
699 1165
700 704
700 787
700 797
700 916
700 1219
701 1077
701 1130
702 726
702 1134
702 1136
702 1141
702 1233
703 809
703 836
704 787
704 817
704 916
704 968
704 1017
705 909
705 1185
708 747
708 811
708 882
708 980
708 1005
708 1189
708 1237
708 1270
710 924
710 1099
710 1205
710 1255
712 977
712 1203
712 1317
713 927
713 970
713 999
713 1087
713 1097
713 1107
713 1240
713 1244
713 1255
715 1038
715 1052
716 843
716 862
716 1063
717 754
717 840
717 1336
718 1182
719 738
719 757
719 818
719 1098
721 948
721 980
721 1040
721 1117
726 746
729 788
729 794
729 828
731 786
731 896
731 1041
731 1048
732 899
732 1030
733 750
733 766
733 807
733 850
733 992
734 786
734 947
734 966
734 1104
734 1110
734 1241
735 867
735 1258
736 1134
737 1061
737 1166
738 820
738 1098
740 914
740 1284
740 1322
741 1102
741 1258
742 825
742 882
742 1018
742 1071
742 1270
742 1297
743 896
743 983
743 1051
743 1147
743 1250
744 783
744 1139
744 1255
744 1294
745 789
745 831
745 866
745 950
745 985
745 1183
746 915
747 1250
747 1333
748 1001
748 1146
748 1153
748 1211
749 1078
749 1214
749 1246
749 1327
750 1015
750 1027
750 1112
753 766
753 776
753 1112
753 1179
753 1227
754 840
754 901
755 758
755 762
756 837
756 1059
757 967
757 1012
757 1238
758 762
759 768
759 806
759 945
759 984
759 1078
759 1164
759 1232
760 1304
761 1150
761 1172
761 1288
761 1292
762 1157
762 1160
765 767
765 952
765 1094
765 1191
765 1327
766 1027
766 1230
767 1094
768 806
769 1173
769 1314
770 1277
771 865
771 1078
773 818
773 1159
774 809
776 827
776 869
776 1181
776 1311
777 1062
777 1090
778 1317
779 948
779 1080
779 1283
779 1322
781 1225
782 1244
784 967
784 1103
785 939
785 1314
786 840
786 1203
786 1310
787 1004
787 1120
787 1219
788 1143
789 866
789 1183
789 1280
791 951
791 1085
791 1150
793 1126
793 1147
793 1149
793 1322
794 1069
795 903
796 1066
796 1073
797 848
797 876
797 916
797 1010
797 1187
798 1038
798 1072
798 1314
798 1323
799 828
800 1195
801 1129
801 1133
801 1286
802 964
802 1089
804 835
807 922
808 959
808 990
808 1180
809 837
809 1169
809 1247
810 966
810 1086
811 826
811 919
811 1000
811 1114
811 1259
811 1317
812 820
812 1077
812 1186
813 909
813 1032
813 1293
814 834
814 889
814 932
814 985
814 1295
815 942
815 1147
815 1197
816 1046
816 1067
816 1174
816 1306
817 990
817 1290
818 870
818 1159
818 1204
819 1089
822 1204
823 898
823 958
825 1074
825 1224
825 1332
826 1024
826 1057
826 1114
828 1276
829 876
829 1025
829 1170
830 1168
830 1307
831 873
831 950
831 1183
832 1237
832 1312
833 944
833 992
834 992
834 1130
834 1188
835 894
835 1015
835 1218
836 862
836 867
836 973
836 1076
836 1324
838 1226
839 968
839 1117
840 1014
841 1203
842 1249
843 1053
843 1057
844 1005
844 1160
845 1141
845 1186
845 1284
845 1300
846 894
848 1021
848 1187
848 1210
848 1242
848 1328
849 951
850 1269
851 1062
851 1310
852 1223
853 914
853 988
856 1062
856 1065
858 1029
858 1176
858 1224
859 1202
860 1118
860 1119
860 1143
860 1303
864 875
864 986
865 1078
865 1218
865 1246
867 973
867 1299
868 974
868 1121
868 1126
868 1186
868 1221
868 1291
869 1311
870 995
870 1076
870 1184
871 957
871 982
871 1070
871 1099
871 1168
871 1293
872 1141
873 1198
873 1275
874 924
874 1099
874 1294
875 1045
875 1104
877 881
877 1079
878 988
878 1142
879 1090
882 919
882 1268
882 1270
883 886
883 988
884 980
884 1284
885 905
885 1050
885 1074
885 1320
886 1106
886 1157
886 1322
887 1151
887 1336
888 1204
889 985
889 1295
893 978
893 1081
893 1104
893 1167
894 1015
896 919
896 977
896 1202
896 1331
897 1003
898 1090
898 1115
898 1167
900 945
900 1082
902 1047
902 1307
903 914
903 1267
903 1296
904 1313
904 1321
905 1050
905 1317
905 1320
908 988
908 1176
909 1032
910 949
910 1208
910 1333
911 1010
911 1085
913 987
913 1016
913 1149
913 1225
914 1285
915 1181
916 1019
916 1040
917 995
917 1178
918 1023
919 980
919 1040
919 1106
919 1259
919 1317
920 988
921 1274
921 1329
922 1039
922 1124
922 1172
922 1288
922 1290
923 1121
924 984
925 1226
927 1087
927 1240
928 1060
928 1233
929 1290
930 934
930 944
930 1326
933 1077
933 1284
934 1015
934 1112
935 990
935 1016
935 1073
935 1191
935 1283
936 1003
936 1123
938 994
938 1061
939 1047
940 1046
941 1014
941 1224
944 1231
947 966
947 976
947 1092
949 1333
950 1059
950 1183
951 1070
951 1095
951 1330
954 1060
954 1233
955 965
955 1148
955 1246
955 1324
956 959
956 1202
957 1096
957 1293
958 1325
961 965
962 1071
962 1135
963 1107
963 1147
963 1197
963 1288
964 980
965 1238
965 1243
966 976
966 1008
967 1103
968 990
968 1017
968 1033
968 1180
969 979
969 1006
969 1065
971 1110
971 1122
971 1150
973 1076
973 1314
973 1324
974 1126
974 1141
975 1162
978 1024
979 1006
980 1057
980 1189
980 1317
982 1003
982 1281
983 1119
984 1164
985 994
985 1129
985 1295
986 1147
988 1074
989 991
990 1003
990 1017
990 1073
990 1187
992 1231
994 998
994 1078
994 1278
995 1076
995 1178
996 1034
996 1077
997 1208
998 1206
998 1312
999 1328
1000 1001
1000 1259
1000 1317
1002 1145
1002 1308
1004 1137
1004 1219
1004 1292
1005 1091
1005 1101
1005 1213
1006 1020
1006 1108
1007 1009
1007 1193
1008 1166
1010 1019
1010 1020
1011 1302
1012 1031
1012 1076
1012 1238
1012 1291
1013 1040
1013 1042
1013 1117
1013 1268
1013 1270
1013 1316
1015 1027
1016 1033
1016 1036
1016 1117
1016 1170
1016 1220
1017 1107
1017 1180
1019 1257
1020 1308
1021 1187
1021 1189
1021 1228
1021 1242
1021 1306
1024 1328
1025 1033
1025 1133
1027 1123
1027 1309
1028 1124
1028 1335
1029 1101
1029 1113
1029 1224
1029 1261
1030 1214
1031 1076
1033 1073
1033 1129
1035 1123
1035 1220
1036 1152
1037 1082
1037 1264
1038 1143
1038 1304
1039 1110
1040 1117
1042 1117
1044 1138
1044 1152
1045 1064
1046 1278
1047 1060
1047 1302
1047 1313
1048 1115
1048 1168
1050 1182
1050 1320
1051 1250
1051 1299
1053 1057
1054 1058
1055 1128
1055 1271
1056 1256
1056 1337
1060 1161
1061 1166
1063 1148
1063 1314
1063 1321
1064 1305
1065 1327
1067 1169
1067 1197
1067 1306
1069 1111
1069 1193
1071 1079
1072 1238
1073 1283
1074 1182
1074 1332
1077 1186
1077 1199
1077 1258
1078 1098
1078 1164
1078 1246
1078 1327
1080 1113
1080 1322
1081 1247
1081 1301
1082 1264
1084 1179
1084 1186
1084 1199
1086 1128
1086 1271
1087 1240
1090 1315
1091 1105
1091 1116
1091 1213
1092 1315
1093 1129
1093 1141
1093 1175
1093 1256
1093 1274
1094 1175
1095 1330
1096 1097
1096 1114
1096 1117
1096 1180
1097 1244
1099 1281
1099 1288
1100 1217
1101 1224
1101 1297
1103 1243
1104 1305
1105 1125
1105 1213
1105 1332
1108 1147
1110 1205
1111 1151
1111 1232
1111 1243
1112 1129
1112 1181
1112 1230
1113 1224
1115 1167
1115 1231
1116 1213
1118 1231
1119 1231
1120 1219
1122 1137
1122 1150
1122 1252
1123 1205
1123 1220
1124 1290
1124 1335
1127 1192
1127 1292
1128 1166
1130 1141
1132 1156
1132 1168
1134 1166
1134 1193
1135 1289
1135 1292
1137 1172
1137 1288
1138 1283
1139 1192
1141 1251
1143 1151
1144 1249
1145 1308
1147 1197
1147 1237
1147 1312
1149 1223
1150 1252
1151 1243
1151 1298
1152 1218
1156 1168
1158 1231
1169 1306
1169 1337
1172 1288
1175 1256
1175 1289
1175 1291
1176 1213
1176 1296
1176 1334
1178 1323
1179 1269
1183 1280
1183 1326
1186 1199
1187 1222
1187 1306
1187 1308
1187 1328
1191 1327
1193 1321
1195 1336
1198 1275
1199 1221
1199 1256
1201 1203
1201 1302
1202 1235
1203 1233
1208 1315
1209 1290
1210 1257
1210 1306
1210 1328
1211 1304
1218 1337
1220 1290
1222 1328
1227 1299
1232 1329
1237 1312
1241 1282
1242 1255
1242 1328
1244 1312
1246 1322
1246 1329
1256 1322
1256 1337
1269 1271
1270 1320
1278 1280
1278 1319
1286 1303
1288 1294
1291 1300
1295 1301
1296 1334
1306 1328
1308 1330
1313 1321
1321 1322
1327 1329
