#num-nodes
1168
#num-links
4716
#links
0 132
0 151
0 349
0 360
0 374
0 589
1 68
1 171
1 289
1 329
1 367
1 402
1 553
1 647
1 792
2 7
2 59
2 62
2 99
2 179
2 184
2 265
2 421
2 426
2 438
2 442
2 455
2 458
2 503
2 583
2 591
2 625
2 626
2 690
2 694
3 33
3 127
3 311
3 471
4 93
4 190
4 411
4 427
4 476
4 495
4 542
4 550
4 593
5 7
5 95
5 122
5 129
5 223
5 268
5 281
5 325
5 608
5 612
5 613
5 662
6 28
6 53
6 67
6 170
6 388
6 505
6 549
6 701
7 59
7 62
7 129
7 135
7 176
7 192
7 222
7 223
7 267
7 317
7 325
7 409
7 423
7 443
7 497
7 541
7 565
7 583
7 625
7 626
8 12
8 183
8 327
8 648
8 650
8 1025
9 48
9 74
9 94
9 110
9 274
9 375
9 445
9 478
9 537
9 624
9 640
10 389
10 506
10 552
10 563
10 583
11 166
11 252
11 328
11 393
11 514
11 597
11 641
11 679
11 957
12 103
12 132
12 299
12 650
13 52
13 72
13 258
13 285
13 388
13 691
13 707
13 1094
14 29
14 77
14 134
14 237
14 509
14 645
14 704
14 750
14 851
15 1166
16 63
16 71
16 277
16 602
16 688
16 705
17 60
17 64
17 77
17 182
17 205
17 294
17 440
17 454
17 592
17 705
18 37
18 87
18 167
18 200
18 235
18 279
18 460
18 486
18 576
18 595
18 655
18 676
19 22
19 66
19 201
19 220
19 259
19 447
19 660
19 670
19 675
20 199
20 204
20 540
21 31
21 129
21 135
21 176
21 278
21 283
21 371
21 409
21 438
21 552
21 607
21 608
21 668
22 183
22 201
22 259
22 474
22 603
23 223
23 361
23 533
23 538
23 590
23 634
23 682
24 80
24 191
24 268
24 449
24 536
24 663
24 690
25 94
25 96
25 141
25 163
25 239
25 293
25 350
25 398
25 434
25 439
25 615
25 620
25 694
25 816
26 182
26 610
27 402
27 524
28 106
28 148
28 221
28 529
29 116
29 119
29 562
29 1167
30 148
30 161
30 221
30 511
30 529
31 184
31 455
31 481
31 525
31 538
31 626
31 678
32 90
32 95
32 126
32 272
32 307
32 382
32 422
32 425
32 466
32 499
32 504
32 548
32 618
32 623
32 630
33 84
33 274
33 295
33 297
33 375
33 445
33 464
33 478
33 487
33 537
33 687
34 65
34 94
34 98
34 141
34 189
34 199
34 218
34 219
34 229
34 363
34 384
34 401
34 551
34 636
34 659
34 1152
35 123
35 127
35 177
35 297
36 101
36 195
36 281
36 318
36 328
36 568
37 66
37 125
37 252
37 263
37 429
37 441
37 491
37 511
37 527
37 668
38 127
38 427
38 476
38 550
38 715
39 58
39 90
39 106
39 175
39 307
39 589
40 50
40 152
40 256
40 376
40 502
40 537
41 72
41 112
41 245
41 316
41 353
41 370
41 383
41 479
41 483
41 516
41 518
41 521
41 606
41 619
41 837
42 49
42 54
42 110
42 152
42 159
42 188
42 203
42 211
42 274
42 308
42 385
42 390
42 404
42 554
42 595
42 634
42 693
43 75
43 120
43 194
43 627
44 568
45 105
45 184
45 186
45 230
45 799
45 1086
46 78
46 90
46 95
46 111
46 126
46 207
46 272
46 466
46 674
46 679
46 716
47 132
47 249
47 617
47 629
48 57
48 85
48 101
48 110
48 257
48 264
48 300
48 318
48 328
48 338
48 397
48 481
48 485
48 582
48 585
48 624
48 659
48 662
48 668
48 1075
49 54
49 101
49 152
49 174
49 203
49 228
49 274
49 445
49 643
49 715
50 152
50 361
50 537
50 643
50 698
51 66
51 255
51 286
51 355
51 991
52 121
52 160
52 352
52 393
52 545
52 570
52 597
53 75
53 177
53 295
53 332
53 375
53 487
54 101
54 195
54 203
54 210
54 228
54 236
54 274
54 338
54 441
54 634
54 643
54 662
54 720
55 94
55 171
55 184
55 250
55 378
55 393
55 427
55 455
55 457
55 620
55 635
55 679
56 335
56 358
56 370
56 582
56 659
56 969
57 101
57 328
57 397
57 445
57 525
57 624
57 662
58 101
58 306
58 349
58 506
58 611
59 135
59 317
59 430
59 474
59 625
59 671
60 225
60 543
60 572
61 68
61 142
61 186
61 292
61 378
61 393
61 417
61 434
61 504
61 574
61 681
61 879
62 130
62 176
62 192
62 286
62 449
62 536
62 541
62 626
63 148
63 277
63 517
63 588
63 602
63 697
64 182
64 498
64 573
64 900
64 1000
65 72
65 98
65 162
65 189
65 199
65 218
65 363
65 469
65 534
65 551
65 557
65 581
65 587
65 596
65 598
65 620
65 636
65 667
65 672
65 821
65 842
65 948
65 1123
66 145
66 221
66 278
66 435
66 560
66 581
66 596
66 636
66 690
67 477
68 106
68 132
68 137
68 289
68 329
68 629
69 206
69 286
69 458
69 576
70 233
70 495
70 538
70 542
70 586
70 593
70 595
70 651
71 172
71 277
71 602
71 688
72 209
72 483
72 516
72 521
72 620
72 635
72 667
72 672
73 169
73 226
73 275
73 286
73 340
73 353
73 377
73 424
73 561
73 633
73 645
74 97
74 120
74 144
74 206
74 462
74 480
74 539
74 698
75 308
75 311
75 590
75 627
76 186
76 291
76 334
76 436
76 557
76 570
76 581
76 675
76 684
77 134
77 170
77 285
77 323
77 439
77 660
77 670
77 955
78 108
78 209
78 392
78 470
78 530
78 534
78 600
78 703
79 122
79 263
79 391
79 511
79 536
79 550
79 552
79 595
79 663
80 343
80 379
80 500
80 530
81 159
81 195
81 211
81 217
81 308
81 385
81 418
81 655
81 711
82 101
82 185
82 195
82 325
82 470
82 475
82 511
82 536
82 652
82 663
83 96
83 126
83 131
83 239
83 350
83 363
83 600
83 654
83 667
83 679
83 858
84 110
84 194
84 210
84 295
84 445
84 489
84 537
84 640
84 643
84 687
85 156
85 208
85 212
85 287
85 328
85 338
85 344
85 433
85 527
85 647
85 668
86 124
86 283
86 457
86 625
86 631
86 652
86 667
86 685
87 167
87 282
87 291
87 328
87 365
87 366
87 411
87 431
87 576
87 638
87 639
87 655
87 711
88 238
88 581
88 667
88 701
88 714
88 861
88 888
88 1033
88 1121
89 183
89 188
89 194
89 332
89 394
90 95
90 132
90 136
90 163
90 173
90 272
90 382
90 425
90 466
90 499
90 598
90 611
90 615
90 618
90 623
90 674
90 696
91 447
91 668
91 678
91 722
92 105
92 186
92 189
92 334
92 452
92 582
92 684
93 97
93 330
93 346
93 355
93 366
93 411
93 476
93 621
93 628
93 638
93 639
93 665
94 96
94 98
94 105
94 108
94 131
94 153
94 213
94 218
94 453
94 469
94 482
94 504
94 512
94 551
94 587
94 609
94 620
94 636
94 667
94 673
94 694
95 105
95 111
95 124
95 126
95 272
95 287
95 598
95 600
95 630
95 679
95 820
96 105
96 199
96 209
96 239
96 291
96 313
96 333
96 341
96 348
96 350
96 363
96 399
96 422
96 433
96 434
96 453
96 461
96 551
96 570
96 620
96 665
96 704
96 716
97 120
97 346
97 405
97 411
97 495
97 542
97 628
97 651
98 199
98 218
98 363
98 469
98 504
98 512
98 534
98 551
98 557
98 581
98 596
98 636
98 667
98 703
98 706
98 1103
99 310
99 347
99 490
99 669
99 708
99 713
99 897
100 168
100 178
100 198
100 231
100 239
100 292
100 333
100 393
100 417
100 611
100 879
100 930
101 174
101 274
101 300
101 328
101 338
101 418
101 503
101 585
102 491
103 299
105 109
105 213
105 313
105 348
105 350
105 399
105 703
106 221
106 324
106 375
106 402
106 441
107 337
107 369
107 617
108 126
108 189
108 422
108 482
108 636
108 1052
109 233
109 299
109 371
109 398
109 694
110 194
110 211
110 228
110 308
110 445
110 478
110 489
110 640
110 693
111 207
111 219
111 251
111 392
111 716
112 479
112 518
112 521
113 405
113 462
113 616
113 628
114 392
114 609
114 662
115 126
115 246
115 357
115 555
115 683
116 226
116 285
116 357
116 377
116 406
116 561
116 562
116 564
116 1108
116 1156
117 125
117 159
117 180
117 252
117 279
117 410
117 432
117 477
117 491
117 554
117 567
117 576
117 658
117 693
119 447
119 492
119 509
119 562
119 1031
120 464
120 489
120 627
121 352
121 373
121 452
121 492
121 562
121 635
121 964
122 129
122 161
122 166
122 232
122 281
122 325
122 455
122 473
122 475
122 485
122 486
122 526
122 531
122 536
122 612
122 613
122 712
123 648
124 184
124 222
124 283
124 343
124 379
124 457
124 500
124 507
124 528
124 572
124 652
124 659
124 675
125 212
125 252
125 344
125 441
125 461
125 527
125 668
125 696
126 173
126 219
126 291
126 420
126 422
126 473
126 475
126 482
126 499
126 512
126 534
126 600
126 615
126 618
126 630
126 654
126 694
127 472
127 539
128 504
129 161
129 232
129 325
129 473
129 475
129 536
129 608
129 613
130 225
130 232
130 442
130 457
130 536
130 652
131 140
131 453
131 654
131 661
131 977
132 203
132 288
132 341
132 484
132 570
132 647
133 514
133 558
133 791
134 237
134 285
134 440
134 574
134 588
134 926
134 1000
135 201
135 261
135 469
135 497
135 541
135 625
136 161
136 166
136 178
136 232
136 382
136 406
136 425
136 466
136 558
136 615
136 641
136 674
136 681
136 696
137 253
137 281
137 341
137 409
137 452
137 526
137 563
137 626
138 165
138 479
138 506
138 523
138 566
138 572
139 216
139 241
139 337
139 341
139 379
139 579
139 614
140 141
140 453
140 562
140 581
140 587
140 620
140 654
140 731
140 782
140 995
140 1052
140 1154
141 293
141 333
141 363
141 379
141 458
141 534
141 551
141 620
141 636
141 779
142 197
142 198
142 231
142 378
142 393
142 597
143 145
143 244
143 248
143 479
144 151
144 180
144 506
144 629
145 215
145 253
145 303
145 328
145 384
145 449
145 491
145 662
145 705
146 164
147 151
147 594
148 169
148 221
148 238
148 363
148 388
149 193
149 205
149 335
151 243
151 594
151 686
152 361
152 390
152 502
152 569
152 680
153 504
153 636
154 263
154 371
154 475
154 662
155 240
155 448
155 664
155 682
156 286
156 287
156 473
156 608
156 948
157 230
157 414
158 415
158 503
158 559
158 844
159 210
159 211
159 217
159 236
159 308
159 385
159 464
159 578
159 693
160 241
160 545
160 555
160 596
160 632
160 708
160 793
160 1008
160 1028
160 1135
161 166
161 401
161 433
161 466
161 525
161 558
161 582
161 641
161 681
162 335
162 587
163 173
163 178
163 382
163 393
163 397
163 406
163 425
163 466
163 512
163 574
163 598
163 611
163 615
163 641
163 674
163 767
164 197
164 239
164 319
164 417
164 455
164 481
164 525
164 526
164 568
164 600
164 662
165 181
165 184
165 684
165 863
166 291
166 325
166 511
166 531
166 553
166 696
167 207
167 236
167 365
167 460
167 538
167 578
167 655
167 676
167 711
167 712
168 263
168 290
168 364
168 391
168 435
168 668
168 674
168 811
168 1085
169 249
169 288
169 340
169 509
169 645
170 186
170 388
170 593
170 667
170 685
170 691
171 289
171 571
171 663
171 712
172 198
172 417
172 593
172 597
172 630
173 232
173 272
173 342
173 425
173 514
173 598
173 611
173 615
173 623
174 544
174 595
174 623
174 624
175 491
176 192
176 261
176 265
176 409
176 497
176 541
176 625
177 311
178 382
178 393
178 425
178 453
178 466
178 558
178 611
178 615
178 641
178 674
178 681
178 696
178 879
179 184
179 379
179 457
179 530
179 548
179 625
179 626
179 652
179 690
180 254
180 373
180 454
180 627
181 297
181 408
181 569
181 590
182 412
182 505
183 396
183 412
183 487
183 506
183 563
183 583
183 629
183 638
184 185
184 278
184 511
184 626
184 652
184 663
184 678
185 371
185 475
185 526
185 552
185 678
186 187
186 270
186 498
186 635
186 684
187 309
187 334
188 264
188 304
188 448
188 489
188 556
188 712
189 218
189 452
189 453
189 469
189 636
189 689
189 700
189 802
190 281
190 405
190 411
190 427
190 476
190 550
190 591
190 625
191 290
191 453
191 535
192 261
192 265
192 421
192 438
192 469
192 497
192 541
192 591
192 625
193 331
193 335
193 368
193 446
193 447
193 543
193 555
193 692
193 752
194 203
194 274
194 390
194 478
194 640
194 643
194 687
195 274
195 338
195 343
195 397
195 417
195 475
195 553
195 571
195 644
195 663
196 477
197 198
197 239
197 291
197 303
197 417
197 455
197 514
197 597
197 600
197 615
197 713
197 974
198 231
198 313
198 333
198 350
198 417
198 597
198 700
198 879
199 218
199 220
199 420
199 453
199 551
199 1138
200 279
200 427
200 460
200 486
200 576
200 638
200 651
200 655
200 658
200 676
201 216
201 474
201 480
201 603
202 509
202 657
203 274
203 640
204 206
204 287
204 309
204 420
205 277
205 340
205 364
205 505
205 705
206 309
206 315
206 363
206 488
206 499
206 534
206 630
206 649
206 921
206 1024
207 233
207 366
207 392
207 512
207 514
207 570
207 716
207 754
207 1072
207 1150
208 212
208 268
208 344
208 391
208 397
208 563
209 276
209 368
209 392
209 600
209 635
209 642
209 654
209 681
209 714
209 1123
210 211
210 236
210 375
210 533
210 590
210 634
210 643
210 698
211 228
211 264
211 308
211 418
211 693
212 236
212 252
212 344
212 441
212 491
212 527
212 668
212 712
213 241
213 348
213 399
213 538
213 642
213 981
213 1158
214 230
214 265
214 315
214 421
214 541
214 583
214 630
215 571
215 599
216 290
216 304
216 327
216 702
217 385
218 363
218 469
218 534
218 548
218 551
218 667
218 671
218 706
219 281
219 422
219 468
219 482
219 550
219 630
219 716
220 270
220 425
220 660
220 780
220 783
221 243
221 303
221 316
221 386
221 491
221 582
221 592
222 267
222 269
222 421
222 443
222 528
222 583
222 652
223 232
223 267
223 269
223 281
223 293
223 375
223 458
223 467
223 528
223 612
223 613
223 694
225 543
226 238
226 275
226 316
226 336
226 353
226 356
226 367
226 369
226 377
226 424
226 484
226 561
226 1054
228 264
228 274
228 302
228 365
228 445
228 464
228 624
229 332
229 351
229 438
229 622
229 671
230 548
230 714
231 382
231 393
231 574
231 597
231 742
231 811
231 1042
231 1085
231 1158
232 268
232 325
232 375
232 585
232 615
232 625
233 411
233 495
233 538
233 1072
234 339
234 465
234 545
235 236
235 1055
236 385
236 464
236 554
236 578
237 241
237 419
237 574
237 633
238 352
238 367
239 291
239 350
239 366
239 399
239 433
239 447
239 455
239 461
239 505
239 570
239 620
239 644
239 668
239 713
239 858
240 360
240 448
240 664
241 258
241 292
241 303
241 314
241 321
241 348
241 388
241 447
241 672
242 547
242 548
242 660
242 844
243 316
243 386
243 493
243 587
244 248
244 255
245 596
245 619
245 675
246 465
246 524
246 622
247 354
247 383
247 483
247 594
248 341
248 560
248 685
249 288
249 395
249 629
249 645
250 393
250 410
250 434
250 493
250 679
251 482
252 263
252 485
252 494
252 668
252 712
253 325
253 452
253 475
253 658
253 662
253 678
254 324
254 494
254 686
255 279
255 574
255 686
256 384
256 532
257 331
257 383
257 433
257 486
257 560
257 660
257 679
257 681
257 685
257 760
257 980
257 1043
257 1159
258 675
258 1143
259 379
259 429
259 458
259 529
259 582
259 692
259 713
260 271
260 322
260 421
260 423
260 426
260 503
260 539
260 582
260 584
260 702
261 265
261 497
261 541
261 552
261 591
261 625
262 287
262 443
262 482
262 534
262 540
262 919
262 922
263 290
263 318
263 397
263 473
263 485
263 568
264 300
264 308
264 385
264 464
264 578
264 693
265 269
265 421
265 423
265 426
265 438
265 668
265 678
266 281
266 282
266 394
266 550
266 650
267 269
267 271
267 317
267 361
267 415
267 421
267 443
267 583
267 625
268 281
268 449
268 634
269 421
269 423
269 485
269 583
269 678
270 273
270 417
270 498
270 557
270 596
270 700
270 714
270 918
270 1155
271 297
271 322
271 361
271 396
271 415
271 480
271 497
271 503
271 539
271 702
272 558
272 598
272 618
272 623
273 343
273 379
273 500
273 1056
274 445
274 464
274 478
274 640
274 643
274 698
274 711
275 367
275 571
275 579
276 593
277 602
278 347
278 438
278 669
279 366
279 408
279 460
279 485
279 542
279 576
279 651
279 655
281 307
281 405
281 462
281 511
281 525
281 536
281 550
281 575
281 715
282 325
282 428
282 475
282 495
282 538
282 550
282 586
282 639
283 333
283 364
283 449
283 457
283 530
283 652
283 690
285 286
285 301
285 386
285 400
285 403
285 410
285 440
285 561
285 707
285 1125
286 406
286 419
286 632
286 706
286 874
287 309
287 350
287 420
287 443
287 534
287 684
287 700
288 340
288 395
288 410
288 629
288 645
289 329
289 402
289 553
289 567
290 417
290 485
290 511
290 597
290 663
290 720
291 514
291 597
291 600
291 641
291 654
291 673
291 858
292 310
292 505
292 582
292 659
293 315
293 436
293 499
293 515
293 615
293 684
293 714
293 745
293 755
293 950
293 1068
294 301
294 416
295 445
295 467
295 487
295 502
295 1093
296 335
296 439
296 440
296 632
296 692
297 312
297 361
297 471
297 522
297 533
297 584
297 610
297 702
297 710
299 321
299 352
299 429
299 460
299 524
299 529
299 535
299 588
300 318
300 328
300 338
300 397
300 527
300 531
300 585
300 662
300 668
301 400
301 403
301 410
301 461
301 1067
302 375
302 404
302 429
302 445
302 489
302 638
303 379
303 384
303 392
303 417
303 455
303 513
303 528
303 530
303 600
303 612
303 713
303 974
304 362
304 416
304 450
304 454
304 594
306 454
306 604
306 634
307 392
307 415
307 425
307 600
307 618
307 623
307 674
308 385
308 412
308 445
308 693
309 315
309 363
309 488
309 581
309 630
309 803
310 347
310 620
311 375
311 502
311 532
311 687
311 702
311 715
312 374
312 508
312 584
312 710
312 1042
313 333
313 463
313 504
313 557
313 620
313 666
313 704
313 714
314 380
314 572
315 439
315 488
315 534
315 581
315 630
315 694
315 714
315 1098
316 367
316 386
316 527
316 606
316 619
317 563
317 583
317 625
318 485
318 511
318 531
318 568
318 613
318 662
319 380
319 579
319 612
319 614
321 380
321 383
321 701
321 760
321 980
321 988
322 415
322 430
322 474
322 550
322 625
322 685
322 697
323 400
323 564
323 633
323 707
324 610
325 470
325 475
325 536
325 613
327 394
327 546
327 603
327 650
328 338
328 662
329 346
329 402
329 428
329 553
329 586
329 647
330 401
330 402
330 621
331 380
331 433
331 486
331 543
331 573
331 679
331 701
331 752
331 933
331 980
332 375
332 438
332 539
332 603
332 682
333 350
333 542
333 654
333 679
333 700
333 704
334 492
334 760
334 1055
335 354
335 358
335 370
335 466
335 543
335 555
335 592
335 692
335 1141
336 459
336 484
336 485
336 574
336 644
337 614
337 645
338 397
338 634
338 662
338 1075
339 387
339 481
339 667
340 423
340 426
340 481
340 498
340 545
340 561
340 645
341 570
342 406
342 466
342 558
342 598
342 674
342 696
343 500
343 507
343 644
343 930
344 397
344 486
344 527
344 531
344 585
344 668
346 355
346 411
346 427
346 575
346 628
346 638
346 665
347 498
347 708
348 350
348 392
348 434
348 557
348 581
349 404
349 506
349 589
349 1067
350 399
350 434
350 455
350 620
350 704
350 1028
351 415
351 430
351 438
351 474
351 502
351 648
351 671
351 695
352 419
353 614
353 619
353 645
353 991
354 692
354 701
355 427
355 437
355 638
355 665
356 561
356 609
356 740
356 841
357 377
357 564
357 653
357 1156
358 519
358 632
358 692
359 439
359 591
360 373
360 395
360 559
360 560
360 597
360 603
360 617
361 390
361 415
361 448
361 477
361 502
361 532
361 539
361 569
361 680
362 389
362 445
362 594
362 603
363 482
363 534
363 551
363 581
363 636
363 704
363 989
363 1069
364 579
365 427
365 578
365 651
365 655
365 676
365 682
365 711
366 495
366 553
366 624
366 655
367 369
367 375
367 484
367 574
367 685
368 447
368 509
368 562
368 701
369 617
369 991
370 660
370 670
371 526
371 552
372 405
372 411
372 472
372 489
372 575
372 628
372 638
374 390
374 686
375 430
375 634
375 710
376 396
376 537
376 539
377 561
377 1159
378 574
379 456
379 457
379 500
379 507
379 526
379 528
379 530
380 383
380 612
380 760
381 517
381 592
382 425
382 446
382 466
382 611
382 623
382 641
383 450
383 519
383 593
383 660
383 668
383 768
384 449
384 599
385 418
385 464
385 578
385 693
386 587
386 633
386 656
387 397
388 452
388 667
388 673
388 691
388 963
389 491
389 566
389 603
390 502
390 569
390 680
391 475
391 527
391 575
392 514
392 600
392 620
392 630
392 694
392 716
392 740
392 811
392 1098
392 1158
393 558
393 574
393 597
393 611
393 679
393 681
393 811
393 879
394 438
394 546
394 550
394 650
396 472
396 532
396 537
397 473
397 485
397 527
397 575
397 613
397 668
398 406
398 463
398 558
398 620
398 642
398 694
399 512
399 597
399 620
400 410
400 562
401 406
401 422
401 551
401 704
401 1043
402 676
403 410
403 505
404 408
404 723
405 462
406 620
406 696
406 706
408 506
408 651
409 452
409 458
409 481
409 496
409 1074
410 493
410 505
410 513
410 707
410 979
411 495
411 538
411 553
411 593
411 595
412 550
413 601
414 509
414 750
414 851
414 1167
415 456
415 695
416 426
416 569
416 589
416 595
416 655
417 473
417 475
417 514
417 597
417 654
419 633
420 649
420 700
420 703
420 1056
421 423
421 426
421 548
421 583
421 990
422 482
422 600
422 615
423 442
423 490
423 631
424 645
425 466
425 499
425 611
425 615
425 623
425 674
425 681
425 696
426 438
426 455
427 431
427 476
427 538
427 595
428 477
428 542
428 586
429 511
429 1063
430 474
430 625
430 648
430 671
430 695
431 495
431 586
431 595
432 477
432 567
432 699
433 572
433 679
433 681
433 933
434 567
434 600
434 620
434 716
435 712
436 515
436 649
436 684
437 456
437 501
437 538
437 595
437 638
438 505
438 543
438 603
438 626
438 671
439 488
439 581
439 588
439 591
439 660
440 632
440 660
440 670
441 491
441 527
442 449
442 497
442 626
442 631
442 697
442 703
443 468
443 534
443 583
443 730
443 1052
443 1093
443 1120
445 464
445 478
445 537
445 624
445 640
445 687
445 698
446 447
447 509
447 722
448 456
448 508
449 500
449 507
449 531
450 605
450 709
450 723
450 933
451 524
451 601
451 660
451 955
452 496
453 694
453 704
453 816
453 879
454 687
455 458
455 525
455 536
455 577
455 627
456 625
456 695
457 496
457 608
457 652
457 667
457 678
458 481
458 525
458 671
459 494
459 549
460 576
460 603
460 653
460 655
461 597
462 590
462 682
464 640
465 631
466 525
466 558
466 598
466 611
466 615
466 641
466 674
466 681
466 696
467 583
467 702
467 710
468 498
468 499
468 534
468 551
469 534
469 581
469 636
470 473
470 475
470 568
471 563
471 583
471 702
472 487
472 537
472 575
473 475
473 511
473 766
474 648
475 486
475 511
475 536
475 613
475 663
475 723
476 542
476 651
478 634
478 640
478 687
479 518
479 521
479 535
481 490
481 572
481 662
481 678
482 636
482 704
483 688
483 700
483 701
483 727
483 1141
484 571
484 614
485 662
486 527
486 576
486 648
486 668
486 681
486 933
486 1010
488 632
488 649
489 575
489 698
489 699
490 498
490 713
491 492
491 566
491 642
492 493
492 642
493 513
493 564
494 549
495 553
495 711
497 541
497 625
497 671
498 515
498 516
498 521
498 555
498 557
498 708
498 900
498 1148
499 615
499 618
499 623
499 630
500 507
500 528
500 530
500 552
500 652
500 690
501 586
502 532
502 702
503 577
503 584
503 667
504 527
504 596
506 532
506 556
506 559
506 617
507 525
507 572
507 712
508 565
508 695
509 645
509 750
509 753
509 851
509 1027
511 553
511 595
511 613
512 587
512 630
512 673
514 575
514 654
514 778
514 983
514 1063
515 540
515 649
515 684
515 1048
516 517
516 521
516 622
516 635
516 657
516 672
516 837
517 602
517 659
517 709
518 535
518 837
519 543
521 596
521 635
521 667
521 837
521 975
521 1148
522 533
522 569
522 682
522 702
522 710
524 529
525 652
525 671
525 678
525 1088
526 552
526 644
526 666
526 712
527 531
527 585
527 662
527 663
527 668
528 530
528 552
528 652
529 549
531 585
531 668
532 537
532 569
533 565
533 610
533 710
534 540
534 557
534 581
534 666
534 703
534 1122
536 595
536 613
537 698
538 595
538 615
538 651
538 665
538 715
539 702
540 675
541 678
542 544
542 651
543 692
545 573
545 708
546 647
546 650
546 686
547 548
549 573
550 650
551 636
551 706
553 639
553 647
554 693
555 692
557 581
557 596
557 752
557 842
557 959
558 561
558 598
558 615
558 674
558 681
558 696
559 617
562 759
563 583
563 671
564 740
564 940
564 1094
564 1156
564 1159
565 610
565 625
565 695
567 699
569 680
570 597
570 656
570 957
571 599
572 629
572 652
572 931
573 614
573 713
573 900
574 611
574 633
574 1159
575 585
575 628
575 638
576 651
576 655
576 676
576 711
578 668
579 614
581 630
581 636
581 666
581 672
581 701
581 703
581 704
581 714
581 1033
582 659
585 615
585 623
585 625
585 668
586 595
586 900
587 593
587 673
587 700
590 643
591 625
593 595
593 673
594 1013
596 667
596 1123
597 654
597 659
597 713
598 606
598 641
600 667
600 694
600 911
601 635
605 631
606 619
606 705
608 613
609 635
610 710
611 615
612 613
613 663
614 677
615 623
615 641
615 674
615 696
619 675
620 642
620 672
620 694
621 715
622 671
623 624
623 696
625 626
626 690
627 643
627 698
627 715
628 638
630 694
630 716
630 1098
631 667
631 678
631 709
632 706
632 898
632 1062
632 1108
633 645
633 685
634 662
635 672
635 1077
636 704
638 639
638 665
640 687
641 674
641 696
641 701
642 679
642 694
642 1143
643 698
644 652
644 712
648 650
651 654
651 655
651 658
651 676
652 678
654 661
654 673
654 983
655 658
658 662
658 678
658 682
658 1075
659 677
659 712
660 670
660 735
660 892
660 955
662 668
662 678
662 820
662 1075
663 712
663 723
666 691
666 731
666 803
666 887
667 672
667 673
667 679
667 685
667 700
667 701
667 722
667 948
667 973
667 1052
668 672
668 712
668 818
670 1141
670 1153
673 701
673 1043
674 681
674 696
676 711
677 713
679 681
679 933
679 980
679 1143
682 710
687 698
689 802
691 963
694 703
697 727
700 704
700 727
700 993
706 724
706 874
706 926
706 1106
707 1125
708 1027
717 740
717 777
717 834
717 841
717 907
717 926
717 986
717 1035
717 1084
717 1097
717 1113
717 1153
718 807
718 824
718 832
718 874
719 859
719 903
719 978
719 985
719 1086
719 1088
719 1096
720 811
720 957
720 986
720 1042
720 1063
720 1084
720 1085
721 976
721 1013
721 1037
721 1038
721 1104
721 1162
722 1007
722 1055
723 738
723 778
723 832
723 841
723 925
723 1056
723 1064
723 1082
724 818
725 807
725 1019
725 1111
726 814
726 976
726 1013
726 1074
726 1111
726 1126
726 1161
727 993
727 1130
728 774
728 875
728 973
728 981
728 1150
729 870
729 888
729 1077
730 750
730 766
730 778
730 798
730 869
730 974
730 1063
730 1154
731 732
731 764
731 803
731 812
731 844
731 1050
731 1052
731 1099
731 1131
731 1154
732 917
732 1048
732 1115
732 1143
733 740
733 754
733 782
733 874
733 894
734 1039
735 800
735 837
735 892
735 904
735 914
735 934
735 936
735 939
735 955
735 983
735 1050
735 1114
735 1117
736 806
736 821
736 854
736 889
736 921
736 998
736 1048
736 1055
736 1068
736 1101
737 829
737 835
737 918
737 945
737 1019
737 1097
737 1133
737 1141
738 870
738 976
738 1051
739 980
740 754
740 770
740 774
740 778
740 824
740 834
740 841
740 873
740 876
740 897
740 909
740 954
740 979
740 1010
741 945
741 1102
741 1109
741 1133
742 811
742 845
742 876
742 979
742 1019
742 1042
742 1158
743 774
743 775
743 776
743 858
743 885
743 893
743 902
743 919
743 1121
744 1090
745 767
745 771
745 774
745 781
745 785
745 797
745 803
745 805
745 831
745 853
745 864
745 919
745 921
745 950
745 983
745 998
745 1011
745 1026
745 1030
745 1034
745 1050
745 1063
745 1069
745 1072
745 1130
746 750
746 798
746 957
746 991
746 1027
746 1054
747 750
747 847
747 851
747 1045
747 1077
747 1137
748 937
749 843
749 865
749 971
749 1081
749 1125
750 851
750 952
750 991
750 1045
751 762
751 847
751 904
751 919
751 930
751 974
751 1030
751 1105
752 753
752 859
752 875
752 980
752 988
752 1007
752 1088
752 1108
753 1150
754 774
754 778
754 806
754 834
754 841
754 876
754 1029
754 1064
754 1072
754 1134
754 1158
754 1160
755 919
755 950
755 1009
755 1042
756 792
756 793
756 847
756 911
756 948
756 1067
756 1077
757 922
757 1008
757 1099
757 1154
758 829
758 852
758 944
758 945
758 1008
758 1039
758 1097
759 783
759 836
759 844
759 943
759 973
759 1149
760 900
760 980
762 764
762 765
762 861
762 919
762 1019
762 1033
762 1087
763 1060
764 803
764 949
764 1040
765 788
765 915
765 1098
765 1099
766 811
766 974
766 1030
766 1043
766 1085
766 1112
767 825
767 882
767 890
767 919
767 950
767 972
767 989
767 1034
767 1050
767 1069
767 1072
767 1138
768 834
768 849
768 856
768 938
768 1158
769 823
769 867
769 1023
769 1031
769 1038
769 1049
769 1159
769 1165
770 790
770 838
770 841
770 871
770 911
770 928
770 988
770 1036
770 1049
770 1095
770 1148
770 1152
771 811
771 983
771 1011
771 1019
771 1025
771 1030
771 1034
771 1112
771 1114
772 775
772 873
772 910
772 916
772 926
772 965
772 1012
772 1080
772 1084
773 878
773 927
773 936
773 969
773 1060
773 1078
773 1101
773 1118
774 776
774 799
774 827
774 868
774 885
774 901
774 981
774 983
774 1012
774 1053
774 1057
774 1082
775 777
775 785
775 822
775 833
775 834
775 838
775 867
775 868
775 906
775 926
775 937
775 995
775 1022
775 1041
775 1084
775 1121
775 1122
775 1134
775 1151
776 787
776 832
776 849
776 888
776 902
776 916
776 954
776 983
776 1012
776 1050
776 1065
776 1080
776 1082
776 1105
776 1122
776 1132
777 782
777 838
777 1003
778 791
778 816
778 824
778 832
778 876
778 954
778 961
778 979
778 983
778 1064
778 1158
779 826
779 854
779 950
779 967
779 972
779 994
779 1009
780 802
780 818
780 879
780 943
780 946
781 782
781 879
781 926
781 938
781 1032
781 1052
782 807
782 809
782 853
782 875
782 885
782 926
782 939
782 965
782 1052
782 1087
782 1119
783 802
783 818
783 821
783 943
783 957
783 1069
784 842
784 889
784 1011
784 1120
785 824
785 833
785 909
785 950
785 978
785 1084
786 837
786 870
786 880
786 907
786 912
786 1035
786 1088
786 1109
786 1155
787 801
787 824
787 827
787 832
787 839
787 853
787 901
787 916
787 936
787 954
787 965
787 966
787 978
787 1080
787 1082
788 831
788 915
788 1069
788 1093
788 1098
788 1131
788 1164
789 791
789 811
789 853
789 930
789 936
789 974
789 983
789 1010
789 1042
789 1063
789 1077
789 1085
789 1118
789 1150
789 1154
790 891
790 1095
790 1115
790 1130
790 1148
791 804
791 827
791 832
791 853
791 1102
792 847
792 948
792 964
792 1014
792 1067
792 1077
792 1150
793 970
793 991
793 1015
793 1126
793 1146
794 1011
794 1025
794 1112
794 1114
795 859
795 926
795 945
795 1005
795 1017
795 1038
795 1075
795 1087
795 1094
795 1097
795 1100
795 1117
796 859
796 951
796 1024
796 1165
797 887
797 900
797 950
797 998
797 1034
797 1050
797 1063
798 948
798 949
798 991
798 1014
798 1123
799 809
799 820
799 833
799 839
799 901
799 993
799 1004
799 1023
799 1053
799 1071
799 1086
799 1157
799 1158
800 804
800 857
800 936
800 942
800 986
800 1020
800 1043
800 1104
800 1117
800 1126
800 1129
801 839
801 845
801 857
801 858
801 929
801 936
801 1043
801 1084
801 1139
802 818
802 836
802 879
802 963
802 1167
803 806
803 812
803 861
803 924
803 950
803 1050
803 1052
803 1101
803 1131
804 827
804 828
804 1061
805 826
805 831
805 946
805 998
805 1011
805 1042
805 1048
805 1069
805 1072
805 1099
806 921
806 988
806 1138
807 862
807 865
807 965
807 1071
807 1088
807 1165
808 877
808 977
808 1038
808 1061
808 1155
809 889
809 965
809 968
809 970
809 1160
809 1163
810 967
810 969
810 1068
811 873
811 876
811 974
811 1010
811 1019
811 1031
811 1042
811 1053
811 1063
811 1085
811 1087
811 1112
811 1158
812 821
812 836
812 851
812 892
812 943
812 948
812 1042
812 1052
812 1135
813 861
813 974
814 828
814 947
814 970
814 979
814 1059
814 1074
814 1097
814 1161
815 1153
816 881
816 1130
816 1160
817 866
817 1004
817 1077
818 943
819 1104
819 1147
820 901
820 937
820 1004
820 1023
820 1086
821 948
821 969
821 973
821 1052
821 1090
821 1123
821 1135
822 834
822 858
822 868
822 885
822 893
822 901
822 951
822 978
822 993
822 997
822 1035
822 1071
823 928
823 1165
824 827
824 868
824 965
824 971
824 978
824 979
824 984
824 1056
824 1140
825 882
825 919
825 1012
825 1069
825 1072
825 1138
826 854
826 890
826 981
826 1009
826 1089
827 832
827 916
827 966
827 978
827 984
827 1012
828 857
828 867
828 901
828 941
828 1104
828 1136
828 1161
829 852
829 877
829 944
829 1002
829 1005
829 1070
829 1075
829 1097
829 1144
830 940
830 945
830 986
830 1097
830 1141
831 854
831 904
831 921
831 930
831 950
831 1011
831 1087
832 843
832 936
832 1012
832 1017
832 1082
833 868
833 909
833 1004
833 1084
833 1121
834 841
834 859
834 873
834 897
834 951
834 986
834 1010
834 1035
834 1041
834 1043
834 1084
834 1119
834 1158
835 851
835 969
835 1008
835 1020
835 1159
837 859
837 920
837 936
837 975
837 996
837 1088
837 1148
838 914
838 988
838 1004
838 1035
838 1097
838 1121
838 1152
839 849
839 856
840 903
840 1037
841 873
841 876
841 893
841 897
841 926
841 954
841 1010
841 1029
841 1041
841 1062
841 1064
841 1087
841 1105
841 1119
842 887
842 892
842 895
843 862
843 894
843 897
843 936
843 939
843 971
843 1056
844 896
844 948
844 1014
844 1054
844 1150
845 1038
845 1103
845 1158
846 1023
846 1124
847 862
847 876
847 896
847 904
847 931
847 1077
847 1135
849 856
849 981
849 1160
850 928
850 968
850 1092
850 1128
850 1147
850 1163
851 913
851 952
851 973
851 1033
851 1045
851 1054
851 1087
852 866
852 1004
852 1039
852 1111
852 1165
853 857
853 878
853 885
853 926
853 965
853 1053
853 1082
853 1087
853 1150
853 1151
854 864
854 890
854 922
854 950
854 981
854 1011
854 1025
854 1034
854 1069
854 1099
855 884
855 895
855 963
855 1006
855 1145
856 1152
857 932
857 1073
857 1079
857 1083
857 1150
857 1162
858 893
858 945
858 965
858 993
858 1030
858 1035
858 1041
858 1042
858 1050
858 1138
859 945
859 996
859 1002
859 1003
859 1005
859 1036
859 1103
861 904
861 919
861 930
861 931
861 949
861 994
861 1033
861 1034
861 1121
862 970
862 1105
863 1039
864 915
864 950
864 989
864 1026
864 1050
864 1131
865 1062
865 1125
865 1141
865 1151
866 880
866 1004
866 1005
866 1039
867 1040
867 1136
868 885
868 888
868 897
868 909
868 916
868 1011
868 1056
868 1058
868 1132
868 1153
869 1011
869 1098
869 1149
870 976
870 1037
870 1051
871 1049
872 982
872 1124
872 1127
873 897
873 971
873 983
873 1056
873 1158
873 1160
874 926
874 965
874 1022
874 1053
874 1057
874 1075
874 1084
874 1105
876 1029
876 1053
876 1064
876 1158
877 1058
877 1094
877 1158
878 969
878 1065
878 1118
878 1163
879 913
879 923
879 979
879 1030
879 1032
879 1042
880 1109
881 1004
881 1005
882 921
882 1026
882 1030
882 1065
882 1069
882 1072
882 1090
883 936
883 954
883 1020
883 1124
884 926
884 955
884 963
884 1150
885 909
885 930
885 983
885 984
885 1057
885 1064
885 1082
885 1084
885 1119
885 1132
887 1048
887 1119
888 1082
889 908
889 981
889 1099
889 1164
890 904
890 950
890 972
890 981
890 989
890 1034
891 1036
892 926
892 955
892 973
892 1135
893 993
893 1035
893 1041
893 1042
893 1043
893 1084
893 1087
894 897
894 904
894 936
894 939
894 954
894 966
895 963
895 1115
896 952
896 1167
897 909
897 936
897 983
897 1056
897 1155
897 1160
898 942
898 1060
898 1108
898 1126
898 1142
898 1144
899 1051
900 1000
900 1095
900 1100
900 1101
901 902
901 965
901 977
901 1053
901 1071
902 1035
902 1105
902 1113
902 1121
903 929
903 1004
903 1013
903 1051
903 1086
904 919
904 931
904 955
904 1033
904 1048
904 1084
904 1145
905 1085
905 1101
906 939
906 954
906 1041
906 1134
907 926
907 934
907 979
907 1035
907 1084
907 1109
907 1115
907 1158
908 915
908 922
908 967
908 990
908 1045
908 1048
908 1076
908 1164
909 936
909 954
909 979
909 984
909 1084
910 1012
910 1017
910 1024
910 1080
912 951
912 1027
912 1079
912 1088
912 1129
912 1155
913 1063
914 944
915 922
915 950
915 994
915 1065
915 1089
915 1090
915 1098
915 1099
916 965
916 977
916 1080
916 1122
918 1090
918 1155
919 922
919 981
919 1034
919 1069
919 1072
919 1149
921 950
921 955
921 981
921 989
921 1024
921 1026
921 1050
921 1069
921 1134
922 972
922 990
922 998
922 1046
922 1076
922 1089
923 1052
923 1120
924 927
924 1101
925 977
925 1064
926 1084
926 1087
926 1097
926 1114
926 1152
927 1060
927 1065
927 1101
927 1118
928 1027
928 1095
929 1013
929 1103
930 974
930 994
930 995
930 1030
931 967
931 990
932 1023
932 1127
933 988
933 1148
933 1159
934 936
934 1038
934 1117
935 1038
936 939
936 957
936 966
936 986
936 1012
936 1056
936 1069
936 1082
936 1122
937 1003
937 1022
937 1092
937 1113
937 1121
937 1134
938 1140
939 1029
939 1058
940 942
940 944
940 1000
940 1094
941 999
941 1002
941 1023
942 1126
943 1048
943 1135
944 945
944 996
944 1000
944 1097
944 1139
945 963
945 978
945 1000
945 1005
945 1008
945 1022
945 1039
945 1043
945 1075
945 1097
945 1133
945 1139
946 990
946 1030
946 1046
946 1050
946 1093
947 1074
948 1088
949 988
949 1101
950 981
950 994
950 1011
950 1026
950 1030
950 1032
950 1034
950 1050
950 1089
950 1130
950 1131
950 1149
951 977
951 1079
951 1165
952 973
952 1045
952 1054
952 1123
953 963
953 967
954 955
954 965
954 997
954 1056
954 1058
954 1113
954 1134
955 1134
955 1167
957 991
957 1112
958 992
958 1059
958 1083
958 1121
958 1162
959 980
960 976
960 980
960 1108
960 1117
960 1123
960 1148
962 1035
962 1051
962 1075
962 1113
962 1163
963 1090
963 1115
963 1133
963 1145
965 1058
965 1071
965 1080
965 1140
965 1162
966 1105
967 1131
967 1149
968 996
968 1102
968 1153
969 1007
969 1118
969 1123
969 1146
971 1081
971 1122
972 989
972 1009
972 1034
972 1076
972 1143
973 1045
973 1063
974 983
974 1019
974 1042
974 1068
974 1085
974 1105
974 1150
975 1039
976 1094
976 1117
977 978
977 1073
977 1155
978 984
978 1027
978 1134
978 1140
978 1160
979 1022
979 1074
979 1120
979 1158
980 988
980 1007
981 998
981 1026
981 1068
981 1069
981 1072
981 1143
982 1127
983 1010
983 1022
983 1050
983 1053
983 1105
986 1012
986 1021
986 1153
986 1165
988 1086
988 1152
988 1159
989 994
989 1143
990 1046
990 1093
991 1112
992 1059
992 1083
992 1162
993 1004
993 1121
994 1026
994 1089
995 1009
995 1084
995 1085
995 1154
996 1021
996 1097
996 1121
996 1122
996 1155
997 1029
998 1009
998 1026
998 1032
998 1048
998 1069
998 1099
999 1002
999 1023
999 1037
999 1165
1000 1075
1000 1097
1000 1139
1001 1038
1001 1147
1002 1075
1002 1097
1003 1022
1004 1051
1004 1086
1005 1039
1005 1084
1005 1097
1005 1119
1005 1121
1005 1139
1007 1078
1007 1133
1008 1028
1009 1154
1010 1035
1010 1053
1010 1084
1010 1145
1010 1158
1011 1025
1011 1026
1011 1033
1011 1034
1011 1042
1011 1050
1011 1077
1011 1112
1012 1080
1013 1038
1013 1051
1015 1146
1016 1074
1016 1139
1016 1144
1016 1163
1017 1068
1017 1117
1019 1027
1019 1118
1019 1120
1019 1158
1020 1104
1020 1106
1020 1117
1020 1129
1020 1161
1021 1051
1021 1141
1021 1165
1022 1134
1022 1163
1023 1038
1023 1086
1024 1140
1024 1160
1025 1072
1025 1112
1025 1114
1026 1050
1026 1065
1026 1069
1026 1072
1027 1084
1027 1135
1028 1099
1028 1135
1029 1136
1030 1033
1030 1034
1030 1042
1030 1112
1031 1060
1032 1105
1033 1034
1033 1048
1033 1121
1034 1112
1035 1043
1035 1084
1038 1110
1039 1075
1039 1096
1039 1097
1039 1103
1039 1139
1040 1048
1041 1043
1041 1084
1041 1121
1041 1129
1041 1134
1041 1158
1042 1043
1042 1063
1042 1065
1042 1085
1042 1112
1042 1119
1042 1120
1042 1158
1043 1051
1043 1084
1043 1087
1043 1092
1043 1113
1045 1087
1046 1074
1046 1093
1048 1137
1049 1089
1049 1095
1049 1164
1050 1063
1050 1065
1050 1069
1050 1130
1050 1131
1051 1092
1051 1141
1052 1077
1052 1098
1052 1120
1052 1131
1052 1154
1053 1057
1053 1071
1053 1132
1053 1157
1053 1158
1055 1068
1056 1133
1057 1071
1057 1157
1059 1083
1059 1162
1060 1108
1061 1091
1061 1136
1062 1097
1062 1165
1063 1120
1063 1158
1064 1084
1064 1119
1065 1149
1068 1143
1068 1167
1070 1075
1071 1132
1071 1157
1072 1160
1075 1097
1075 1139
1076 1093
1076 1143
1077 1121
1077 1131
1078 1143
1078 1156
1080 1122
1080 1132
1081 1153
1082 1105
1083 1162
1084 1087
1084 1113
1084 1114
1084 1119
1087 1112
1087 1113
1087 1114
1087 1119
1087 1135
1088 1117
1088 1129
1090 1095
1090 1099
1090 1138
1090 1145
1091 1103
1091 1111
1092 1141
1092 1152
1095 1144
1095 1148
1096 1132
1097 1139
1098 1164
1098 1167
1099 1101
1099 1164
1101 1149
1102 1153
1104 1106
1104 1129
1104 1161
1106 1126
1107 1123
1109 1117
1111 1126
1112 1114
1115 1145
1117 1129
1117 1161
1118 1143
1124 1127
1126 1129
1126 1141
1128 1153
1129 1161
1130 1145
1131 1138
1131 1164
1140 1160
1141 1157
1150 1151
1150 1159
1151 1165
1158 1160
1160 1163
1164 1167
