#num-nodes
1246
#num-links
5337
#links
0 36
0 62
0 190
0 335
0 460
0 600
0 702
1 117
1 242
1 268
1 298
1 339
1 346
1 362
1 444
1 553
1 589
1 689
1 713
1 721
1 724
1 770
1 1133
2 226
2 369
2 530
3 82
3 98
3 156
3 186
3 189
3 242
3 284
3 303
3 475
3 544
3 690
3 702
3 753
3 754
4 112
4 190
4 306
4 321
4 380
4 412
4 428
4 456
4 468
4 494
4 498
4 518
4 603
4 667
4 676
4 702
4 731
4 780
4 1228
5 21
5 119
5 163
5 213
5 336
5 357
5 477
5 525
5 574
5 593
5 594
5 620
5 674
5 781
5 799
5 919
5 958
5 1101
5 1121
5 1152
6 84
6 339
6 377
6 392
6 423
6 596
6 597
6 607
6 1087
7 361
7 571
7 680
7 756
8 274
8 334
8 649
8 683
8 783
8 819
9 60
9 101
9 119
9 154
9 183
9 331
9 436
9 521
9 797
10 182
10 325
10 436
10 439
10 476
10 479
10 618
10 642
10 765
11 87
11 256
11 452
11 475
11 488
11 522
11 625
11 800
12 95
12 119
12 168
12 203
12 321
12 400
12 488
12 572
12 574
12 635
12 723
12 1012
13 49
13 123
13 164
13 167
13 168
13 260
13 262
13 416
13 600
13 661
13 708
13 740
13 822
14 38
14 41
14 278
14 344
14 436
14 474
14 521
14 575
14 638
14 640
14 778
14 782
15 38
15 258
15 331
15 410
15 436
15 473
15 510
15 778
15 1181
16 35
16 175
16 281
16 340
16 476
16 529
16 610
16 614
16 618
16 633
16 639
16 655
16 792
17 55
17 57
17 58
17 192
17 321
17 338
17 717
17 725
17 749
17 780
17 893
18 67
18 96
18 123
18 175
18 260
18 315
18 343
18 528
18 600
18 617
18 629
18 637
18 661
18 755
18 1191
19 46
19 87
19 113
19 155
19 254
19 270
19 452
19 514
19 710
20 54
20 230
20 298
20 433
20 454
20 514
20 552
20 585
20 690
20 1027
21 43
21 112
21 213
21 335
21 369
21 428
21 448
21 464
21 760
21 1228
22 607
23 102
23 106
23 366
23 451
23 583
23 621
23 756
24 25
24 70
24 211
24 279
24 409
25 110
25 124
25 177
25 211
25 286
25 297
25 301
25 338
25 477
25 518
25 559
25 759
25 799
26 420
26 580
26 1019
26 1047
26 1124
26 1202
27 263
27 362
27 363
27 477
27 581
27 616
27 622
27 646
28 62
28 69
28 135
28 353
28 488
28 543
28 573
28 749
29 41
29 185
29 211
29 351
29 375
29 583
29 675
29 688
29 723
29 744
29 754
30 34
30 87
30 146
30 147
30 588
30 631
30 652
30 740
30 775
30 776
30 990
31 34
31 71
31 122
31 124
31 187
31 201
31 263
31 330
31 399
31 461
31 568
31 646
31 691
31 759
31 802
33 277
33 311
33 334
33 337
33 356
33 363
33 413
33 596
33 717
33 734
33 746
33 762
33 850
34 62
34 71
34 190
34 395
34 412
34 494
34 624
34 650
34 716
35 476
36 171
36 190
36 297
36 496
36 547
36 627
36 635
36 702
36 727
36 729
36 772
36 774
36 1152
37 153
37 165
37 226
37 264
37 432
37 483
37 651
37 726
38 258
38 436
38 592
38 781
39 187
39 233
39 509
39 587
39 801
39 1242
40 470
41 80
41 211
41 242
41 244
41 289
41 559
42 199
42 216
42 347
42 479
42 529
42 567
42 735
42 761
42 1086
42 1161
42 1193
43 107
43 118
43 271
43 366
43 369
43 537
43 539
43 635
44 116
44 179
44 190
44 368
44 404
44 442
44 477
44 586
44 607
44 621
44 673
44 1113
45 51
45 116
45 231
45 237
45 244
45 297
45 322
45 327
45 341
45 351
45 675
45 694
45 723
45 744
45 1106
46 123
46 175
46 185
46 202
46 243
46 353
46 380
46 395
46 412
46 416
46 428
46 429
46 452
46 464
46 619
46 721
46 731
46 775
46 781
46 784
47 51
47 53
47 204
47 272
47 508
47 795
48 359
48 364
48 439
48 487
49 122
49 327
49 440
49 456
49 473
49 489
49 536
49 550
49 1104
50 257
50 269
50 285
50 294
50 498
50 501
50 534
50 540
50 683
50 796
51 248
51 516
51 646
51 778
52 84
52 121
52 171
52 203
52 253
52 354
52 534
52 580
52 599
52 619
52 796
53 99
53 204
53 272
53 508
53 795
54 58
54 62
54 68
54 69
54 131
54 151
54 238
54 456
54 547
54 784
55 118
55 509
55 541
55 561
55 620
55 624
55 729
55 770
55 782
56 121
56 219
56 308
56 335
56 428
56 716
57 59
57 77
57 83
57 88
57 215
57 390
57 602
57 647
57 686
57 899
58 151
58 159
58 246
58 262
58 338
58 342
58 373
58 401
58 454
58 547
58 571
58 624
58 630
58 673
58 686
58 690
58 710
58 899
58 1137
59 64
59 68
59 74
59 77
59 215
59 224
59 279
59 390
59 501
59 585
59 607
59 647
59 773
59 897
59 928
60 344
60 806
60 1183
60 1224
61 159
61 211
61 409
61 452
61 491
61 632
61 674
62 69
62 71
62 190
62 246
62 255
62 353
62 369
62 380
62 432
62 456
62 458
62 543
62 573
62 591
62 701
62 710
62 859
62 916
63 528
63 727
64 183
64 263
64 345
64 389
64 554
64 646
64 755
64 835
66 69
66 159
66 171
66 173
66 243
66 523
66 556
66 581
66 590
66 649
66 743
67 123
67 206
67 260
67 334
67 455
67 637
67 638
67 704
67 727
67 781
67 784
67 805
67 817
67 911
67 927
67 991
67 1015
68 131
68 151
68 167
68 174
68 266
68 312
68 425
68 453
68 517
68 584
68 607
68 684
68 773
69 84
69 87
69 191
69 290
69 379
69 458
69 543
69 544
69 599
69 721
69 759
70 279
70 357
70 489
70 518
70 594
70 729
70 1096
71 121
71 122
71 353
71 429
71 458
71 543
71 710
71 773
72 205
72 519
72 798
72 1159
72 1194
73 75
73 101
73 110
73 201
73 297
73 352
73 539
74 76
74 77
74 215
74 294
74 342
74 391
74 405
74 442
74 556
74 647
74 780
74 928
74 1206
75 101
75 118
75 143
75 240
75 280
75 282
75 316
75 667
76 94
76 126
76 173
76 193
76 195
76 337
76 508
76 590
76 647
76 743
76 1206
77 195
77 215
77 390
77 391
77 487
77 585
77 630
77 637
77 647
77 687
77 690
77 780
77 899
77 1184
77 1206
78 163
78 278
78 338
78 510
78 632
78 779
79 218
79 455
79 487
79 637
79 751
80 366
80 440
80 559
80 1210
81 192
81 460
82 114
82 178
82 184
82 187
82 284
82 303
82 335
82 432
82 477
82 560
82 564
82 568
82 635
82 638
82 649
82 652
82 665
82 667
82 709
82 724
82 759
83 88
83 215
83 321
83 408
83 463
83 496
83 522
83 602
83 606
83 680
83 739
83 899
84 151
84 161
84 162
84 189
84 284
84 303
84 432
84 677
84 709
84 754
84 829
85 93
85 139
85 152
85 296
85 325
85 340
85 360
85 457
85 479
85 508
85 535
85 696
86 104
86 125
86 368
86 418
86 430
86 551
86 609
87 115
87 166
87 219
87 224
87 285
87 319
87 357
87 412
87 452
87 464
87 494
87 543
87 553
87 587
87 603
87 625
87 637
87 674
87 775
88 463
88 496
88 863
89 175
89 411
91 422
91 427
91 557
92 321
92 342
92 488
92 492
92 564
92 571
92 630
92 698
92 709
92 726
93 105
93 497
94 99
94 126
94 281
94 521
94 610
94 707
94 725
94 747
94 789
94 795
95 156
95 195
95 290
95 410
95 447
95 511
95 554
95 598
95 909
96 123
96 218
96 341
96 351
96 740
96 784
97 135
97 298
97 492
97 692
97 709
97 719
98 162
98 186
98 323
98 690
99 281
99 533
99 633
99 642
99 707
100 500
100 627
101 634
102 316
102 366
102 425
102 552
102 685
102 690
102 933
103 160
103 172
103 235
103 756
103 909
104 179
104 284
104 656
105 229
105 497
105 502
105 648
105 986
105 1141
106 438
106 756
106 775
107 110
107 117
107 297
107 361
107 464
107 589
108 142
108 171
108 177
108 185
108 240
108 349
108 505
108 518
108 519
108 595
109 269
109 280
109 328
109 403
109 589
110 240
110 297
110 307
110 575
110 578
110 621
110 671
111 505
111 528
111 658
111 1027
112 335
112 384
112 470
112 505
112 530
112 676
112 731
112 755
113 175
113 202
113 306
113 412
113 434
113 452
113 512
113 600
114 146
114 187
114 395
114 527
114 638
114 667
114 704
114 759
115 125
115 209
115 656
116 150
116 203
116 295
116 467
116 517
116 542
116 555
116 689
117 167
117 190
117 344
117 401
117 589
117 640
117 646
117 676
117 683
117 731
118 127
118 306
118 369
118 597
118 702
119 213
119 240
119 510
119 572
119 620
119 1019
119 1046
119 1113
120 159
120 171
120 195
120 295
121 245
121 464
121 958
122 168
122 263
122 365
122 399
122 412
122 492
122 540
122 545
122 553
122 690
122 717
122 731
123 166
123 260
123 334
123 401
123 408
123 425
123 478
123 519
123 528
123 603
123 617
123 719
123 755
123 956
123 1191
124 263
124 381
124 527
124 530
124 646
124 665
124 706
124 726
124 802
125 698
125 932
126 139
126 281
126 405
126 532
126 533
126 610
126 639
126 642
126 707
126 747
126 789
127 306
127 357
127 452
127 481
127 489
127 518
127 520
127 536
127 574
127 594
127 712
127 722
127 774
128 291
128 737
129 131
129 147
129 224
129 266
129 442
129 459
129 533
129 607
129 686
129 697
129 755
129 869
130 167
130 238
130 239
130 268
130 330
130 341
130 342
130 429
130 740
131 132
131 143
131 147
131 151
131 167
131 312
131 488
131 547
131 585
131 607
131 684
131 686
131 773
132 488
132 607
132 662
132 745
133 141
133 165
133 496
134 160
134 169
134 286
134 437
135 163
135 223
135 306
135 353
135 452
135 453
135 494
135 573
135 630
136 364
136 382
136 490
136 880
137 163
137 175
137 223
137 306
137 353
137 434
137 494
137 776
137 780
138 142
138 277
138 318
138 585
138 786
139 281
139 292
139 299
139 317
139 340
139 485
139 610
139 614
139 615
139 803
140 217
140 454
140 465
141 308
141 681
141 842
142 212
142 375
142 462
142 505
142 518
142 532
142 897
143 159
143 371
143 470
143 472
143 475
143 498
143 501
143 803
144 185
144 674
145 201
145 316
145 372
145 582
145 705
145 872
145 1032
146 178
146 435
146 477
146 631
146 861
146 900
146 1179
146 1244
147 169
147 184
147 224
147 254
147 295
147 343
147 362
147 461
147 553
147 616
147 650
148 899
150 249
150 271
150 426
150 504
150 569
150 682
151 174
151 189
151 232
151 303
151 312
151 500
151 552
151 607
151 624
151 762
151 899
152 199
152 296
152 359
152 364
152 405
152 457
152 490
152 535
152 605
152 654
153 178
153 263
153 333
153 402
153 646
153 651
153 964
154 183
154 185
154 270
154 436
154 689
154 786
155 159
155 254
155 409
155 587
155 725
155 782
156 161
156 410
157 396
157 741
157 839
157 847
157 863
157 872
157 918
157 933
157 1009
157 1080
157 1129
157 1167
157 1198
159 171
159 202
159 243
159 269
159 337
159 409
159 434
159 497
159 498
159 501
159 587
159 632
159 685
159 774
159 782
159 796
160 441
160 572
160 801
161 284
161 410
161 544
162 186
162 312
162 401
162 573
162 624
162 672
162 800
163 231
163 234
163 237
163 400
163 418
163 481
163 493
163 504
163 518
163 523
163 671
163 1006
164 166
164 167
164 246
164 256
164 404
164 442
164 453
164 549
164 584
164 661
164 708
164 740
164 773
165 191
165 257
165 627
165 634
165 692
166 174
166 274
166 353
166 453
166 543
166 573
166 607
166 722
166 755
166 792
167 168
167 239
167 268
167 401
167 447
167 488
167 537
167 549
167 584
167 589
168 191
168 203
168 257
168 634
168 692
168 717
169 259
169 288
169 310
169 311
169 313
169 314
169 357
169 381
169 400
169 592
169 635
169 878
170 182
170 223
170 434
170 564
170 665
170 706
170 802
171 212
171 462
171 470
171 493
171 512
171 518
171 526
171 556
171 590
171 599
171 744
171 796
171 1073
172 283
172 396
172 638
172 732
172 909
172 953
173 295
173 349
173 354
173 356
173 410
173 599
173 629
173 647
173 779
173 928
174 312
174 501
174 599
174 773
175 223
175 243
175 254
175 380
175 422
175 428
175 429
175 452
175 456
175 538
175 701
175 731
176 219
176 306
176 454
176 470
176 472
176 701
176 774
177 338
177 650
177 668
178 201
178 295
178 301
178 333
178 402
178 477
178 491
178 581
178 612
178 620
178 631
178 649
178 651
178 729
178 773
178 1012
178 1018
178 1183
179 336
179 368
180 226
180 297
180 342
180 466
180 676
180 701
180 767
180 923
181 303
181 426
181 488
181 516
181 517
181 566
181 734
181 739
181 752
181 753
182 359
182 383
182 659
182 741
183 263
183 543
183 568
183 646
183 743
183 802
183 847
183 1092
184 185
184 335
184 338
184 346
184 493
184 523
184 600
184 902
184 923
185 211
185 345
185 355
185 395
185 460
185 487
185 489
185 600
185 721
185 744
185 1154
185 1211
186 189
186 284
186 492
186 544
186 754
186 757
186 909
186 1201
187 263
187 638
187 646
187 665
187 667
187 709
187 759
188 194
188 213
188 234
188 244
188 430
188 433
188 586
188 743
188 767
188 785
188 1113
188 1244
189 284
189 303
189 401
189 452
189 475
189 753
189 754
189 787
190 279
190 335
190 401
190 408
190 429
190 460
190 494
190 596
190 598
190 600
190 636
190 676
190 702
190 726
190 783
190 933
191 257
191 452
191 536
191 634
192 294
192 429
192 496
192 680
193 256
193 306
193 391
193 434
193 475
193 647
193 1184
194 916
195 253
195 342
195 540
195 617
195 637
195 647
195 652
195 776
196 241
196 373
196 379
196 412
196 454
196 482
196 616
196 681
196 716
197 319
197 352
197 377
197 428
197 440
197 509
197 537
197 644
197 681
197 716
197 772
198 292
198 296
198 479
198 642
198 747
198 748
198 764
198 798
198 1134
198 1199
199 298
199 457
199 479
199 584
199 614
199 654
199 764
199 1161
200 220
200 251
200 305
200 462
200 463
200 541
200 559
200 561
200 636
200 801
200 1007
201 263
201 333
201 399
201 402
201 435
201 527
201 646
201 658
201 725
201 1183
202 306
202 354
202 412
202 434
202 619
202 776
202 782
203 361
203 597
203 606
203 670
203 689
203 996
204 231
204 237
204 272
204 521
204 581
204 707
204 733
204 791
204 848
204 853
204 1168
205 216
205 348
206 253
206 283
206 355
206 356
206 402
206 410
206 424
206 459
206 478
206 523
206 581
206 638
206 648
206 704
206 714
206 784
206 1062
206 1178
207 213
207 268
207 367
207 512
209 430
209 579
209 580
210 528
211 301
211 435
211 477
211 483
212 247
212 297
212 352
212 374
212 375
212 550
212 621
212 649
213 255
213 339
213 357
213 489
213 491
213 525
213 550
213 620
213 641
213 799
213 919
214 396
214 620
214 1124
215 337
215 390
215 405
215 487
216 291
216 348
216 570
217 219
217 454
217 626
218 260
218 455
218 478
218 528
218 637
219 243
219 319
219 329
219 418
219 452
219 522
219 625
219 671
219 692
219 701
219 755
219 1201
220 251
220 305
220 541
220 578
220 716
220 755
220 859
221 230
221 402
221 495
221 608
221 617
221 751
221 1080
222 301
222 313
222 435
222 449
222 477
222 713
222 770
222 771
222 1092
223 241
223 243
223 306
223 319
223 412
223 452
223 456
223 494
223 560
223 749
224 256
224 319
224 389
224 391
224 442
224 444
224 488
224 552
224 673
224 697
224 711
224 719
224 773
225 254
225 346
225 473
225 627
226 231
226 530
226 534
226 691
226 692
226 796
227 294
227 869
228 280
228 326
228 679
228 699
228 700
229 356
229 371
229 497
229 501
229 502
229 722
230 283
230 293
230 298
230 334
230 376
230 432
230 437
230 509
230 518
230 519
230 552
230 585
230 703
230 704
230 727
230 760
230 792
230 819
230 951
230 1191
231 237
231 240
231 277
231 322
231 329
231 355
231 443
231 462
231 517
231 534
231 574
231 594
231 783
231 794
232 312
232 453
232 454
232 677
232 772
232 773
233 460
233 461
233 563
233 801
234 419
234 493
234 594
234 621
234 635
234 649
234 658
234 725
234 919
235 657
237 240
237 268
237 277
237 313
237 322
237 329
237 332
237 355
237 443
237 518
237 546
237 574
237 576
237 583
237 794
238 241
238 256
238 269
238 365
238 417
238 488
238 504
238 509
238 518
238 625
238 662
238 766
238 784
238 803
239 242
239 245
239 566
239 713
239 775
240 297
240 355
240 435
240 437
240 443
240 546
240 574
240 576
240 581
240 600
240 667
240 783
240 794
240 799
241 452
241 475
241 601
241 749
241 772
241 1056
242 245
242 329
242 330
242 344
242 346
242 412
242 586
242 640
242 641
242 757
243 316
243 329
243 412
243 442
243 452
243 629
243 701
244 289
244 369
244 550
244 785
244 900
245 627
246 321
246 549
246 563
247 728
247 788
248 258
248 512
248 520
248 595
248 640
248 757
249 539
249 596
249 601
249 804
249 933
250 253
250 254
250 275
250 470
250 782
251 305
251 315
251 316
251 374
251 460
251 461
251 541
251 563
251 578
251 781
252 279
252 337
252 365
252 392
252 645
252 666
252 679
252 699
252 739
252 1151
252 1153
253 280
253 306
253 534
253 796
253 800
254 341
254 354
254 380
254 582
254 599
254 770
254 775
255 336
255 345
255 349
255 357
255 400
255 403
255 543
255 557
255 592
255 621
255 797
256 549
256 625
256 673
256 719
256 966
256 1027
257 373
257 634
257 691
257 692
258 345
258 346
258 483
258 491
258 510
258 592
258 778
258 799
259 288
259 290
259 313
259 352
259 374
259 381
259 532
259 536
259 576
259 674
259 755
259 878
260 376
260 421
260 582
260 691
260 866
260 891
261 376
261 499
261 500
261 503
261 577
261 601
262 273
262 502
262 516
262 572
263 330
263 399
263 474
263 483
263 495
263 564
263 568
263 598
263 617
263 651
263 691
263 692
263 800
263 802
263 1224
263 1236
264 331
264 477
266 271
266 273
266 401
266 497
266 524
266 526
266 584
266 662
266 689
266 697
266 803
267 292
268 713
269 328
269 416
269 589
270 271
271 403
271 539
272 508
272 843
272 1002
273 522
273 601
273 625
273 800
274 275
274 330
274 553
274 568
275 588
275 666
275 725
275 782
275 786
275 798
276 420
276 888
277 318
277 356
277 470
277 472
277 794
277 1100
277 1170
278 419
278 449
278 493
278 621
278 632
278 671
278 705
278 745
278 785
278 806
279 326
279 357
279 489
279 594
279 860
279 916
280 326
280 431
280 434
280 672
280 726
280 774
280 860
281 405
281 532
281 533
281 562
281 610
281 614
281 639
281 707
281 725
281 747
281 777
282 434
282 743
282 860
282 1079
283 334
283 424
283 574
283 714
283 819
283 855
284 303
284 754
284 831
285 362
285 429
285 792
286 297
286 327
286 338
286 437
286 477
286 518
286 581
286 644
286 680
286 763
287 304
287 369
287 554
287 564
287 568
287 612
287 1115
288 289
288 310
288 313
288 314
288 374
288 400
288 710
288 783
289 332
289 409
289 435
289 628
289 632
289 1051
290 354
290 379
290 458
290 544
290 557
290 568
291 296
291 347
291 359
291 364
291 457
291 535
291 567
291 654
291 758
292 340
292 382
292 730
292 758
292 765
292 901
293 296
293 298
293 317
293 320
293 457
293 618
293 695
293 761
293 764
293 798
294 463
294 661
294 673
294 769
295 302
295 356
295 466
295 762
295 763
295 767
295 796
295 1030
296 457
296 529
296 567
296 750
296 764
296 880
297 307
297 335
297 369
297 473
297 537
297 539
297 594
297 595
297 621
297 643
297 755
297 1146
297 1181
298 361
298 474
298 585
298 773
298 787
298 792
299 317
299 378
299 562
299 639
299 696
299 741
299 841
299 880
299 900
299 901
300 467
300 732
300 1189
301 304
301 418
301 435
301 449
301 481
301 671
301 746
301 749
302 317
302 657
302 695
302 735
303 432
303 564
303 665
303 672
303 677
303 726
303 754
303 803
304 349
304 414
304 418
304 449
304 481
304 493
304 518
304 574
304 829
304 855
305 541
305 578
305 652
305 775
305 859
306 380
306 395
306 425
306 434
306 452
306 453
306 494
306 588
306 619
306 637
306 731
306 755
307 437
307 478
307 519
307 523
307 528
307 727
307 755
307 805
307 809
307 820
307 838
307 916
307 956
307 1191
308 335
308 432
308 438
308 716
309 608
309 1085
311 337
311 413
311 426
311 549
311 673
311 734
311 746
312 453
312 543
312 607
313 400
313 635
314 495
314 572
315 318
315 374
315 462
315 506
315 536
315 772
315 779
316 465
316 689
316 705
316 872
316 1032
317 320
317 378
317 386
317 535
317 610
317 695
317 735
317 761
318 337
318 350
318 356
318 373
318 391
318 560
318 734
318 772
318 936
319 389
319 428
319 442
319 452
319 477
319 716
320 340
320 562
320 695
320 735
320 758
320 761
321 325
321 468
321 630
321 662
321 780
321 899
321 1228
322 574
322 667
323 327
323 444
323 603
323 613
323 677
323 712
323 809
324 487
324 493
324 518
324 590
324 762
324 763
324 881
324 1235
325 360
325 383
325 642
325 780
325 1159
326 425
326 780
327 351
327 353
327 357
327 437
327 473
327 694
327 768
327 918
327 956
327 1058
328 395
328 416
328 534
328 589
329 332
329 421
329 462
329 576
329 581
329 590
329 671
329 794
330 438
330 553
330 555
330 573
330 586
330 598
330 623
330 646
330 757
331 374
331 421
331 537
331 589
331 731
331 797
332 403
332 462
332 469
332 576
332 671
332 699
332 714
332 729
332 956
332 1009
333 384
333 402
333 435
333 477
333 651
333 716
333 1009
334 455
334 478
334 648
334 727
334 771
334 784
334 911
334 1015
334 1227
335 428
335 438
335 460
335 464
335 509
335 541
335 600
335 1053
335 1224
336 368
336 575
336 592
336 638
337 405
337 413
337 556
337 666
337 734
337 739
337 1227
338 518
338 763
338 780
339 423
339 429
339 542
339 573
339 592
339 644
339 713
339 722
340 382
340 476
340 485
340 490
340 535
340 654
340 790
341 372
341 401
341 542
341 589
341 740
341 975
341 1074
341 1106
342 452
342 540
342 652
342 689
342 739
343 676
344 522
344 544
344 703
344 797
345 399
345 778
345 995
345 1166
345 1181
346 640
346 757
346 1113
346 1115
347 359
347 457
347 567
347 654
347 1086
347 1193
348 383
348 570
348 605
348 623
348 651
348 741
348 769
349 546
349 592
349 612
349 786
349 936
349 1178
350 391
350 412
350 413
350 681
351 435
351 631
351 768
352 375
352 578
352 728
352 788
352 799
352 806
353 543
353 573
353 722
354 356
354 458
354 599
355 356
355 397
355 410
355 435
355 499
355 521
355 581
355 889
356 373
356 410
356 424
356 466
356 501
356 599
356 762
356 763
356 767
356 1030
357 374
357 400
357 489
357 523
357 573
357 594
357 707
357 918
357 1058
358 368
358 430
358 515
358 579
358 985
359 363
359 439
359 487
359 490
359 567
359 750
359 758
360 392
360 479
360 529
360 748
360 750
361 488
361 571
361 574
361 597
361 670
361 689
361 859
361 1146
362 363
362 401
362 616
362 622
362 721
363 413
363 572
363 593
363 616
363 622
363 679
364 487
364 490
364 529
364 535
364 567
364 737
365 417
365 554
365 630
365 717
365 1153
366 451
366 516
366 518
366 531
366 601
366 666
367 814
368 430
368 551
368 579
368 580
368 609
368 711
368 1113
369 438
369 463
369 517
369 760
371 502
371 719
372 589
372 609
372 705
372 775
372 776
373 471
373 475
373 554
373 681
373 745
373 839
373 1032
374 462
374 489
374 506
374 532
374 550
374 558
374 918
375 462
375 469
375 470
375 621
375 760
376 499
376 503
376 509
376 629
376 682
376 687
376 854
377 440
377 481
377 488
377 631
377 644
377 705
377 772
378 386
378 407
378 480
378 562
378 639
378 642
378 696
378 741
378 789
379 412
379 458
379 681
380 452
380 456
380 465
380 555
380 731
381 392
381 409
381 412
381 441
381 456
381 473
381 530
381 560
381 577
381 613
381 772
382 535
382 750
382 765
382 777
382 793
383 736
383 737
383 741
383 765
384 676
384 702
384 731
384 760
386 570
386 695
386 696
386 777
389 390
389 442
389 629
389 755
390 585
390 629
390 647
391 517
391 629
391 647
391 716
391 755
391 792
392 593
392 679
392 699
392 717
392 746
392 756
393 435
393 440
393 499
393 503
393 631
393 644
393 663
393 679
393 768
393 785
394 510
394 595
394 704
394 932
395 416
395 434
395 667
395 755
396 418
396 638
396 738
397 420
397 441
397 473
397 482
397 510
397 558
397 583
397 699
397 775
398 505
398 651
398 728
398 753
399 627
399 646
399 802
400 403
400 437
400 474
400 550
400 621
400 635
401 408
401 577
401 624
401 803
401 822
401 921
402 408
402 435
402 473
402 651
402 964
402 1183
403 537
403 539
403 576
403 595
404 549
404 666
404 708
404 774
404 903
405 535
405 562
405 605
405 618
405 639
405 642
405 647
405 765
405 780
406 627
406 757
407 661
407 696
408 478
408 921
409 493
409 521
409 587
409 632
409 641
409 674
410 511
412 422
412 452
412 776
413 504
413 556
413 658
413 662
413 718
413 746
413 749
414 418
414 451
414 473
414 493
414 835
415 821
417 424
417 630
417 717
417 772
418 449
418 497
418 504
418 609
418 671
418 738
419 568
419 742
419 785
420 510
420 718
420 756
421 483
421 546
421 990
421 1172
422 524
422 638
422 1025
423 454
423 523
423 542
423 596
424 455
424 648
424 714
424 839
424 855
424 902
424 916
424 928
424 1177
425 437
425 475
425 497
425 588
425 683
425 684
425 698
425 719
425 956
425 1000
426 452
426 484
426 566
426 569
426 718
426 734
426 752
427 753
428 468
428 509
428 574
428 694
428 1053
429 478
429 496
429 554
429 600
429 603
429 630
429 710
429 731
429 1009
430 551
430 579
430 580
430 609
430 753
431 454
432 543
432 672
433 454
433 514
433 552
433 690
433 738
433 1046
433 1115
435 487
435 505
435 631
435 651
435 669
435 768
435 794
435 799
436 481
436 483
436 658
436 778
436 781
436 799
437 443
437 649
437 743
437 956
438 623
438 662
438 757
439 618
439 629
439 642
439 654
440 455
440 553
440 644
440 666
440 674
440 700
440 1210
441 473
441 510
441 572
442 549
442 607
442 629
442 673
442 697
442 719
442 755
443 595
443 617
443 754
443 762
443 763
443 794
444 603
444 613
444 677
444 681
444 712
444 713
444 719
444 721
444 722
445 567
445 642
445 758
445 761
446 531
446 582
447 492
447 557
447 564
447 566
447 568
448 579
449 481
449 482
449 621
449 671
449 754
452 453
452 494
452 543
452 603
452 652
452 671
452 674
452 722
452 724
452 775
452 792
452 1191
453 488
453 549
453 584
453 607
453 722
453 792
454 514
454 552
454 690
455 478
455 637
456 494
456 591
456 757
457 485
457 542
457 567
457 605
457 614
457 654
457 737
457 748
457 764
457 798
458 505
458 544
458 557
458 599
459 500
459 507
459 697
459 712
459 775
459 918
460 465
460 496
460 718
460 721
461 473
461 489
461 509
461 602
461 760
461 783
462 506
462 558
462 590
463 602
463 680
463 781
464 744
465 590
465 770
465 776
465 787
466 593
466 762
466 763
466 767
466 1030
466 1122
467 689
468 574
468 780
469 703
469 760
469 1137
470 472
470 475
470 624
470 652
470 780
471 475
472 703
473 510
473 530
473 559
473 572
473 618
473 674
473 778
473 928
473 1009
474 646
475 477
475 501
475 502
475 517
475 673
475 697
476 479
476 529
476 532
476 639
476 792
477 481
477 491
477 493
477 521
477 523
477 560
477 581
477 620
477 632
477 638
477 641
477 649
477 651
477 688
477 729
478 528
478 628
478 637
478 855
479 535
479 614
479 654
479 748
479 764
480 1216
480 1219
481 483
481 493
481 594
481 631
481 632
481 671
481 797
481 829
481 835
481 927
482 510
482 602
482 736
482 775
482 1177
483 493
483 621
483 646
483 652
483 671
483 797
484 626
484 664
485 529
485 562
485 605
485 610
485 639
485 735
485 761
485 790
485 798
486 520
486 847
487 536
487 590
487 687
488 492
488 494
488 549
488 584
488 613
488 630
488 684
488 686
488 709
488 719
488 753
488 909
489 688
489 855
490 535
491 581
491 620
491 778
492 698
492 699
492 700
492 895
493 621
493 671
493 743
493 829
493 855
494 749
496 600
496 602
496 606
496 680
496 766
496 1000
497 501
497 502
497 629
497 641
497 648
497 674
497 766
497 928
497 958
497 1224
498 534
498 683
498 774
498 786
498 1174
499 768
499 788
500 601
500 650
500 682
500 740
502 601
502 693
503 768
504 569
504 633
505 519
505 638
505 667
505 669
505 1124
506 521
506 532
506 918
507 520
507 595
507 918
507 1080
508 529
509 624
509 727
510 558
510 559
510 572
510 778
510 1009
512 515
512 597
512 754
512 757
512 1240
513 657
513 1155
514 517
514 552
514 666
514 690
514 865
516 621
516 625
516 679
516 693
516 745
516 752
517 612
517 629
517 1188
518 574
518 694
518 705
518 762
518 763
518 829
518 1006
518 1020
518 1146
519 629
519 638
519 675
519 704
519 716
519 754
519 859
520 589
520 592
520 595
520 709
520 712
520 846
521 674
521 734
522 546
522 598
522 625
522 650
522 800
523 528
523 530
523 590
523 649
523 743
525 550
525 666
525 781
525 816
526 910
527 667
527 744
527 759
528 727
528 784
529 758
529 761
530 573
530 706
530 802
531 666
531 685
531 769
531 783
532 533
532 610
532 674
532 789
532 1126
532 1161
533 696
533 707
533 747
533 789
533 791
533 795
534 676
534 683
534 1174
535 562
535 639
535 696
535 737
535 747
535 790
536 568
536 641
536 716
536 726
536 772
537 631
537 768
537 772
538 966
539 631
539 674
539 962
540 542
540 786
540 1153
541 578
541 624
541 638
541 785
541 876
541 1166
541 1176
542 602
542 606
542 689
543 722
544 588
544 619
544 1201
545 866
546 575
546 592
546 594
546 738
547 673
547 686
547 690
547 708
547 760
547 773
547 869
547 1214
548 720
548 725
549 584
549 661
549 708
550 558
550 566
550 581
550 781
550 785
551 608
551 609
552 601
552 690
552 697
552 719
553 557
553 598
553 773
553 909
553 1210
554 564
554 568
554 630
554 714
555 591
555 724
556 734
557 560
557 588
557 663
557 771
558 574
559 665
559 718
560 561
560 603
560 688
560 739
560 772
561 801
561 889
561 966
562 605
562 618
562 639
562 642
562 696
562 737
562 747
563 613
564 568
564 665
564 709
564 714
564 726
565 1159
566 567
566 577
566 712
566 755
566 783
567 654
567 758
567 764
568 588
568 646
568 665
568 714
568 759
570 657
570 765
571 597
571 822
572 850
572 1201
573 577
573 607
573 613
573 755
574 694
574 760
574 919
574 1101
574 1121
576 600
576 702
576 729
576 783
577 601
577 624
577 650
577 787
578 606
578 779
579 580
579 624
579 769
580 917
581 590
581 641
581 724
581 729
581 746
581 1234
582 1056
584 589
584 607
585 673
585 755
585 773
586 743
586 756
586 767
586 890
586 911
586 1166
587 676
587 727
588 619
589 600
590 671
590 746
592 778
593 616
593 770
593 1030
594 729
594 1101
594 1184
594 1230
595 962
596 673
596 819
596 1227
597 689
598 623
598 890
599 638
600 644
600 822
600 1000
601 983
602 679
602 680
602 698
602 737
602 785
603 640
603 712
603 721
603 759
603 772
605 642
605 765
606 689
607 684
607 686
607 697
607 719
607 721
607 722
607 739
607 772
607 773
608 839
608 883
610 614
610 618
610 707
610 747
611 744
613 677
613 712
614 618
614 654
614 748
614 764
615 695
615 733
615 1155
616 622
616 770
616 1030
617 861
617 1191
618 639
618 642
619 622
619 776
619 782
620 636
620 702
620 729
620 743
620 778
621 671
624 636
624 672
624 803
625 632
625 650
625 713
625 776
625 800
625 1032
626 664
626 680
627 635
627 800
628 740
629 630
629 716
629 780
630 673
630 686
630 1027
631 637
631 674
631 1232
632 671
632 674
632 797
634 680
634 692
634 734
634 766
635 1019
636 702
637 819
637 855
637 927
637 1235
638 667
638 704
638 714
638 759
638 771
638 784
638 919
638 1224
639 642
639 695
639 737
639 790
639 792
639 843
640 667
640 757
640 1111
640 1173
640 1236
640 1240
640 1244
641 703
642 653
642 654
642 733
642 735
642 789
643 995
643 1016
643 1025
643 1058
644 679
644 772
646 651
646 691
646 692
646 724
646 800
646 802
646 1224
646 1236
647 780
647 899
647 928
648 704
648 959
648 1007
648 1105
648 1119
649 743
649 1012
649 1061
649 1087
651 732
651 1183
652 776
652 786
652 1019
653 659
654 748
654 750
654 758
654 1086
655 831
658 1180
661 693
661 708
661 740
661 751
661 865
662 677
662 803
663 724
664 718
665 686
665 759
665 945
667 704
667 759
669 1027
670 774
671 794
672 781
672 803
673 686
674 688
674 740
674 754
674 990
675 687
675 723
676 731
677 712
677 713
678 679
678 835
679 698
679 699
679 700
679 1115
679 1129
679 1151
679 1153
680 718
680 749
680 766
680 1000
681 686
681 835
683 796
684 719
684 773
685 699
685 756
686 697
686 755
687 693
687 1180
688 734
688 746
688 883
690 739
691 692
691 706
691 802
691 1236
693 708
693 865
695 735
695 761
696 777
696 789
697 701
697 755
698 699
698 700
698 745
698 794
698 809
698 895
698 1226
699 794
699 1202
700 794
700 895
701 916
701 944
702 729
702 783
702 804
703 757
703 759
703 760
704 731
705 806
705 928
705 1020
706 726
706 802
707 747
708 739
708 751
708 865
708 903
709 711
709 719
709 726
709 759
709 787
709 1027
711 769
712 713
712 721
712 755
713 770
713 771
713 1133
714 839
714 855
714 902
714 1010
714 1115
714 1129
714 1178
714 1224
716 770
716 772
716 776
717 739
718 739
718 746
718 749
718 847
718 1009
719 859
720 770
721 797
722 792
723 760
724 757
724 803
725 728
727 809
727 916
727 918
727 1145
728 788
728 795
729 809
729 825
730 735
731 774
732 769
732 1008
732 1136
733 1188
735 761
736 737
736 741
736 752
737 798
737 885
737 1159
738 753
739 753
740 776
743 767
744 878
746 936
747 748
747 764
747 789
747 907
748 764
748 894
748 907
748 1128
748 1203
749 936
750 758
751 953
751 1121
754 757
755 933
755 1191
756 779
758 761
759 909
759 1027
760 799
761 798
762 763
762 767
762 1122
763 767
763 1122
764 1161
771 1064
771 1092
771 1093
771 1221
774 782
776 796
777 789
778 1146
778 1181
779 850
779 1019
779 1167
783 1121
784 875
784 911
784 983
788 1045
788 1121
788 1167
789 791
790 830
790 950
791 898
791 904
791 1128
793 1206
794 895
794 1105
796 1184
797 831
797 1224
798 1134
798 1199
799 900
799 1172
801 1194
801 1242
804 935
804 1006
804 1062
804 1065
804 1079
804 1145
804 1223
805 806
805 810
805 983
805 1029
805 1051
805 1191
805 1198
805 1215
805 1225
805 1228
806 844
806 932
806 1025
806 1058
806 1112
806 1135
807 1017
807 1107
807 1144
807 1173
807 1227
807 1233
808 812
808 822
808 847
808 921
808 981
808 1187
809 897
809 946
809 993
810 818
810 875
810 935
810 1032
810 1105
810 1179
810 1198
810 1244
810 1245
811 879
811 907
811 937
811 942
811 980
811 990
811 994
811 1026
811 1078
812 820
812 847
812 981
812 1039
812 1187
813 876
813 920
813 1002
813 1044
813 1155
814 883
814 1065
814 1226
814 1245
815 1077
815 1081
815 1082
816 838
816 1007
816 1025
816 1051
816 1058
816 1112
816 1191
816 1215
816 1234
816 1238
817 827
817 870
817 1005
817 1028
817 1106
817 1109
817 1110
817 1204
817 1230
818 1158
819 826
819 888
819 1041
819 1062
820 840
820 846
820 902
820 904
820 955
820 959
820 1185
820 1204
820 1229
821 866
821 872
821 980
821 1159
821 1163
822 828
822 921
822 980
822 1000
822 1078
822 1116
822 1230
823 931
823 968
823 1008
823 1059
823 1186
823 1237
823 1243
824 853
824 1047
824 1052
824 1055
824 1064
824 1201
825 886
825 933
825 958
825 1003
825 1029
825 1131
825 1236
826 851
826 855
826 909
826 941
826 1092
826 1101
826 1121
826 1145
826 1177
826 1205
827 1005
827 1109
827 1110
827 1118
828 943
828 944
828 1066
828 1108
828 1147
828 1243
829 835
829 964
829 1136
829 1177
829 1191
830 950
830 955
830 1040
830 1116
831 1083
833 905
834 862
834 913
834 943
834 944
834 1059
834 1164
834 1186
835 943
835 1012
835 1033
835 1211
835 1243
836 864
836 948
836 988
836 1017
836 1138
837 950
837 977
837 1072
837 1108
837 1243
838 861
838 886
838 895
838 979
838 1058
838 1234
839 873
839 875
839 935
839 946
839 1026
839 1032
839 1104
839 1129
840 955
840 985
840 1014
840 1033
840 1109
840 1185
840 1229
841 848
841 901
841 1038
841 1165
841 1168
842 1047
842 1164
842 1241
843 1002
843 1040
843 1067
843 1155
844 932
844 991
844 1075
844 1139
844 1154
846 858
846 1082
846 1098
847 981
847 1085
847 1185
847 1213
848 896
848 901
848 951
848 1049
848 1052
848 1067
848 1165
848 1168
849 1072
849 1085
849 1141
850 964
850 979
850 983
850 1006
850 1019
850 1079
850 1100
850 1152
850 1241
851 865
851 903
851 1013
851 1205
852 876
852 884
852 934
852 961
852 987
852 999
852 1016
852 1096
852 1113
852 1143
852 1176
852 1237
852 1244
853 1052
854 888
854 980
854 1001
854 1078
854 1116
854 1167
856 858
856 1137
857 1034
857 1045
857 1104
857 1106
858 915
858 934
858 1005
858 1143
859 956
859 966
859 1051
859 1059
859 1237
859 1239
860 1122
861 878
861 897
861 900
861 956
861 979
861 1026
861 1032
861 1093
861 1105
861 1184
861 1223
862 913
862 930
863 985
863 988
863 1022
863 1167
863 1187
863 1195
864 948
864 977
864 988
864 1052
864 1144
865 873
865 882
865 905
866 872
866 891
866 1159
866 1163
867 991
868 972
868 989
869 971
869 1071
869 1080
869 1179
870 905
870 919
870 1141
870 1175
871 931
871 968
871 1172
871 1209
871 1237
872 893
872 906
872 918
872 933
872 1003
872 1009
872 1018
872 1056
872 1145
872 1167
872 1180
873 882
873 921
873 973
873 1055
873 1089
873 1217
873 1227
873 1243
874 976
874 1006
875 883
875 890
875 935
875 1013
875 1026
875 1032
875 1051
875 1104
875 1106
875 1129
875 1215
875 1221
875 1223
875 1224
876 902
876 942
876 943
876 944
876 969
876 992
876 998
876 1016
876 1023
877 1004
877 1083
877 1099
877 1225
878 953
878 1075
878 1132
878 1139
879 942
879 992
879 993
879 1107
879 1111
879 1143
879 1233
880 928
880 1020
880 1031
880 1161
880 1165
880 1194
880 1216
881 954
881 958
881 960
881 1062
881 1117
881 1127
881 1154
881 1179
881 1235
881 1236
882 973
882 980
883 1032
883 1093
883 1104
883 1226
883 1231
883 1245
884 915
884 987
884 999
884 1016
884 1024
884 1065
885 896
885 901
885 938
885 951
885 1002
885 1044
885 1049
885 1052
885 1142
885 1155
885 1165
885 1168
886 1061
886 1191
887 913
888 909
888 967
888 1144
889 903
889 966
889 992
889 1014
889 1106
889 1124
889 1142
889 1145
889 1233
889 1242
889 1245
890 904
890 911
890 1007
890 1013
890 1025
890 1026
890 1032
890 1053
890 1100
890 1127
890 1129
890 1166
890 1196
891 1104
891 1208
892 895
892 902
892 943
892 944
892 1108
892 1140
892 1147
892 1226
893 906
893 919
893 933
893 1003
893 1009
893 1131
893 1187
893 1242
894 1098
894 1208
895 936
895 1061
895 1097
895 1226
895 1228
895 1234
896 901
896 951
896 1052
896 1067
896 1134
896 1145
896 1161
896 1165
896 1168
896 1207
897 923
897 993
898 1128
898 1155
900 945
900 1018
900 1131
900 1153
900 1225
900 1241
901 951
901 1049
901 1052
901 1067
901 1155
901 1159
901 1165
901 1168
901 1194
902 923
902 992
902 1004
902 1023
902 1028
902 1072
902 1103
902 1130
902 1218
903 1059
903 1064
903 1158
903 1186
903 1227
904 926
904 966
904 987
904 1003
904 1095
904 1234
905 1048
905 1141
905 1163
905 1175
906 1009
906 1098
906 1185
907 990
907 1050
907 1156
908 970
908 1149
908 1160
908 1230
908 1240
908 1245
909 1206
910 967
910 1012
910 1013
910 1058
910 1178
910 1184
911 964
911 966
911 1003
911 1166
911 1187
911 1197
911 1215
912 1082
912 1116
912 1170
912 1212
913 1033
914 931
914 1237
915 926
915 987
915 999
915 1095
915 1096
916 939
916 963
917 927
917 945
917 963
917 1021
917 1051
917 1122
917 1146
917 1156
917 1162
917 1198
917 1221
918 965
918 1058
918 1080
918 1131
918 1135
918 1242
919 1101
919 1146
919 1224
919 1228
920 1020
920 1044
920 1142
920 1190
920 1207
921 1116
921 1147
922 1119
923 973
923 979
923 1073
923 1096
923 1130
923 1136
923 1179
923 1241
924 1181
925 1114
925 1120
925 1227
926 1095
926 1096
927 1041
927 1051
927 1146
927 1151
927 1178
927 1198
928 1020
928 1161
928 1184
928 1209
929 1241
931 968
931 1196
932 953
932 1069
932 1075
932 1117
932 1139
933 1009
933 1025
933 1047
933 1058
933 1062
933 1098
933 1135
933 1156
933 1185
933 1191
933 1242
934 954
934 971
934 992
934 1046
934 1069
934 1113
935 1026
935 1032
935 1105
935 1245
936 1004
936 1228
937 994
937 1012
937 1060
937 1178
938 951
938 1049
938 1052
938 1067
939 945
939 1051
939 1070
939 1146
939 1191
939 1215
939 1221
939 1225
941 1092
941 1119
941 1127
941 1145
941 1171
941 1206
942 943
942 944
942 992
942 993
942 1034
942 1111
942 1233
943 944
943 1034
943 1039
943 1108
943 1176
944 992
944 1004
944 1034
944 1059
944 1066
944 1108
944 1226
944 1243
945 1061
945 1105
945 1142
946 1217
947 961
947 1017
947 1046
947 1084
947 1107
947 1156
947 1173
948 988
948 1052
948 1064
948 1144
950 1040
950 1082
951 1049
951 1052
951 1110
951 1165
951 1168
952 1046
952 1183
953 979
953 991
953 1075
953 1139
953 1238
954 960
954 1046
954 1091
954 1115
954 1179
954 1181
955 1014
955 1109
955 1229
956 1007
956 1025
956 1076
956 1105
957 1166
958 960
958 1029
958 1117
958 1221
958 1236
959 1015
959 1087
959 1160
959 1201
959 1204
959 1241
960 1117
960 1132
960 1154
960 1174
960 1179
960 1181
963 995
963 1051
963 1100
963 1151
963 1221
963 1225
964 966
964 1007
964 1021
964 1051
964 1079
964 1097
964 1152
964 1153
964 1166
964 1221
965 1058
965 1124
966 995
966 1007
966 1051
966 1097
966 1105
966 1162
966 1166
966 1186
967 1127
967 1162
967 1178
968 1124
968 1186
968 1196
969 977
969 992
969 1043
969 1067
969 1072
969 1197
969 1218
970 1160
970 1240
971 975
972 1045
972 1065
972 1104
972 1106
972 1226
973 1027
973 1096
973 1149
973 1228
973 1230
974 1141
975 992
975 1016
975 1114
975 1192
976 979
976 1006
976 1080
976 1182
976 1241
977 1004
977 1010
978 1033
978 1036
978 1060
978 1072
978 1120
978 1164
978 1186
979 983
979 1006
979 1022
979 1080
979 1131
979 1182
979 1222
979 1241
980 1000
980 1001
980 1078
980 1116
980 1226
981 991
981 1039
982 1048
983 1079
983 1135
983 1152
983 1182
983 1224
983 1241
984 1042
984 1081
984 1082
984 1137
984 1203
985 986
985 990
985 1004
985 1015
985 1081
985 1158
985 1167
987 992
987 1016
987 1095
988 1052
988 1144
988 1167
990 1156
990 1235
990 1237
991 1036
991 1037
991 1075
991 1171
991 1189
992 1016
992 1023
992 1218
993 1007
993 1016
993 1107
993 1111
993 1176
993 1233
994 1001
994 1060
994 1178
995 1041
995 1151
995 1158
995 1186
996 1035
996 1082
998 1010
998 1130
998 1217
998 1244
999 1095
999 1096
1000 1078
1000 1116
1001 1060
1002 1067
1002 1087
1002 1155
1003 1012
1003 1018
1003 1131
1003 1167
1004 1008
1004 1058
1004 1072
1004 1105
1004 1108
1004 1225
1005 1109
1005 1110
1005 1118
1006 1080
1006 1135
1006 1182
1006 1241
1007 1025
1007 1032
1007 1076
1007 1105
1007 1166
1008 1059
1008 1140
1008 1156
1008 1157
1008 1173
1008 1186
1008 1243
1009 1053
1009 1098
1009 1150
1009 1228
1011 1093
1012 1055
1012 1127
1012 1154
1012 1178
1012 1235
1013 1150
1013 1162
1013 1166
1013 1184
1013 1214
1014 1158
1014 1227
1014 1229
1015 1063
1015 1069
1015 1178
1015 1225
1015 1244
1016 1023
1016 1029
1016 1103
1016 1172
1016 1176
1016 1218
1017 1046
1017 1047
1017 1084
1017 1107
1017 1117
1017 1138
1017 1173
1017 1183
1017 1217
1018 1091
1018 1131
1018 1167
1019 1030
1019 1185
1020 1159
1020 1184
1020 1209
1021 1079
1021 1156
1021 1162
1022 1187
1022 1195
1024 1084
1025 1058
1025 1076
1025 1098
1025 1112
1025 1135
1025 1166
1025 1178
1025 1244
1026 1032
1026 1051
1026 1098
1026 1105
1026 1214
1026 1215
1026 1244
1027 1073
1027 1210
1028 1088
1029 1051
1031 1155
1031 1216
1032 1053
1032 1105
1032 1106
1032 1129
1032 1162
1033 1072
1033 1132
1034 1036
1034 1043
1034 1060
1034 1120
1035 1077
1035 1139
1035 1208
1035 1227
1036 1043
1036 1060
1036 1067
1036 1120
1037 1209
1038 1159
1038 1216
1039 1133
1040 1176
1040 1199
1041 1051
1041 1146
1041 1151
1041 1184
1041 1198
1041 1215
1041 1225
1042 1046
1042 1081
1043 1120
1044 1049
1044 1050
1044 1052
1044 1142
1044 1190
1044 1207
1045 1068
1045 1104
1045 1106
1046 1084
1046 1107
1046 1173
1046 1183
1047 1084
1047 1173
1049 1067
1049 1155
1049 1165
1049 1168
1050 1067
1050 1134
1050 1142
1050 1199
1051 1106
1051 1146
1051 1198
1051 1215
1051 1221
1051 1225
1052 1064
1052 1067
1052 1144
1052 1165
1052 1168
1053 1057
1053 1129
1053 1164
1053 1224
1055 1201
1055 1213
1056 1068
1056 1088
1057 1145
1058 1076
1058 1112
1058 1135
1058 1178
1058 1244
1059 1108
1059 1186
1059 1196
1059 1243
1060 1120
1060 1164
1061 1177
1061 1185
1061 1221
1061 1234
1062 1184
1062 1223
1062 1234
1062 1242
1064 1142
1064 1144
1064 1147
1064 1186
1065 1106
1065 1223
1065 1226
1065 1245
1066 1108
1066 1147
1066 1160
1066 1164
1066 1243
1067 1087
1067 1155
1067 1165
1067 1168
1067 1194
1067 1197
1069 1071
1069 1217
1071 1226
1072 1170
1073 1210
1073 1240
1075 1127
1075 1139
1075 1154
1075 1235
1076 1163
1078 1116
1079 1097
1079 1153
1079 1154
1079 1182
1079 1187
1080 1125
1080 1131
1080 1241
1081 1082
1081 1203
1082 1098
1082 1170
1082 1212
1083 1099
1084 1114
1084 1138
1084 1173
1084 1183
1086 1193
1089 1130
1089 1217
1090 1176
1090 1217
1091 1154
1091 1181
1092 1101
1092 1145
1092 1166
1092 1221
1093 1166
1093 1226
1093 1229
1093 1231
1093 1245
1095 1096
1097 1185
1098 1135
1098 1242
1099 1185
1100 1127
1100 1170
1100 1202
1100 1203
1100 1241
1101 1121
1101 1145
1101 1185
1101 1238
1103 1164
1103 1218
1103 1237
1104 1106
1104 1226
1104 1245
1105 1129
1105 1166
1105 1223
1105 1245
1106 1226
1106 1245
1107 1111
1107 1144
1107 1173
1107 1227
1107 1233
1108 1140
1108 1147
1109 1110
1109 1118
1109 1202
1110 1118
1110 1202
1110 1230
1111 1233
1112 1135
1112 1156
1113 1115
1113 1143
1113 1244
1114 1227
1115 1129
1115 1133
1116 1170
1116 1212
1117 1131
1117 1132
1117 1154
1117 1174
1117 1187
1117 1217
1117 1236
1118 1202
1119 1177
1120 1164
1121 1145
1122 1221
1124 1145
1124 1157
1126 1161
1127 1139
1127 1145
1127 1235
1129 1162
1130 1164
1130 1244
1131 1167
1131 1222
1131 1241
1131 1242
1132 1174
1133 1177
1134 1194
1134 1199
1134 1207
1135 1152
1136 1177
1137 1171
1137 1198
1138 1173
1139 1154
1139 1227
1140 1149
1140 1151
1140 1243
1141 1175
1142 1207
1142 1219
1143 1233
1145 1166
1145 1205
1146 1151
1146 1221
1146 1225
1146 1228
1147 1185
1147 1243
1147 1245
1148 1151
1148 1152
1149 1154
1149 1180
1151 1153
1151 1182
1153 1182
1153 1241
1154 1156
1154 1157
1154 1179
1154 1181
1154 1235
1154 1236
1155 1168
1158 1186
1158 1204
1159 1168
1160 1201
1160 1226
1160 1240
1161 1194
1161 1206
1161 1209
1162 1184
1162 1196
1165 1168
1165 1194
1166 1221
1167 1187
1167 1241
1168 1194
1170 1212
1174 1187
1174 1217
1177 1245
1179 1181
1179 1236
1181 1187
1182 1241
1183 1227
1184 1205
1185 1229
1186 1213
1187 1195
1187 1234
1189 1209
1191 1215
1192 1217
1196 1237
1197 1209
1198 1215
1198 1225
1201 1202
1201 1237
1202 1210
1202 1226
1204 1230
1205 1235
1208 1230
1215 1225
1216 1218
1217 1245
1222 1241
1223 1231
1223 1245
1224 1228
1226 1245
1227 1230
1228 1238
1231 1245
1234 1235
1237 1239
1240 1244
