#num-nodes
1799
#num-links
5440
#links
0 345
0 878
0 936
0 1235
0 1496
0 1649
0 1746
1 1323
1 1761
1 1798
2 236
2 340
2 381
2 453
2 644
2 802
2 803
2 821
2 865
2 1156
2 1196
2 1242
2 1685
3 282
3 577
3 626
3 656
3 942
3 1010
3 1084
3 1428
3 1430
3 1528
4 224
4 704
4 1238
4 1633
4 1786
5 670
5 842
5 1044
5 1492
6 253
6 343
6 549
6 655
6 795
6 872
6 915
6 1276
6 1328
7 694
7 713
7 803
7 807
7 1039
7 1095
7 1475
7 1741
9 307
9 311
9 316
9 331
9 355
9 1130
9 1400
9 1703
10 99
10 137
10 771
10 860
10 937
10 1012
10 1127
10 1338
10 1763
11 119
11 317
11 610
11 1166
11 1375
12 120
12 201
12 319
12 474
12 518
12 590
12 757
12 954
12 1064
12 1399
12 1498
12 1645
12 1683
13 373
13 448
13 1160
14 34
14 340
14 381
14 434
14 446
14 574
14 578
14 746
14 752
14 865
14 866
14 884
14 933
14 1091
14 1112
14 1176
14 1193
14 1531
14 1673
14 1705
15 48
15 51
15 410
15 572
15 613
15 1052
15 1242
15 1547
15 1592
16 845
16 871
16 969
16 1065
16 1598
16 1748
17 71
17 444
17 673
17 1083
17 1160
17 1286
17 1515
17 1770
18 206
18 371
18 376
18 557
18 975
18 1055
18 1247
18 1257
18 1269
18 1361
18 1516
18 1520
18 1594
19 230
19 1765
20 94
20 231
20 289
20 360
20 462
20 882
20 1374
21 71
21 148
21 1083
21 1181
21 1515
22 175
22 296
22 298
22 422
22 555
22 741
22 789
22 1008
22 1264
22 1279
22 1363
22 1368
22 1608
22 1690
22 1710
23 94
23 851
23 888
23 1530
24 98
24 289
24 620
24 824
24 1112
24 1193
24 1325
24 1459
24 1493
24 1502
24 1723
25 743
26 930
26 934
26 1154
26 1654
27 63
27 175
27 176
27 210
27 774
27 1162
27 1299
27 1469
27 1614
28 205
28 1507
28 1554
29 348
29 599
29 670
29 824
29 882
29 995
29 1683
29 1777
30 54
30 266
30 381
30 413
30 603
30 1168
30 1188
30 1651
31 158
31 845
31 1246
31 1318
32 33
32 390
32 756
32 939
32 1192
32 1504
32 1792
33 390
33 989
33 1016
33 1258
34 261
34 383
34 475
34 670
34 988
34 1048
34 1415
34 1480
34 1531
34 1576
34 1595
34 1708
34 1723
35 246
35 771
35 813
35 936
35 1059
35 1225
35 1368
35 1650
36 163
36 257
36 269
36 457
36 704
36 736
36 1073
36 1163
36 1422
36 1695
37 281
37 402
37 491
37 912
37 1044
37 1051
37 1479
38 309
38 871
38 946
38 1019
39 149
39 1443
40 83
40 237
40 385
40 454
40 843
40 1321
41 51
41 311
41 575
41 633
41 659
41 1109
42 111
42 199
42 269
42 560
42 690
42 704
42 736
42 855
42 878
43 307
43 496
43 581
43 611
43 770
43 917
43 1245
43 1703
44 110
44 174
44 193
44 1330
44 1413
44 1634
44 1640
45 83
45 633
45 1213
45 1215
45 1398
45 1450
45 1501
45 1657
45 1658
46 279
46 757
47 191
47 238
47 538
47 1631
48 75
48 596
48 613
48 1093
48 1105
48 1129
48 1284
48 1619
48 1678
48 1734
49 59
49 191
49 238
49 319
49 336
49 485
49 1348
49 1472
49 1525
50 458
50 1639
51 882
52 175
52 247
52 303
52 974
52 1140
52 1314
52 1315
52 1583
52 1614
52 1669
53 239
53 564
53 580
53 616
53 947
53 1025
54 55
54 381
54 594
54 1216
54 1767
55 1509
55 1660
55 1766
55 1767
56 593
57 99
57 134
57 238
57 330
57 413
57 491
57 988
57 1452
57 1484
57 1531
57 1673
58 868
58 1275
58 1514
58 1520
58 1711
59 238
59 423
59 456
59 485
59 562
59 567
59 804
59 1198
59 1213
59 1215
59 1348
59 1420
59 1472
59 1478
60 418
61 204
61 1323
61 1673
61 1786
62 394
62 456
62 487
62 1370
62 1451
62 1469
62 1750
63 183
63 326
63 1040
63 1299
63 1312
63 1370
63 1469
63 1547
63 1614
63 1669
63 1738
64 242
64 572
64 596
64 787
64 828
64 964
64 1154
64 1235
64 1778
65 134
65 154
65 567
65 874
65 903
65 1018
65 1431
65 1706
66 312
66 403
66 951
66 1238
67 185
67 513
67 700
67 1434
67 1629
68 316
68 635
68 762
68 1013
68 1042
68 1219
68 1393
68 1414
68 1453
68 1476
68 1786
69 117
69 178
69 317
69 424
69 584
69 728
69 784
69 1143
69 1396
69 1537
70 99
70 515
70 566
70 691
70 793
70 1514
70 1646
70 1754
71 184
71 812
71 1083
71 1144
71 1286
71 1515
71 1583
71 1770
72 181
72 539
72 1210
72 1276
72 1342
72 1789
73 340
73 493
73 605
73 645
73 1008
73 1059
73 1189
73 1360
73 1617
73 1698
74 254
74 1652
75 189
75 514
75 613
75 778
75 941
75 1569
76 438
76 1117
76 1148
77 634
77 725
77 1088
77 1177
77 1327
77 1665
77 1688
78 107
78 1122
79 410
79 706
79 1113
79 1288
79 1648
79 1734
80 82
80 928
80 1042
81 104
81 697
81 806
81 1527
81 1563
82 732
82 758
82 1030
82 1042
82 1400
83 196
83 419
83 454
83 460
83 843
83 955
83 1459
83 1543
84 615
84 701
84 719
84 1304
84 1307
84 1480
85 479
85 1067
86 222
86 517
86 755
86 1132
86 1330
86 1474
87 1667
88 174
88 210
88 338
88 626
88 735
88 960
88 1546
90 156
91 244
91 412
91 1390
91 1394
91 1447
91 1584
92 435
92 618
92 744
92 954
92 962
92 978
92 1035
92 1205
93 392
93 394
93 1472
93 1485
93 1488
93 1679
93 1724
94 521
94 596
94 622
94 636
94 828
94 1466
94 1756
95 594
95 813
95 1357
96 126
96 799
96 1104
97 493
97 563
97 1113
97 1289
97 1297
97 1354
97 1544
97 1550
97 1571
97 1656
98 620
98 770
98 843
98 912
98 959
98 1325
98 1385
98 1681
98 1697
99 504
99 988
99 1194
99 1279
99 1510
99 1656
100 249
100 612
100 635
100 1278
100 1311
100 1585
101 430
101 481
102 406
102 577
102 1430
102 1455
102 1674
102 1727
103 352
104 533
104 676
104 769
104 1027
104 1209
104 1393
105 209
105 311
105 353
105 409
105 813
106 349
106 1104
106 1710
107 129
107 306
107 665
107 1248
107 1305
108 249
108 503
108 769
108 1224
109 706
109 859
109 1494
109 1648
110 185
110 270
110 355
110 359
110 700
110 873
110 905
110 928
110 1013
110 1453
110 1633
111 165
111 221
111 269
111 323
111 327
111 622
111 703
111 770
111 855
111 989
112 590
112 776
112 1126
112 1324
113 475
113 644
113 758
113 1048
114 358
114 762
114 806
114 1071
114 1209
114 1463
115 1134
115 1458
116 878
116 1349
116 1463
117 266
117 381
117 508
117 518
117 1048
117 1751
119 912
119 1290
119 1376
119 1377
119 1720
120 1221
120 1438
121 133
121 233
121 694
121 713
121 1036
121 1349
121 1535
121 1732
123 586
123 875
123 1016
123 1179
123 1386
123 1752
124 202
124 254
124 408
124 511
124 749
124 1595
125 507
125 714
125 841
125 1301
125 1426
125 1453
126 148
126 184
126 268
126 305
126 783
126 894
126 908
126 1023
126 1709
127 609
127 666
127 733
127 898
127 1462
128 145
128 257
128 510
128 770
128 1074
129 214
129 229
129 313
129 482
129 1125
129 1253
129 1517
130 251
130 253
130 629
130 669
130 1646
131 192
131 453
131 768
132 1117
132 1544
132 1571
132 1580
132 1589
133 327
133 355
133 502
133 855
133 877
133 1588
133 1664
133 1695
133 1744
134 238
134 871
134 1431
134 1749
135 501
135 952
135 1138
135 1403
137 1012
137 1338
138 201
138 246
138 563
138 680
138 859
138 1764
139 1190
139 1242
140 998
140 1369
141 148
141 971
141 1204
141 1283
141 1286
141 1770
142 721
142 1589
143 517
144 148
144 649
144 1009
144 1201
145 157
145 257
145 950
146 253
146 393
146 447
146 879
146 982
146 1080
146 1626
146 1789
147 249
147 570
147 758
147 953
147 1227
147 1400
149 1016
150 1714
151 485
151 631
151 759
151 761
151 882
151 923
151 951
151 1143
151 1167
151 1367
151 1451
151 1559
152 389
152 561
152 629
152 1169
153 313
153 976
153 1252
153 1440
153 1526
153 1780
154 218
154 421
154 567
154 670
154 903
154 921
154 1018
154 1060
154 1112
154 1412
154 1519
154 1749
155 451
156 376
156 558
156 592
156 853
156 1008
156 1249
156 1522
157 198
157 240
157 950
157 1025
157 1535
158 1658
160 451
160 896
161 850
161 924
161 1284
161 1449
162 1254
162 1284
162 1704
163 204
163 221
163 434
163 924
163 1048
163 1414
163 1519
163 1610
164 531
164 851
164 1724
165 412
165 931
165 951
165 1031
165 1137
165 1483
166 1754
167 201
167 368
167 572
167 596
167 783
168 361
168 709
168 1464
168 1530
168 1580
170 644
170 1396
171 714
171 1176
171 1323
171 1336
171 1434
171 1582
172 649
172 662
172 1061
172 1205
172 1586
172 1759
173 322
173 504
173 1252
173 1493
173 1522
173 1575
174 757
175 205
175 422
175 741
175 774
175 1242
175 1299
175 1368
175 1370
175 1469
175 1738
176 774
176 1040
176 1140
176 1299
176 1312
176 1370
176 1487
176 1743
177 337
177 517
177 1560
178 626
178 645
178 955
178 1065
178 1143
178 1721
178 1767
179 374
179 439
179 556
179 862
179 1056
179 1204
180 467
180 997
180 1009
180 1102
180 1201
180 1206
180 1739
181 207
181 384
181 395
181 442
181 661
181 915
181 916
181 1291
181 1523
182 564
182 1021
182 1346
182 1517
182 1553
182 1726
183 247
183 533
183 666
183 818
183 825
183 1105
183 1299
183 1312
183 1579
183 1618
183 1669
183 1678
184 551
184 908
184 1083
184 1770
185 359
185 873
185 898
185 905
185 988
185 1030
185 1042
185 1046
185 1071
185 1079
185 1228
185 1258
185 1480
186 733
186 1630
187 374
187 445
187 867
188 233
188 311
188 713
188 849
188 1039
188 1105
188 1618
188 1655
189 306
189 407
189 686
189 828
189 958
189 1093
189 1132
189 1587
189 1602
190 315
190 366
190 1110
190 1517
191 238
191 773
191 969
191 1559
191 1748
192 236
192 453
192 628
192 1062
192 1473
193 1581
194 608
194 655
194 1195
194 1210
194 1328
194 1495
194 1497
196 843
196 1553
197 297
197 443
197 458
197 519
197 745
197 801
197 906
197 1185
197 1497
198 199
198 257
198 288
198 355
198 533
198 803
198 875
198 1074
198 1179
198 1504
198 1536
198 1636
199 221
199 453
199 611
199 1062
199 1298
199 1336
199 1503
200 797
200 856
200 880
200 936
201 544
201 828
201 943
201 1052
201 1129
201 1764
201 1772
202 766
202 1198
202 1364
202 1748
203 299
203 688
203 1321
203 1780
204 220
204 855
204 873
204 1402
204 1418
205 296
205 1173
205 1242
205 1288
205 1294
205 1547
205 1684
206 312
206 375
206 376
206 554
206 1087
206 1107
206 1207
206 1249
206 1269
206 1361
206 1516
206 1620
206 1711
207 442
207 661
207 763
207 1291
207 1716
208 298
208 527
208 1225
208 1544
209 353
210 827
210 1116
210 1162
210 1294
211 212
211 829
211 949
211 1220
211 1678
212 1155
212 1251
212 1521
212 1555
213 517
214 229
214 433
214 686
214 735
214 920
214 958
214 1587
214 1786
215 824
215 1399
215 1420
215 1552
216 282
216 406
216 421
216 569
216 754
216 842
216 926
216 942
216 1150
216 1655
216 1681
216 1727
217 277
217 378
217 608
217 629
217 663
217 847
217 1029
217 1310
217 1328
217 1353
217 1495
217 1663
217 1787
218 637
218 946
218 1290
218 1749
219 336
219 423
219 1259
219 1595
220 873
220 905
220 928
220 1258
220 1335
220 1393
220 1418
220 1462
220 1476
220 1783
221 257
221 339
221 580
221 728
221 1036
221 1209
221 1298
221 1323
221 1536
222 628
222 769
222 873
222 1243
222 1365
222 1393
222 1499
222 1629
222 1634
222 1693
223 267
223 280
223 622
223 672
223 686
223 731
224 274
224 355
224 727
224 765
224 877
224 1007
224 1149
224 1245
224 1443
226 623
227 567
227 1347
228 251
228 1029
228 1572
228 1789
229 305
229 532
229 590
230 631
230 1658
231 996
231 1104
231 1666
232 344
232 572
232 1592
232 1704
232 1778
233 713
233 917
233 1039
233 1254
233 1284
233 1349
233 1475
234 720
234 1060
235 418
235 1035
235 1555
236 317
236 702
236 821
236 1018
236 1114
237 1559
238 328
238 336
238 881
238 882
238 1410
238 1677
239 564
239 580
239 616
239 736
239 1443
239 1636
239 1664
240 1063
240 1334
240 1480
240 1723
240 1793
241 449
241 824
241 998
241 1162
241 1487
242 269
242 345
242 704
242 1126
242 1154
243 423
243 478
243 834
243 1065
243 1325
243 1478
244 1447
244 1584
246 295
246 298
246 534
246 857
246 936
246 1075
246 1225
246 1317
246 1650
246 1666
247 256
247 321
247 868
247 1618
248 393
248 790
248 879
248 916
248 1339
248 1353
249 329
249 695
249 707
249 1224
250 400
250 781
250 785
250 805
250 1097
250 1388
250 1557
251 539
251 1231
251 1353
251 1534
251 1572
253 343
253 539
253 872
253 1195
253 1276
253 1328
253 1626
253 1787
254 725
254 804
254 843
254 1038
254 1215
254 1334
254 1720
255 447
255 699
255 1195
255 1276
255 1638
255 1716
255 1789
256 321
256 680
256 1040
256 1354
256 1618
259 365
259 382
259 774
259 1738
259 1763
260 1412
260 1612
261 274
261 316
261 355
261 475
261 729
261 854
261 1039
261 1183
261 1400
261 1470
262 807
262 1506
262 1704
264 1351
264 1396
264 1662
264 1676
265 927
265 935
265 953
265 1043
265 1624
265 1693
266 508
267 280
268 449
268 1174
269 564
269 690
269 704
269 736
269 877
269 1163
269 1304
269 1695
269 1744
270 286
270 429
270 664
270 758
270 873
270 1418
271 984
271 1675
272 851
272 1077
272 1507
273 672
273 767
273 877
273 1110
273 1238
273 1503
274 316
274 1149
274 1245
274 1270
274 1382
274 1476
274 1675
275 493
275 534
275 592
275 624
275 797
275 936
275 1077
275 1244
275 1308
275 1424
276 416
276 680
276 794
277 418
277 447
277 629
277 655
277 661
277 782
277 1029
278 436
278 501
278 719
278 777
278 931
278 960
278 1364
278 1569
278 1641
278 1794
279 1468
279 1513
281 808
281 1089
281 1467
282 391
282 656
282 1010
282 1155
282 1259
282 1366
282 1428
282 1528
282 1655
282 1681
282 1725
283 517
283 1247
283 1249
284 712
284 787
284 1031
284 1686
285 346
285 367
285 706
285 787
285 825
285 931
285 1137
285 1288
285 1571
286 288
286 498
286 1217
286 1745
286 1775
287 426
287 692
287 986
287 1156
287 1511
288 457
288 708
288 1133
288 1527
288 1531
288 1596
288 1745
288 1753
289 360
289 702
289 855
289 882
289 1325
289 1451
289 1457
289 1459
289 1674
289 1706
289 1727
291 572
292 450
292 527
292 1052
292 1125
293 443
293 458
293 889
294 623
294 699
294 820
294 848
294 982
295 857
295 1148
295 1201
295 1739
295 1755
296 365
296 368
296 1489
296 1656
296 1710
297 443
297 458
297 519
297 1185
297 1530
298 527
298 771
298 1225
298 1317
298 1368
300 664
300 1583
302 588
302 846
302 976
302 1090
302 1289
302 1425
302 1676
303 1314
303 1315
303 1403
303 1429
303 1678
304 306
304 543
304 1134
305 347
305 527
305 812
305 1023
305 1200
305 1297
305 1569
306 536
306 962
306 1134
306 1139
306 1340
306 1454
306 1562
307 917
307 1245
308 846
308 1678
309 912
309 1000
309 1627
309 1793
310 895
311 332
311 504
311 549
311 666
311 691
311 711
311 849
311 850
311 1039
311 1109
311 1197
311 1329
311 1482
311 1727
312 403
312 586
312 827
312 957
312 1016
312 1027
312 1295
312 1448
312 1514
313 329
313 544
313 1322
313 1675
313 1794
314 317
314 550
314 657
314 1440
314 1526
314 1582
315 578
315 1640
316 481
316 1130
316 1149
316 1270
316 1400
316 1432
316 1476
316 1557
317 1421
318 355
318 953
318 1043
318 1123
318 1347
319 516
319 590
319 648
319 1305
319 1346
319 1348
319 1399
319 1420
319 1472
319 1750
320 560
320 951
320 1596
321 868
321 1354
322 411
322 491
322 560
322 727
322 728
322 961
322 1252
322 1575
322 1702
323 665
323 944
323 1464
324 773
324 1730
325 601
326 815
326 1142
326 1299
327 502
327 611
327 855
327 1074
327 1481
327 1535
328 1198
328 1215
328 1478
328 1559
328 1677
329 776
329 792
329 1149
330 452
330 578
330 866
331 352
331 434
331 486
331 565
331 635
331 758
331 905
331 928
331 933
331 988
331 1323
331 1453
332 383
332 578
332 707
332 752
332 988
332 1323
332 1414
332 1476
332 1519
332 1633
332 1756
332 1791
332 1798
333 471
333 949
333 1129
333 1239
333 1308
333 1320
333 1330
333 1424
333 1433
333 1619
333 1653
334 1409
335 725
336 451
336 881
336 1412
336 1524
337 1587
337 1600
338 540
338 565
338 766
338 984
338 1329
338 1508
340 692
340 865
340 1096
340 1226
340 1640
340 1723
341 539
341 547
341 669
341 685
341 699
341 790
341 795
341 1024
341 1060
341 1103
341 1210
341 1512
341 1534
341 1788
342 872
343 795
343 1639
344 459
344 559
344 712
344 828
344 1314
344 1592
344 1704
344 1778
345 1031
345 1235
345 1496
345 1649
347 885
347 977
347 1076
347 1144
347 1162
347 1365
347 1729
347 1743
348 350
348 388
348 562
348 921
348 970
348 1777
349 708
349 799
349 1189
351 503
351 568
351 721
351 731
351 878
351 938
351 1066
352 461
352 675
352 981
352 1243
352 1258
352 1564
352 1583
353 409
353 422
354 665
354 955
354 1346
354 1348
355 475
355 770
355 1130
355 1306
355 1400
355 1480
355 1548
355 1700
355 1703
356 599
356 998
358 806
358 938
359 873
359 905
359 928
359 1030
359 1382
359 1513
359 1659
360 460
360 800
360 1146
360 1177
360 1374
361 598
361 760
361 1054
361 1185
361 1273
361 1389
361 1464
361 1740
362 1040
362 1190
362 1315
362 1370
362 1614
362 1738
363 661
363 715
365 367
365 382
365 1263
365 1288
365 1751
365 1757
366 600
366 1110
366 1112
366 1301
366 1554
367 534
367 789
367 997
367 1010
367 1104
367 1461
367 1699
367 1713
368 599
368 632
368 817
368 1207
368 1343
369 784
369 936
369 1170
369 1687
370 432
370 569
370 738
370 754
370 972
370 1002
370 1285
371 1001
371 1086
371 1204
371 1516
371 1520
372 462
372 649
372 918
372 922
372 1061
372 1121
372 1381
372 1518
372 1586
372 1625
373 448
373 1340
373 1620
373 1775
374 445
374 651
374 740
374 994
374 1283
375 497
375 798
375 1086
375 1200
376 554
376 1001
376 1055
376 1107
376 1207
376 1249
376 1269
376 1516
377 392
377 394
377 432
377 606
377 1262
377 1374
377 1643
377 1751
377 1796
378 1495
379 800
379 1082
380 978
380 1061
381 518
381 578
381 594
381 751
381 1058
382 606
382 832
382 1263
382 1288
382 1521
382 1751
382 1757
382 1763
383 626
383 691
383 924
383 988
383 1048
383 1176
383 1414
383 1519
383 1531
383 1723
383 1798
384 549
385 675
385 1124
385 1267
385 1629
385 1634
386 490
386 887
386 1037
386 1451
386 1643
386 1652
387 675
387 1395
388 602
388 702
388 1552
389 561
389 709
389 876
389 944
389 1346
389 1446
390 1192
390 1364
390 1504
390 1792
391 406
391 468
391 577
391 742
391 833
391 849
391 1010
391 1098
391 1155
391 1226
391 1366
391 1428
391 1430
392 394
392 1367
392 1399
392 1722
392 1724
393 879
393 1353
393 1580
393 1638
394 456
394 464
394 1035
394 1489
394 1612
394 1722
394 1724
394 1797
395 655
395 913
395 1029
395 1291
395 1495
395 1789
396 399
396 552
397 601
397 607
397 748
397 1341
397 1385
398 728
398 1096
398 1131
398 1304
399 754
399 1240
399 1285
399 1593
399 1765
400 430
400 781
400 785
400 1097
400 1388
400 1416
400 1557
400 1634
401 645
401 915
402 434
402 866
402 1091
402 1436
403 951
403 1295
403 1752
405 572
405 828
405 1275
405 1536
406 577
406 824
406 926
406 956
406 1010
406 1655
406 1667
406 1727
407 493
407 828
407 1360
407 1566
408 455
408 538
408 625
408 924
408 1221
408 1595
408 1603
408 1659
408 1697
408 1706
409 642
409 1304
410 1052
410 1093
410 1113
410 1230
410 1360
410 1544
410 1617
410 1734
411 504
411 961
411 1094
411 1166
411 1375
411 1546
411 1699
411 1756
411 1791
412 415
412 829
412 1116
412 1447
412 1607
412 1656
413 600
413 603
413 692
413 1168
413 1351
413 1396
413 1656
414 454
415 668
415 1086
415 1265
415 1316
415 1444
415 1607
415 1729
416 493
416 566
416 680
416 797
416 1052
416 1566
417 917
417 1311
417 1400
417 1476
418 946
418 962
418 1707
418 1793
419 659
419 804
419 1251
419 1489
421 926
421 1018
421 1428
421 1595
422 474
422 491
422 671
422 1053
422 1216
422 1509
422 1756
422 1780
423 883
423 1065
423 1229
423 1459
423 1478
425 535
425 664
425 758
425 1244
425 1513
425 1519
425 1583
425 1790
426 688
428 1085
429 495
429 776
429 885
430 476
430 525
430 684
430 770
430 928
430 1013
430 1041
430 1149
430 1175
430 1476
431 614
431 751
432 569
432 973
432 1002
432 1135
432 1672
432 1751
432 1796
433 686
433 958
433 1587
434 475
434 696
434 743
434 905
434 1030
434 1453
434 1610
434 1732
435 1122
436 501
436 630
436 777
436 805
436 960
436 1076
436 1364
436 1388
436 1405
437 746
437 748
437 1002
437 1153
437 1274
437 1341
437 1385
437 1391
437 1449
437 1566
437 1593
437 1622
437 1672
438 880
438 1148
439 740
439 796
439 991
439 997
439 1102
439 1117
439 1297
440 1466
440 1586
440 1625
441 809
442 539
442 1291
442 1465
442 1523
442 1716
443 534
443 561
443 889
443 1281
444 673
444 683
444 1456
444 1515
444 1760
445 552
445 651
445 907
445 993
445 997
445 1014
445 1015
445 1624
446 499
446 560
446 610
446 657
446 878
446 1252
446 1298
446 1301
446 1459
446 1680
447 655
447 661
447 763
447 915
447 982
447 1787
448 634
448 1356
449 1371
449 1491
449 1515
451 659
451 720
451 1038
451 1595
452 620
452 770
452 1175
452 1409
453 674
453 726
453 735
453 785
453 1062
453 1116
454 681
454 843
454 1321
454 1347
454 1376
454 1657
454 1706
455 483
455 924
455 1109
455 1720
456 562
456 567
456 874
456 880
456 1114
456 1122
456 1376
456 1500
457 1133
457 1382
458 745
458 801
458 906
458 1185
458 1446
458 1530
458 1639
458 1731
459 477
459 528
459 722
459 862
459 1128
460 555
460 649
460 650
460 922
460 1061
460 1101
460 1199
460 1358
461 984
461 1023
461 1719
462 649
462 914
462 997
462 1022
462 1061
462 1088
462 1101
462 1285
462 1586
463 757
463 995
463 1420
464 665
464 850
464 1652
465 634
465 972
466 634
466 639
466 1466
467 724
467 1201
467 1266
467 1282
467 1358
467 1715
468 577
468 656
468 833
468 1010
468 1155
468 1727
469 587
469 910
469 948
469 1169
469 1255
469 1342
470 1349
471 477
471 597
471 1129
471 1257
471 1433
471 1619
471 1653
471 1678
472 607
472 1259
472 1274
472 1782
473 1495
474 757
474 1059
474 1144
474 1346
474 1666
475 581
475 821
475 1149
475 1415
475 1470
475 1610
475 1700
476 684
476 928
477 597
477 708
477 1320
477 1383
477 1433
477 1653
478 1034
478 1412
478 1677
479 924
480 1030
481 1476
481 1582
482 884
483 681
483 810
484 1398
485 487
485 562
485 955
485 1000
486 595
486 1004
486 1423
486 1535
487 978
487 1035
487 1038
487 1489
487 1668
487 1750
487 1797
488 1162
488 1227
488 1370
488 1469
488 1487
488 1614
488 1738
489 496
489 1047
489 1111
489 1402
489 1422
490 810
490 887
490 1139
490 1451
490 1643
490 1644
491 504
491 714
491 961
491 1479
491 1570
491 1582
491 1702
491 1756
492 1059
493 566
493 828
493 859
493 936
493 1129
494 1063
494 1501
495 776
495 885
495 1322
496 854
496 1217
496 1402
496 1527
496 1549
497 798
497 1200
497 1394
498 854
498 1775
499 510
499 632
499 647
499 703
499 710
499 854
499 979
499 1224
499 1428
499 1549
499 1571
499 1577
499 1615
499 1794
500 1287
501 510
501 512
501 716
501 719
501 960
501 1678
501 1794
502 611
502 1588
503 581
503 676
504 642
504 1279
504 1296
504 1375
504 1575
504 1582
504 1756
505 544
505 725
505 823
505 955
505 1115
505 1241
505 1532
505 1559
506 563
506 791
506 892
506 925
506 999
506 1456
508 589
509 1330
509 1646
510 632
510 647
510 697
510 710
510 743
510 864
510 869
510 1228
510 1329
510 1397
511 1053
511 1258
511 1324
511 1420
512 647
512 710
512 864
512 986
512 1546
512 1656
513 733
513 884
514 613
514 920
514 1105
514 1299
514 1617
514 1734
515 664
515 817
515 920
515 1618
516 667
516 1683
517 722
517 919
517 1200
517 1249
517 1589
518 541
518 581
518 619
518 682
518 689
518 1172
518 1738
519 658
519 1185
519 1446
519 1530
519 1639
521 829
522 1176
522 1452
522 1484
523 634
523 1122
523 1559
523 1688
525 869
525 1079
525 1224
525 1228
525 1244
525 1393
525 1786
526 936
527 936
527 1225
527 1469
528 597
528 722
528 941
528 949
528 1491
528 1669
529 668
530 575
530 810
530 901
530 912
530 1493
530 1559
532 941
532 1126
532 1151
533 589
533 676
533 831
533 1074
533 1529
534 797
534 813
534 994
534 997
534 1009
534 1550
534 1785
535 758
535 1244
536 1233
536 1302
536 1313
536 1417
537 730
537 1050
538 625
538 677
538 702
538 926
538 1070
538 1259
538 1555
538 1595
538 1603
538 1750
539 699
539 745
539 906
539 1689
539 1789
540 734
540 758
540 766
540 777
540 1096
540 1364
540 1397
541 682
541 758
541 866
541 898
541 1007
541 1062
541 1085
541 1172
541 1452
542 596
542 934
542 964
542 1536
543 618
543 1035
543 1139
543 1251
544 725
544 1331
545 900
546 775
546 1042
546 1505
547 670
547 955
547 992
547 1114
547 1493
549 847
549 948
549 1080
549 1210
549 1495
549 1689
550 751
550 1172
550 1436
551 894
551 908
551 1709
552 651
552 907
552 1014
552 1283
553 651
553 740
553 1177
553 1358
553 1710
553 1765
554 1001
554 1107
554 1269
554 1361
554 1516
554 1594
555 996
555 1013
555 1199
555 1358
556 919
556 1204
556 1371
556 1433
556 1520
557 1001
557 1086
557 1204
557 1361
557 1516
558 559
558 740
558 1327
559 897
559 1394
559 1584
559 1620
559 1691
560 581
560 610
560 660
560 731
560 742
560 743
560 878
560 930
560 951
560 1453
560 1463
560 1492
560 1695
561 876
561 944
561 1446
562 921
562 1122
562 1451
562 1478
562 1489
563 925
563 945
563 999
563 1093
563 1117
563 1544
563 1719
564 611
564 938
564 1563
564 1682
564 1695
564 1744
566 606
566 1113
566 1264
566 1492
567 1167
567 1221
567 1319
568 620
568 1066
568 1703
569 842
569 973
569 1796
570 1432
570 1557
572 787
572 1154
573 811
573 1006
573 1080
574 746
574 752
574 966
574 1091
574 1156
574 1482
575 670
575 912
575 1109
575 1251
575 1725
576 812
576 867
576 868
576 971
576 975
576 978
576 1456
576 1743
577 768
577 833
577 1155
577 1430
577 1455
578 865
578 866
578 1798
579 1219
579 1724
580 1036
580 1630
581 635
581 675
581 755
581 758
581 775
581 979
581 1043
581 1309
581 1482
581 1519
581 1588
581 1615
581 1693
583 631
583 639
584 904
584 1656
584 1755
585 629
585 1689
586 875
586 1016
586 1047
586 1344
586 1611
586 1632
587 910
587 1255
587 1302
587 1464
588 626
588 976
588 988
588 1112
588 1152
588 1176
588 1193
588 1405
588 1479
588 1519
588 1582
588 1785
589 1676
590 591
590 954
590 995
590 1498
590 1718
591 1056
591 1477
591 1620
592 857
592 993
592 997
592 1148
592 1297
592 1522
593 725
593 978
594 1216
594 1296
594 1791
595 947
595 1535
595 1596
595 1745
596 1142
596 1275
596 1284
596 1343
596 1490
596 1704
597 1239
597 1257
597 1320
597 1383
597 1416
597 1433
597 1653
598 826
598 1281
598 1740
599 998
599 1136
599 1654
600 603
600 692
600 761
600 1323
600 1384
600 1511
600 1692
600 1721
600 1736
601 826
601 1169
601 1446
601 1742
602 976
602 986
602 992
602 1072
602 1090
602 1226
602 1412
602 1493
602 1546
602 1575
603 692
603 693
603 806
603 1110
603 1452
603 1484
603 1554
603 1721
603 1723
603 1736
605 1678
605 1726
605 1754
606 671
606 706
606 712
606 825
606 931
606 1288
606 1294
606 1312
606 1494
606 1751
607 748
607 1155
608 1210
608 1328
608 1689
609 689
609 898
610 615
610 642
610 1193
610 1296
610 1304
610 1396
610 1579
610 1702
610 1791
611 721
611 855
611 989
611 1418
611 1588
612 630
612 838
612 1046
612 1097
612 1585
613 936
613 1052
613 1105
613 1284
613 1340
613 1360
613 1734
614 751
614 1193
614 1582
615 701
615 1307
616 694
616 700
616 1066
616 1349
616 1463
616 1664
617 688
617 727
617 1156
618 725
618 738
618 954
618 1035
618 1134
618 1520
618 1672
620 759
620 775
620 1063
620 1149
620 1193
620 1325
620 1400
621 1000
621 1399
621 1486
623 820
623 982
623 1495
623 1728
624 813
624 1197
624 1375
624 1420
625 804
625 901
625 1376
625 1674
626 1193
626 1420
628 777
628 1581
628 1629
629 906
629 1310
630 1130
630 1149
630 1453
630 1585
631 1367
632 645
632 696
632 697
632 979
632 1090
632 1577
633 1167
633 1450
634 978
634 1262
634 1324
634 1500
634 1643
634 1694
635 775
635 869
635 1227
635 1228
635 1400
635 1786
636 770
637 1472
637 1677
637 1749
638 660
638 891
638 927
638 953
638 1085
638 1624
639 1205
639 1251
640 859
640 943
640 1093
640 1135
640 1153
640 1274
640 1340
640 1401
640 1655
641 1251
641 1398
642 1060
642 1442
643 866
643 1492
644 758
644 802
644 1091
644 1756
645 657
645 1094
645 1252
645 1526
646 1059
646 1110
646 1164
647 697
647 710
647 764
647 864
647 1563
647 1670
648 753
648 860
648 929
648 1198
648 1420
648 1796
649 914
649 922
649 1011
649 1061
649 1121
649 1205
649 1206
649 1518
650 1022
652 930
652 1490
652 1654
652 1686
653 994
653 1283
654 724
654 857
654 1266
654 1283
654 1660
654 1715
654 1765
655 661
655 872
655 915
655 1006
655 1187
655 1195
655 1276
655 1495
655 1787
656 926
656 942
656 1428
656 1674
656 1681
656 1725
656 1727
656 1774
657 1749
659 670
659 887
659 1372
659 1431
659 1552
659 1714
660 1085
660 1269
660 1769
661 669
661 715
661 763
661 1787
663 872
663 1006
663 1465
663 1523
663 1789
664 1583
665 1466
665 1541
665 1793
666 695
666 898
666 1329
666 1434
666 1462
669 788
669 1380
670 759
670 886
670 903
670 1044
670 1070
670 1109
670 1431
670 1492
670 1697
671 931
671 1751
672 697
672 1027
672 1503
673 812
673 867
673 971
674 1019
674 1062
674 1278
675 1475
675 1529
675 1685
676 764
676 1016
676 1529
676 1611
676 1680
677 804
677 1048
677 1595
679 882
679 1015
679 1059
680 1297
680 1344
680 1371
680 1521
680 1764
681 810
681 1063
682 1172
683 739
684 770
684 928
684 1013
684 1041
685 848
685 1231
685 1572
686 721
686 783
686 958
686 1132
686 1569
686 1587
686 1600
686 1602
688 727
688 985
688 1761
689 731
690 855
690 1068
690 1163
690 1744
691 985
691 1392
691 1461
691 1492
691 1646
691 1780
692 1164
692 1421
692 1546
692 1554
693 1597
694 803
694 1039
694 1095
694 1664
694 1685
694 1732
695 1224
696 768
696 885
696 905
696 1402
697 743
697 764
697 864
697 878
697 1108
697 1211
697 1386
697 1567
697 1574
698 770
698 877
698 1039
698 1349
699 1103
699 1512
699 1788
700 838
700 1434
701 1304
701 1307
701 1785
702 1226
702 1674
702 1727
703 989
703 1309
703 1548
703 1635
703 1703
703 1747
704 736
704 877
704 1163
704 1695
704 1744
705 1777
706 832
706 1288
706 1359
706 1494
706 1522
706 1678
706 1743
706 1751
706 1763
707 1043
707 1402
707 1588
707 1610
707 1747
708 799
708 890
708 977
708 1340
708 1371
708 1383
708 1474
708 1651
709 788
709 1464
710 864
710 901
710 979
710 1111
710 1615
712 825
712 931
712 1031
712 1087
712 1211
712 1686
712 1795
713 770
713 807
713 1039
713 1475
714 842
714 990
714 1336
714 1434
714 1582
715 750
715 847
715 1342
716 885
716 1299
716 1390
716 1394
716 1413
716 1515
718 747
718 760
718 948
718 1362
719 735
719 1179
719 1307
719 1397
719 1794
720 1060
720 1350
721 989
721 1298
721 1422
721 1558
722 829
722 897
722 1128
722 1669
724 786
724 857
724 1102
724 1201
724 1266
724 1282
724 1358
724 1715
725 1035
725 1237
725 1568
726 1252
726 1726
727 1091
727 1723
728 961
728 1090
728 1131
728 1425
728 1479
728 1575
729 1183
729 1470
729 1675
730 806
730 1085
730 1111
730 1343
731 878
731 1277
731 1298
731 1453
731 1459
731 1463
731 1680
733 884
735 756
735 817
735 1116
735 1303
735 1618
735 1629
735 1634
735 1693
736 870
736 877
736 1057
736 1163
736 1695
736 1744
737 886
737 1321
738 888
738 1134
738 1173
738 1246
738 1449
738 1454
738 1672
739 1001
739 1086
739 1181
739 1269
740 968
740 991
740 996
740 1014
740 1203
740 1283
740 1361
740 1710
741 904
741 1140
741 1264
741 1684
741 1690
741 1738
742 754
742 833
742 1010
742 1098
742 1135
742 1366
742 1428
742 1672
743 878
743 1211
743 1386
743 1463
743 1563
743 1574
743 1664
743 1703
744 1612
744 1759
744 1797
745 790
745 906
745 1006
745 1024
745 1313
745 1495
745 1497
745 1580
745 1639
745 1731
746 1112
747 760
747 1362
748 754
748 1002
748 1385
748 1391
748 1622
748 1774
749 995
749 1248
749 1722
750 1495
752 866
752 1193
752 1414
752 1519
752 1674
753 796
753 1186
753 1199
753 1387
754 824
754 833
754 878
754 1155
754 1453
754 1622
755 1116
755 1314
755 1429
755 1474
756 1596
756 1680
757 1198
757 1346
757 1348
757 1420
757 1553
757 1616
757 1767
758 953
758 1079
758 1227
758 1278
758 1756
759 903
759 1520
759 1674
759 1697
760 1362
760 1389
760 1464
760 1740
761 1698
762 1219
762 1303
763 1787
764 1108
764 1303
764 1529
764 1567
764 1579
765 831
765 950
765 1219
765 1245
765 1443
765 1664
766 1050
766 1364
767 841
767 1180
767 1379
768 1227
768 1335
768 1388
768 1783
769 792
769 1365
769 1499
770 821
770 917
770 1005
770 1149
770 1322
770 1400
770 1422
770 1558
770 1703
770 1752
770 1767
771 1012
771 1127
771 1317
771 1338
772 1524
773 969
773 1409
773 1748
774 1040
774 1469
774 1487
774 1738
775 821
775 1005
775 1236
775 1322
775 1400
775 1767
776 885
776 984
777 1244
777 1364
777 1549
778 829
778 949
778 1343
779 933
779 988
779 1480
780 1002
780 1173
780 1274
780 1672
781 1030
781 1322
781 1388
782 1187
782 1353
783 908
783 1144
783 1527
783 1547
783 1615
783 1709
784 859
784 1008
784 1308
784 1522
784 1687
784 1689
785 905
785 1388
785 1521
786 857
786 1266
786 1332
787 920
787 1031
787 1128
787 1369
787 1539
788 1534
788 1637
788 1663
788 1788
789 821
789 1104
789 1653
789 1739
790 879
790 1006
790 1029
790 1195
790 1495
790 1497
791 857
791 892
791 925
791 997
791 999
791 1059
791 1117
791 1283
791 1687
791 1739
792 1250
792 1413
792 1508
793 1288
793 1522
793 1755
794 1344
795 915
795 1029
795 1103
795 1637
795 1689
796 1092
796 1117
796 1186
796 1297
796 1387
797 880
797 1008
797 1012
797 1077
797 1184
797 1424
797 1617
797 1687
797 1689
798 1265
798 1343
798 1394
798 1437
798 1584
798 1607
798 1650
798 1713
799 949
799 977
799 1373
799 1456
799 1474
799 1491
799 1670
799 1773
800 968
800 1082
800 1088
800 1177
800 1518
800 1750
801 944
801 1169
801 1530
801 1639
801 1731
802 1459
803 807
803 980
803 1095
803 1475
803 1675
804 843
804 1038
804 1595
805 1076
805 1120
805 1162
805 1244
805 1365
805 1388
806 1179
806 1508
807 831
807 1179
807 1475
807 1585
807 1703
808 1089
808 1436
808 1563
810 912
810 1063
810 1457
810 1485
810 1552
811 820
811 848
811 1024
811 1353
811 1497
811 1572
811 1580
812 867
812 1031
812 1515
812 1738
815 1142
815 1651
817 911
817 952
817 984
817 1116
817 1544
817 1618
818 979
818 1019
818 1460
818 1549
819 1187
819 1195
819 1689
820 1024
820 1187
820 1353
820 1572
821 1226
821 1242
821 1287
821 1442
822 1034
822 1318
822 1327
823 1351
823 1420
823 1502
824 882
824 995
824 1033
824 1165
824 1459
824 1555
824 1683
824 1724
825 931
825 934
825 1031
825 1312
825 1316
825 1477
825 1535
825 1539
825 1654
825 1795
826 948
826 1302
826 1740
827 1235
827 1539
827 1690
827 1753
828 1129
828 1284
828 1344
828 1778
829 1004
829 1447
829 1584
829 1607
829 1620
830 1694
831 984
831 1027
831 1443
832 932
832 1142
832 1242
832 1263
832 1288
832 1614
832 1757
832 1763
833 961
833 1098
833 1135
833 1155
834 1065
834 1376
835 1065
838 1097
838 1191
840 841
840 924
840 1176
840 1279
840 1442
840 1640
840 1702
841 1492
842 1010
842 1681
843 1321
843 1657
844 1373
844 1539
844 1734
845 1730
846 1289
847 1787
848 1024
848 1210
848 1231
848 1380
848 1572
848 1788
849 1655
849 1734
850 1326
850 1568
850 1652
850 1759
850 1777
851 1077
851 1141
851 1184
851 1246
852 855
852 877
852 1074
852 1511
852 1744
853 857
853 997
854 1133
854 1175
854 1270
854 1309
854 1549
854 1747
855 877
855 1004
855 1536
855 1588
855 1590
855 1744
856 858
856 1092
856 1225
856 1317
856 1510
857 997
857 1009
857 1014
857 1102
857 1104
857 1148
857 1203
857 1206
857 1282
857 1739
857 1765
858 1690
859 943
859 1093
859 1230
859 1344
859 1669
860 1225
860 1396
860 1571
861 1003
861 1652
861 1793
862 1390
862 1491
864 1397
865 866
865 1089
865 1673
866 1091
866 1301
866 1421
866 1436
866 1705
867 868
867 1758
867 1790
868 999
868 1314
869 1079
869 1228
869 1329
869 1453
869 1629
869 1634
870 1463
870 1781
871 969
871 1598
871 1748
872 915
872 1080
872 1187
872 1195
873 900
873 905
873 928
873 1013
873 1046
873 1097
873 1227
873 1418
873 1423
873 1453
873 1633
874 1259
874 1431
874 1706
874 1726
875 1047
875 1611
876 956
876 1545
877 878
877 1443
877 1511
877 1588
877 1695
877 1744
878 984
878 1087
878 1254
878 1298
878 1304
878 1453
878 1463
878 1492
878 1588
878 1680
878 1695
878 1781
879 982
879 1244
879 1339
880 1189
880 1308
880 1617
881 1520
882 923
882 924
882 1146
883 1259
883 1398
884 1112
884 1336
885 1413
886 1377
886 1459
886 1528
887 972
887 1037
887 1643
888 1153
888 1274
888 1391
888 1455
892 925
892 999
892 1059
892 1687
894 908
894 1356
894 1709
894 1773
897 1394
897 1477
898 1046
898 1364
898 1462
900 1175
900 1633
901 1114
901 1139
901 1259
901 1674
901 1697
901 1725
902 1074
902 1514
902 1703
903 1018
903 1070
903 1109
903 1431
903 1697
904 1242
905 928
905 1013
905 1030
905 1042
906 1495
906 1497
906 1731
907 993
907 1117
907 1498
908 1083
908 1329
908 1709
909 1124
909 1182
909 1267
909 1423
909 1535
909 1613
911 920
911 1116
911 1618
911 1647
911 1790
912 1103
912 1402
912 1552
914 1061
915 1195
915 1291
915 1787
916 1210
917 1422
917 1703
917 1767
918 922
918 1045
918 1061
918 1518
920 977
920 1494
920 1647
920 1790
921 1003
921 1018
921 1070
921 1146
921 1333
921 1573
922 1045
922 1101
922 1518
922 1586
922 1625
923 1018
923 1451
924 1100
924 1334
924 1595
925 999
925 1424
925 1456
926 942
926 1428
926 1430
926 1457
926 1502
926 1655
926 1659
926 1725
926 1727
927 953
927 1557
927 1624
927 1791
928 1633
929 1082
929 1399
930 934
930 1133
930 1369
931 1031
931 1239
931 1312
931 1316
931 1539
931 1669
931 1795
932 1642
933 988
933 1193
933 1480
934 1087
934 1260
934 1312
934 1369
934 1494
934 1654
935 1670
936 1093
936 1235
936 1666
936 1734
937 1338
937 1357
937 1656
938 1209
938 1599
938 1664
939 1635
941 1098
941 1126
941 1299
941 1669
941 1678
942 1150
942 1368
942 1428
942 1674
942 1681
942 1727
943 1093
943 1153
943 1230
943 1344
943 1449
945 1093
945 1230
946 1324
947 989
947 1214
948 974
948 1054
948 1273
948 1389
950 1025
950 1535
950 1732
950 1752
951 1132
951 1602
951 1605
951 1752
952 998
952 1373
952 1571
953 1043
953 1227
953 1585
953 1624
954 1117
954 1387
954 1498
955 966
955 1115
955 1241
955 1334
955 1502
956 1169
956 1271
958 1132
958 1483
958 1587
958 1602
959 1060
959 1412
961 1090
961 1131
961 1629
961 1634
961 1702
962 1454
963 1408
963 1473
963 1682
963 1723
964 1154
964 1220
966 1452
966 1484
968 1014
968 1104
969 1290
969 1748
971 1001
971 1083
971 1770
973 1002
975 1239
976 1090
976 1193
976 1440
976 1575
977 1126
977 1223
977 1340
977 1647
977 1743
978 1237
978 1262
979 1005
979 1615
980 1095
980 1130
980 1628
980 1661
981 1311
981 1335
981 1693
982 1495
982 1626
982 1787
983 1626
984 1087
984 1116
984 1403
984 1463
984 1481
984 1508
984 1585
984 1618
986 1021
986 1090
986 1188
986 1509
986 1517
986 1575
986 1798
987 1672
987 1751
988 1193
988 1480
989 1258
989 1422
989 1558
990 1112
990 1336
990 1434
990 1633
990 1705
991 994
991 1283
992 1063
992 1072
992 1259
992 1412
992 1459
993 1117
993 1283
994 1283
994 1520
995 1034
995 1186
997 1009
997 1102
997 1201
997 1203
997 1206
997 1739
998 1654
998 1718
999 1240
999 1283
999 1593
999 1710
999 1765
1000 1186
1000 1486
1000 1627
1000 1793
1001 1269
1001 1283
1001 1361
1002 1135
1002 1240
1002 1606
1003 1722
1004 1066
1004 1423
1004 1536
1005 1041
1005 1149
1005 1476
1005 1548
1005 1615
1005 1747
1006 1626
1006 1788
1007 1209
1007 1238
1007 1538
1008 1164
1008 1170
1008 1189
1008 1687
1008 1772
1009 1012
1009 1102
1009 1201
1009 1739
1010 1428
1010 1430
1011 1177
1011 1765
1012 1127
1012 1225
1012 1263
1012 1571
1013 1369
1014 1015
1014 1283
1016 1467
1016 1752
1017 1265
1017 1713
1017 1717
1018 1070
1018 1109
1018 1431
1018 1697
1020 1173
1022 1100
1022 1122
1022 1205
1022 1541
1022 1586
1023 1083
1023 1709
1024 1195
1024 1353
1024 1495
1024 1497
1025 1178
1026 1071
1026 1747
1027 1503
1027 1753
1027 1769
1029 1080
1029 1210
1029 1231
1029 1510
1029 1534
1029 1542
1030 1046
1030 1564
1031 1137
1031 1275
1031 1686
1031 1795
1034 1037
1035 1237
1035 1665
1035 1759
1037 1146
1037 1374
1038 1205
1038 1714
1039 1475
1040 1140
1040 1315
1040 1469
1040 1487
1040 1614
1040 1669
1041 1577
1041 1651
1041 1747
1042 1046
1043 1123
1043 1311
1043 1347
1044 1051
1044 1301
1044 1492
1044 1531
1046 1110
1046 1130
1046 1408
1047 1611
1047 1632
1047 1680
1048 1112
1048 1156
1048 1517
1048 1519
1048 1595
1049 1331
1049 1392
1049 1553
1050 1554
1051 1304
1053 1111
1054 1389
1054 1740
1055 1269
1056 1086
1057 1298
1058 1798
1059 1189
1059 1553
1059 1640
1060 1221
1060 1350
1060 1555
1061 1101
1061 1285
1061 1518
1063 1458
1063 1532
1063 1665
1065 1658
1066 1536
1066 1549
1067 1674
1068 1306
1068 1506
1069 1163
1069 1405
1070 1431
1070 1674
1070 1697
1071 1175
1071 1786
1072 1412
1072 1439
1073 1680
1074 1192
1074 1695
1074 1792
1075 1709
1075 1771
1076 1144
1076 1365
1076 1729
1077 1308
1077 1320
1077 1424
1077 1764
1078 1545
1079 1228
1079 1393
1080 1353
1080 1728
1080 1779
1082 1114
1082 1451
1082 1665
1083 1286
1083 1515
1083 1770
1084 1655
1084 1674
1085 1111
1085 1605
1085 1752
1086 1265
1086 1269
1087 1207
1087 1245
1087 1422
1087 1490
1087 1711
1088 1177
1089 1436
1089 1563
1090 1226
1090 1441
1090 1442
1090 1502
1090 1575
1090 1656
1090 1736
1091 1158
1091 1193
1091 1436
1091 1482
1093 1230
1093 1294
1093 1360
1093 1617
1093 1669
1093 1689
1094 1158
1094 1166
1094 1304
1094 1375
1095 1628
1097 1388
1098 1366
1100 1284
1100 1451
1100 1541
1101 1285
1101 1518
1102 1201
1102 1203
1102 1206
1102 1739
1102 1771
1103 1231
1103 1637
1103 1788
1103 1793
1104 1189
1104 1206
1104 1371
1104 1407
1104 1666
1104 1710
1105 1159
1105 1284
1105 1619
1105 1734
1107 1269
1107 1361
1107 1594
1107 1620
1108 1238
1108 1295
1108 1467
1108 1560
1108 1567
1109 1167
1109 1319
1109 1457
1110 1301
1110 1419
1110 1546
1111 1397
1111 1427
1111 1560
1111 1629
1111 1794
1112 1336
1112 1406
1112 1416
1112 1522
1112 1750
1113 1354
1113 1469
1113 1648
1114 1259
1114 1290
1115 1241
1115 1367
1121 1625
1122 1189
1122 1449
1124 1267
1124 1613
1126 1129
1126 1148
1126 1223
1126 1340
1126 1617
1126 1669
1126 1773
1128 1247
1129 1239
1129 1617
1129 1619
1129 1734
1130 1149
1130 1400
1130 1585
1131 1425
1131 1570
1131 1756
1132 1587
1133 1303
1133 1369
1133 1370
1133 1527
1133 1614
1134 1555
1134 1645
1134 1668
1135 1366
1137 1211
1137 1670
1139 1478
1140 1294
1140 1315
1140 1690
1142 1651
1143 1484
1143 1492
1143 1526
1143 1537
1143 1603
1144 1268
1144 1365
1144 1515
1144 1729
1145 1292
1146 1374
1146 1652
1146 1714
1148 1153
1148 1739
1148 1784
1149 1270
1149 1400
1149 1415
1149 1476
1149 1549
1151 1299
1151 1322
1153 1274
1153 1341
1153 1385
1153 1647
1155 1324
1155 1430
1155 1593
1156 1336
1156 1453
1158 1421
1159 1432
1159 1476
1159 1525
1160 1544
1161 1162
1161 1569
1162 1474
1164 1170
1164 1194
1164 1261
1164 1739
1166 1304
1166 1375
1166 1426
1170 1756
1173 1301
1173 1385
1173 1391
1173 1566
1173 1622
1173 1672
1173 1674
1174 1390
1174 1418
1174 1583
1174 1709
1175 1557
1175 1675
1176 1192
1176 1415
1176 1440
1176 1479
1176 1519
1176 1582
1176 1646
1176 1785
1177 1337
1177 1688
1177 1715
1179 1382
1179 1460
1179 1527
1182 1267
1183 1304
1183 1470
1184 1424
1184 1521
1184 1617
1185 1639
1186 1387
1186 1668
1187 1195
1187 1495
1188 1216
1188 1253
1188 1509
1189 1360
1189 1660
1189 1687
1189 1772
1190 1252
1190 1370
1190 1452
1190 1469
1190 1614
1190 1684
1191 1335
1192 1504
1192 1792
1193 1405
1193 1414
1193 1480
1193 1673
1194 1330
1194 1634
1195 1353
1195 1580
1195 1787
1196 1700
1197 1384
1197 1517
1197 1692
1198 1213
1198 1215
1198 1427
1198 1472
1199 1282
1201 1206
1201 1739
1202 1266
1203 1710
1205 1759
1205 1797
1206 1207
1206 1714
1206 1739
1207 1343
1207 1711
1209 1536
1210 1328
1210 1497
1210 1638
1210 1787
1211 1386
1211 1574
1211 1589
1211 1735
1212 1243
1212 1481
1212 1591
1213 1399
1214 1563
1214 1605
1216 1509
1216 1694
1217 1557
1217 1590
1219 1400
1221 1350
1221 1627
1223 1647
1224 1548
1224 1747
1225 1317
1225 1751
1226 1422
1226 1546
1226 1575
1228 1393
1228 1629
1228 1634
1229 1324
1230 1284
1230 1617
1230 1734
1230 1743
1231 1380
1231 1572
1231 1788
1233 1446
1233 1450
1235 1496
1236 1306
1238 1563
1238 1567
1239 1320
1239 1433
1239 1619
1239 1653
1240 1285
1240 1593
1240 1765
1241 1376
1241 1793
1242 1684
1242 1751
1243 1499
1244 1408
1244 1513
1244 1597
1245 1382
1246 1541
1246 1566
1246 1737
1247 1249
1247 1691
1248 1555
1248 1767
1249 1361
1249 1516
1250 1330
1250 1583
1250 1635
1251 1318
1251 1759
1252 1406
1252 1425
1252 1780
1253 1484
1254 1284
1254 1490
1254 1548
1254 1747
1255 1417
1255 1464
1258 1462
1259 1350
1259 1428
1261 1351
1263 1288
1263 1763
1264 1363
1264 1684
1264 1690
1264 1738
1265 1394
1265 1437
1265 1718
1266 1282
1266 1660
1267 1613
1267 1661
1268 1330
1269 1277
1269 1361
1269 1423
1269 1437
1269 1516
1270 1549
1270 1557
1271 1446
1273 1389
1274 1293
1274 1341
1274 1401
1274 1622
1275 1284
1275 1514
1276 1342
1277 1411
1277 1680
1278 1311
1278 1630
1279 1479
1281 1464
1282 1358
1283 1660
1284 1491
1284 1548
1284 1670
1284 1734
1285 1593
1285 1765
1286 1515
1286 1770
1288 1522
1288 1757
1288 1763
1290 1324
1290 1376
1290 1398
1290 1459
1291 1465
1291 1523
1292 1337
1292 1616
1295 1448
1295 1752
1296 1392
1297 1719
1298 1599
1299 1312
1299 1365
1299 1469
1299 1487
1299 1618
1299 1743
1300 1560
1300 1609
1301 1406
1302 1313
1303 1535
1303 1579
1304 1375
1304 1440
1304 1531
1305 1479
1305 1532
1305 1551
1305 1714
1308 1320
1308 1424
1308 1449
1309 1549
1309 1615
1310 1507
1310 1544
1310 1566
1312 1494
1312 1539
1312 1614
1312 1618
1312 1738
1312 1757
1314 1344
1315 1370
1315 1669
1316 1444
1317 1666
1317 1690
1320 1424
1320 1653
1321 1502
1321 1601
1321 1657
1322 1365
1323 1511
1323 1582
1323 1798
1324 1325
1324 1455
1324 1502
1324 1634
1324 1723
1325 1486
1325 1502
1325 1677
1325 1749
1326 1348
1327 1714
1328 1495
1329 1605
1331 1524
1331 1553
1333 1439
1334 1459
1334 1595
1336 1434
1336 1582
1336 1705
1340 1773
1341 1385
1341 1391
1341 1566
1341 1622
1343 1548
1343 1619
1344 1669
1344 1672
1346 1399
1348 1399
1348 1472
1349 1732
1351 1396
1351 1640
1353 1572
1353 1580
1354 1544
1356 1709
1357 1755
1358 1715
1359 1648
1360 1592
1360 1734
1361 1516
1362 1389
1363 1368
1363 1690
1363 1796
1364 1397
1364 1402
1364 1486
1364 1569
1365 1487
1365 1494
1365 1579
1365 1729
1366 1428
1366 1430
1366 1655
1367 1573
1367 1644
1367 1762
1368 1656
1368 1666
1368 1684
1368 1690
1369 1453
1369 1494
1369 1614
1369 1654
1370 1451
1370 1469
1370 1738
1370 1743
1371 1416
1371 1491
1371 1520
1371 1670
1373 1510
1377 1720
1380 1637
1381 1466
1381 1625
1383 1416
1383 1433
1383 1653
1383 1711
1385 1391
1385 1401
1385 1566
1385 1622
1386 1463
1386 1502
1387 1427
1388 1570
1388 1685
1389 1545
1389 1740
1390 1394
1390 1447
1390 1491
1391 1401
1391 1622
1391 1774
1392 1736
1393 1549
1394 1437
1394 1447
1394 1583
1394 1584
1397 1769
1397 1794
1398 1603
1399 1420
1399 1427
1399 1553
1399 1591
1399 1683
1400 1432
1400 1453
1400 1693
1401 1566
1401 1622
1401 1774
1402 1416
1402 1422
1402 1794
1405 1440
1406 1421
1406 1708
1408 1597
1412 1431
1412 1714
1413 1565
1413 1641
1414 1519
1415 1432
1415 1470
1415 1476
1415 1610
1416 1548
1416 1596
1416 1675
1416 1693
1417 1464
1417 1687
1417 1742
1418 1583
1418 1783
1420 1454
1420 1793
1421 1426
1422 1527
1422 1536
1422 1558
1423 1567
1423 1680
1423 1703
1426 1436
1427 1616
1428 1528
1428 1681
1428 1725
1428 1727
1429 1624
1430 1455
1430 1528
1430 1727
1431 1730
1432 1476
1433 1456
1433 1653
1435 1523
1436 1482
1436 1708
1438 1490
1438 1645
1439 1706
1441 1517
1442 1517
1442 1702
1442 1785
1444 1605
1447 1584
1447 1607
1447 1654
1449 1541
1449 1737
1450 1730
1451 1652
1452 1484
1452 1767
1453 1463
1456 1710
1457 1459
1457 1749
1457 1793
1459 1528
1459 1680
1459 1793
1460 1577
1460 1615
1463 1492
1465 1523
1465 1714
1466 1586
1466 1625
1466 1712
1467 1697
1468 1513
1469 1487
1469 1614
1469 1738
1472 1777
1473 1723
1474 1539
1476 1548
1476 1581
1477 1496
1477 1539
1477 1620
1478 1667
1479 1481
1479 1582
1481 1582
1481 1692
1481 1752
1483 1560
1483 1600
1483 1671
1485 1652
1486 1528
1487 1614
1487 1738
1488 1724
1490 1686
1491 1670
1491 1711
1493 1561
1494 1536
1494 1654
1495 1497
1495 1638
1497 1638
1498 1718
1499 1693
1500 1501
1500 1722
1501 1714
1504 1630
1504 1792
1507 1754
1508 1583
1508 1597
1509 1693
1509 1756
1510 1542
1511 1708
1512 1692
1512 1728
1514 1711
1515 1770
1516 1520
1517 1721
1518 1586
1518 1625
1519 1646
1519 1723
1520 1589
1520 1796
1521 1608
1521 1634
1521 1751
1521 1764
1524 1706
1524 1714
1526 1578
1526 1756
1527 1531
1527 1588
1527 1590
1528 1655
1528 1681
1528 1727
1529 1611
1531 1576
1531 1705
1531 1723
1534 1572
1534 1663
1534 1779
1539 1795
1541 1742
1542 1717
1544 1656
1544 1719
1546 1756
1547 1571
1547 1608
1548 1747
1548 1791
1550 1593
1550 1785
1552 1559
1552 1727
1553 1591
1555 1673
1555 1683
1555 1724
1555 1750
1559 1677
1559 1688
1566 1622
1569 1571
1570 1674
1570 1785
1571 1666
1575 1681
1576 1595
1576 1664
1576 1708
1577 1579
1581 1615
1584 1607
1586 1625
1587 1602
1588 1590
1591 1696
1591 1699
1591 1739
1592 1704
1592 1775
1592 1778
1593 1606
1593 1765
1596 1745
1598 1730
1605 1752
1608 1751
1610 1703
1611 1632
1612 1650
1612 1750
1613 1708
1614 1738
1615 1675
1617 1734
1617 1735
1619 1734
1623 1629
1623 1634
1626 1787
1627 1730
1627 1756
1628 1661
1637 1779
1637 1788
1639 1731
1643 1644
1643 1652
1643 1796
1646 1721
1649 1746
1652 1797
1655 1681
1655 1727
1657 1677
1663 1692
1664 1732
1665 1688
1673 1708
1673 1761
1673 1798
1674 1727
1676 1789
1681 1725
1684 1738
1685 1700
1687 1772
1691 1704
1691 1778
1692 1728
1692 1779
1692 1788
1695 1744
1700 1741
1702 1756
1704 1778
1706 1726
1706 1748
1709 1771
1714 1750
1715 1771
1721 1736
1725 1727
1728 1779
1728 1789
1743 1751
1745 1775
1757 1763
1759 1797
1761 1798
1770 1771
