#num-nodes
876
#num-links
3005
#links
0 148
0 259
0 364
0 371
1 23
1 64
1 278
1 311
1 377
2 20
2 110
2 138
2 196
2 329
2 333
2 336
2 391
2 401
3 101
3 124
3 203
3 307
3 346
3 350
3 416
3 419
4 23
4 64
4 82
4 222
4 235
4 278
4 308
4 323
4 377
5 21
5 77
5 89
5 133
5 223
5 276
5 296
5 343
5 382
5 399
6 100
6 342
7 28
7 57
7 142
7 189
7 229
7 245
7 259
7 269
7 279
7 281
7 374
7 388
8 146
8 147
8 206
8 261
8 310
8 338
8 387
9 43
9 47
9 60
9 120
9 151
9 222
9 235
9 304
9 323
10 55
10 66
10 71
10 83
10 153
10 165
10 225
10 256
10 315
11 12
11 55
11 223
11 287
11 365
12 112
12 160
12 163
12 256
13 59
13 108
13 187
13 206
13 233
13 387
14 34
14 59
14 71
14 101
14 108
14 127
14 206
14 233
14 272
14 303
14 329
14 348
14 387
14 397
15 112
15 211
15 225
15 256
15 340
15 366
15 369
15 377
16 20
16 129
16 149
16 161
16 183
16 255
16 268
16 350
16 419
16 422
17 65
17 166
17 196
18 26
18 32
18 43
18 118
18 133
18 152
18 157
18 209
18 240
18 265
18 276
18 391
19 82
19 104
19 163
19 324
19 349
19 393
20 125
20 138
20 143
20 243
20 328
20 346
21 29
21 91
21 283
21 318
22 28
22 38
22 57
22 70
22 130
22 139
22 227
22 229
22 234
22 301
22 418
23 46
23 64
23 136
23 137
23 140
23 235
23 323
23 377
24 73
24 98
24 107
24 152
24 221
24 282
24 324
25 169
25 315
26 32
26 56
26 162
26 174
26 240
26 276
28 76
28 93
28 95
28 184
28 216
28 325
29 66
30 43
30 64
30 67
30 99
30 140
30 178
30 222
30 286
30 341
31 73
31 128
31 177
31 241
31 242
31 300
32 269
32 417
33 97
33 219
34 91
34 187
34 297
34 320
34 329
35 115
35 138
35 159
35 214
35 230
35 243
35 261
35 273
35 290
35 291
35 346
35 373
35 386
35 416
36 81
36 212
36 215
36 242
36 280
36 356
36 385
37 116
37 133
37 191
37 193
37 287
37 326
37 359
37 404
37 411
38 70
38 158
38 218
38 383
38 398
38 413
39 137
39 214
39 244
40 132
40 267
40 303
40 310
40 390
41 49
41 65
41 180
41 196
41 242
41 247
41 254
41 354
42 101
42 116
42 159
42 320
42 422
43 59
43 118
43 151
43 235
43 304
44 65
44 128
44 133
44 154
44 191
44 343
44 372
44 404
44 412
45 64
45 120
45 173
45 178
45 219
45 222
45 236
45 308
45 406
46 60
46 67
46 126
46 137
46 173
46 178
46 219
46 222
46 235
46 305
46 308
46 377
46 378
47 60
47 88
47 151
47 281
47 286
47 383
48 98
48 170
48 177
48 241
48 242
48 349
48 352
49 322
49 367
49 379
49 401
49 446
49 629
50 167
50 267
51 60
51 96
51 105
51 126
51 148
51 224
51 227
51 259
51 288
51 364
51 388
52 241
53 85
53 186
53 207
53 208
53 260
53 378
53 414
54 133
54 171
54 229
54 268
54 411
55 66
55 71
55 92
55 187
55 215
55 257
55 315
56 174
56 240
56 296
57 142
57 189
57 245
57 252
57 279
57 374
57 388
58 86
58 164
58 300
58 342
58 352
59 71
59 108
59 147
59 163
59 203
59 206
59 272
59 303
59 329
59 387
59 397
59 415
59 827
60 78
60 148
60 151
60 170
60 227
60 368
61 121
61 169
62 335
62 344
62 346
62 403
63 64
63 69
63 74
63 77
63 206
63 222
63 344
64 120
64 132
64 173
64 178
64 219
64 222
64 235
64 278
64 286
64 303
64 304
64 308
64 323
64 377
65 66
65 119
65 128
65 131
65 180
65 191
65 193
65 196
65 248
65 254
65 326
65 354
65 372
65 405
65 410
65 412
65 422
66 101
66 138
66 155
66 187
66 297
66 322
67 140
67 149
67 313
67 341
68 146
68 200
68 328
68 338
69 135
69 161
69 251
69 314
69 355
69 406
70 158
70 218
70 229
70 383
71 122
71 138
71 155
71 297
71 303
71 367
72 128
72 196
73 117
73 242
73 300
73 315
74 77
74 276
74 295
74 389
75 124
75 220
76 78
76 93
76 148
76 167
76 189
76 242
76 275
76 313
76 358
76 360
76 380
76 385
76 395
76 398
76 400
77 118
77 237
77 276
78 93
78 96
78 141
78 148
78 189
78 281
78 313
78 383
78 398
79 81
79 85
79 175
79 181
79 210
79 231
79 273
79 278
79 353
79 409
80 82
80 112
80 182
80 317
80 332
80 364
81 82
81 103
81 126
81 141
81 156
81 160
81 212
81 231
81 242
81 275
81 294
81 298
81 331
82 93
82 142
82 148
82 281
82 332
82 368
82 380
82 408
83 123
83 153
83 165
83 299
84 630
84 710
85 86
85 137
85 274
85 342
85 353
85 378
85 413
86 170
86 212
86 268
86 274
86 282
86 300
86 342
86 352
86 353
86 370
86 385
87 195
87 200
87 222
87 306
87 314
87 345
87 394
88 151
88 262
88 304
89 109
89 253
89 343
89 364
89 399
90 339
91 146
91 216
91 261
91 303
92 102
92 215
92 265
92 270
92 274
92 321
92 342
92 379
92 385
92 391
92 395
93 148
93 313
93 358
93 380
93 385
93 398
93 400
94 358
94 381
94 402
95 229
95 233
95 279
95 281
95 286
95 301
96 148
96 157
96 167
96 234
96 332
96 360
96 364
96 381
96 400
96 402
98 177
98 186
98 221
98 241
98 378
98 385
99 103
99 154
100 269
101 127
101 146
101 203
101 419
101 421
102 232
102 265
102 268
102 270
102 274
102 321
102 322
102 331
102 370
102 391
102 395
102 398
102 417
103 136
103 173
103 178
103 222
103 242
103 339
103 352
103 395
103 398
104 324
105 364
105 388
106 142
106 259
106 279
106 351
106 386
107 117
107 221
107 282
108 146
108 165
108 206
108 233
108 315
108 384
108 387
109 116
109 133
109 134
109 253
109 271
109 337
109 399
109 422
110 239
110 336
111 135
111 355
112 185
112 257
112 305
112 418
114 130
114 164
114 323
114 340
114 353
115 228
115 230
115 239
115 327
115 373
115 386
115 415
115 421
116 133
116 171
116 253
116 271
116 326
116 354
116 399
116 410
117 196
117 241
117 282
118 165
118 237
118 276
119 128
119 131
119 146
119 166
119 232
119 254
119 269
119 333
119 414
119 422
120 150
120 162
120 178
120 199
120 226
120 376
120 396
121 168
121 169
121 262
122 125
122 192
122 250
122 251
122 266
122 290
122 331
122 333
122 347
123 153
123 340
123 413
124 179
124 220
124 250
124 251
124 419
125 129
125 144
125 194
125 320
125 326
125 333
126 141
126 159
126 160
126 175
126 231
126 249
126 273
126 278
126 294
126 298
126 345
126 408
127 203
127 266
127 344
127 346
127 403
128 180
128 196
128 300
128 404
128 410
128 411
129 143
129 144
129 336
129 347
129 401
129 405
129 415
129 416
129 421
130 381
130 402
130 411
131 191
131 326
131 350
131 372
131 404
131 405
131 410
131 412
132 161
132 255
132 267
132 303
132 316
132 350
132 401
133 162
133 191
133 270
133 283
133 343
133 351
133 391
133 393
133 404
134 287
134 337
135 314
135 317
135 355
136 219
137 178
137 184
137 186
137 211
137 214
137 263
137 298
137 305
137 366
137 377
137 378
137 395
138 143
138 243
138 322
138 375
139 301
139 418
140 298
140 317
140 341
141 148
141 149
141 179
141 186
141 231
141 249
141 313
141 378
141 417
142 245
142 252
142 259
142 279
142 288
142 374
143 155
143 329
143 334
143 373
143 416
144 194
144 320
144 338
145 146
145 261
146 179
146 192
146 310
146 338
147 173
147 206
147 310
147 380
147 387
147 397
148 189
148 279
148 281
148 313
148 398
148 400
148 417
149 249
149 311
149 394
149 409
150 162
150 165
150 226
151 262
151 286
151 304
151 323
151 371
152 198
152 269
152 295
152 364
152 408
153 299
154 175
154 185
154 190
154 260
154 263
154 305
154 343
154 352
154 369
154 377
154 766
155 166
155 179
155 233
155 327
155 416
155 421
156 210
156 260
156 273
157 214
157 281
157 288
158 218
158 229
158 234
158 291
158 383
159 192
159 373
159 397
160 210
160 294
160 298
160 361
160 408
161 183
161 203
161 216
161 251
161 255
161 264
161 273
161 322
161 334
161 348
161 401
161 406
162 165
162 263
162 276
162 411
163 226
163 270
163 296
163 344
163 420
164 275
164 300
164 353
164 361
164 398
165 226
165 238
165 319
166 179
166 248
166 414
167 360
168 169
168 315
170 189
170 234
170 265
170 274
170 282
170 304
170 332
170 342
170 370
170 394
170 408
171 193
173 178
173 219
173 222
173 286
173 376
173 396
173 721
174 240
174 296
174 344
174 420
175 231
175 246
175 249
175 294
175 298
175 351
176 314
177 186
177 207
177 242
177 260
177 378
178 219
178 222
178 231
178 275
178 298
178 353
179 233
179 250
179 303
179 318
179 326
179 350
179 401
179 414
180 193
180 201
180 337
180 354
180 372
180 410
180 508
181 249
181 292
181 361
182 185
182 286
183 255
183 350
183 397
183 401
183 419
184 211
184 263
184 325
184 340
184 366
184 377
185 286
185 400
186 207
186 208
186 217
186 244
186 260
186 352
186 369
186 378
186 379
186 413
186 420
187 189
187 272
187 329
187 347
187 419
189 281
189 282
189 301
191 337
191 356
191 404
191 412
192 197
192 202
192 239
192 264
192 283
192 307
192 328
192 350
192 412
193 196
193 201
193 242
193 282
193 324
193 326
193 354
193 359
194 202
194 328
194 414
195 306
195 330
195 394
196 201
196 282
196 354
196 359
196 367
196 372
197 264
197 343
198 203
198 209
198 269
198 295
198 389
199 236
199 355
199 376
199 391
199 392
199 396
200 296
201 326
201 359
202 213
202 250
202 251
202 264
202 266
202 328
202 336
202 347
202 348
203 251
203 260
203 264
203 327
203 338
203 386
203 419
204 228
204 231
204 240
204 249
204 285
204 291
204 294
204 409
205 224
205 336
205 421
206 303
206 384
206 387
206 397
207 214
207 217
207 224
207 368
207 369
207 379
207 413
207 420
208 217
208 247
208 282
208 378
209 257
209 269
209 321
209 324
210 273
210 292
210 298
210 386
210 389
210 408
211 225
211 263
211 325
211 366
211 369
211 377
211 393
212 300
212 326
212 331
212 393
213 251
213 266
213 284
213 328
213 347
214 228
214 247
214 260
214 292
214 352
214 407
214 413
214 415
215 268
215 321
216 283
216 338
216 375
216 419
217 247
217 353
217 407
218 234
218 383
219 222
219 236
219 377
221 234
221 282
222 236
222 304
222 308
222 323
222 376
222 393
223 283
223 343
223 363
223 382
223 399
224 250
224 251
224 327
224 336
224 347
224 368
224 413
225 366
225 369
225 377
226 238
226 303
226 387
227 229
227 234
227 301
227 368
227 380
228 285
228 291
228 346
228 373
228 386
228 401
229 234
229 301
229 383
230 239
230 243
230 346
230 373
230 401
230 416
230 421
231 298
231 407
231 409
232 254
232 331
233 303
233 387
234 260
234 274
234 301
234 342
234 368
234 370
234 380
234 381
234 383
234 402
235 304
235 305
235 308
235 323
235 369
235 376
235 396
236 306
236 376
236 391
236 396
237 240
237 276
237 351
237 379
239 243
239 334
239 346
239 386
239 401
239 416
240 291
241 300
241 352
242 248
242 282
242 300
242 301
242 331
242 359
242 410
243 269
243 322
243 375
244 357
245 252
245 259
245 279
245 288
245 292
245 374
245 388
246 295
247 292
248 254
248 300
248 354
248 397
248 410
249 311
249 377
249 407
249 408
249 409
250 251
250 266
250 290
250 328
250 331
250 333
250 347
250 397
250 401
251 264
251 266
251 284
251 290
251 318
251 328
251 331
251 333
251 347
251 348
251 373
251 386
252 279
252 374
253 256
253 399
254 326
254 331
254 354
255 350
255 406
255 419
256 257
256 301
256 319
256 343
256 420
257 362
257 382
259 279
259 288
259 364
259 374
259 388
260 353
260 356
260 379
260 396
260 413
260 420
261 266
261 310
262 400
263 305
263 323
263 366
263 377
264 266
264 290
264 329
264 346
264 348
264 367
264 386
264 387
264 406
265 321
265 322
265 331
265 370
266 284
266 290
266 328
266 333
266 347
266 348
267 316
267 350
267 415
267 421
268 269
268 270
268 279
268 322
268 324
268 342
268 370
268 399
268 411
269 295
269 389
269 424
270 277
270 321
270 395
271 399
272 320
272 329
272 375
273 386
274 321
274 342
274 370
274 385
275 300
275 311
275 352
275 353
275 361
275 407
276 351
276 382
277 395
278 308
279 288
279 371
279 374
279 388
280 356
280 365
281 358
282 300
282 339
282 352
282 353
282 354
282 359
282 368
282 398
282 405
282 411
283 343
283 363
283 382
283 398
284 318
284 333
284 347
284 348
285 422
288 374
288 388
290 333
290 347
290 348
290 386
291 419
291 422
292 353
292 389
292 413
294 298
295 389
296 344
296 369
298 393
298 408
300 352
300 359
300 407
301 368
303 376
303 387
305 306
305 393
306 317
306 394
307 350
308 323
308 377
309 314
309 356
309 379
309 385
310 391
311 361
311 407
311 415
313 368
313 398
313 417
314 355
314 366
318 320
318 347
318 348
320 401
321 342
321 391
322 334
322 391
322 395
322 722
323 393
324 337
325 377
326 354
326 405
327 334
328 331
328 347
328 348
329 347
329 350
330 394
331 333
331 363
331 395
333 347
334 373
334 386
334 406
334 416
335 338
335 403
336 350
336 406
336 413
336 414
336 420
337 356
337 359
338 387
339 398
340 377
342 385
343 363
343 382
343 399
344 346
344 403
346 397
346 403
347 348
347 373
347 386
348 386
348 422
350 397
350 401
352 353
352 369
353 361
353 369
354 359
356 379
356 385
358 364
358 400
363 382
364 371
364 388
366 377
368 371
368 380
369 413
372 397
372 410
373 386
373 401
373 416
373 421
374 388
375 386
376 396
378 406
379 385
379 420
381 383
381 402
383 420
384 390
391 392
392 396
395 417
398 400
401 415
401 421
404 412
405 410
412 607
412 711
413 414
413 420
415 416
415 421
419 421
423 485
423 617
423 619
423 656
424 560
424 617
424 646
424 701
424 729
424 825
424 868
425 429
425 625
425 733
426 463
426 574
426 656
426 743
426 801
426 829
426 833
426 854
427 467
427 524
427 535
427 651
427 698
427 799
427 836
428 618
428 619
428 636
428 718
428 837
429 431
429 662
429 853
429 866
429 870
430 618
431 437
431 572
431 662
431 835
431 866
432 437
432 440
432 444
432 509
432 535
432 574
432 695
432 727
432 799
432 813
432 826
432 827
432 829
433 444
433 445
433 505
433 542
433 677
433 727
433 780
433 859
433 871
434 515
434 605
434 634
434 754
434 809
435 449
435 468
435 470
435 488
435 647
435 797
435 807
436 486
436 537
436 582
436 599
436 716
436 792
436 848
437 467
437 471
437 584
437 621
437 652
437 724
437 799
438 471
438 478
438 491
438 518
438 550
438 578
438 703
438 707
438 724
438 740
439 500
439 575
439 601
439 616
439 767
439 855
440 473
440 478
440 508
440 743
441 498
441 671
442 681
442 789
443 573
443 642
443 657
443 715
443 716
443 720
443 808
444 509
444 578
444 629
444 674
444 707
444 727
444 750
444 768
444 813
445 505
445 508
445 540
445 780
445 818
445 822
445 828
445 871
446 605
447 476
447 479
447 561
447 573
447 604
447 628
447 642
447 694
447 729
447 825
447 872
448 689
448 870
449 599
449 600
449 726
449 760
449 807
449 822
450 513
450 537
450 691
450 792
450 812
450 832
451 468
451 489
451 495
451 545
451 552
451 564
451 597
451 726
451 812
451 814
451 823
452 506
452 543
452 669
452 713
452 767
452 805
453 474
453 655
453 687
454 599
454 816
454 852
455 483
455 595
456 526
456 540
456 583
456 630
456 712
456 759
456 791
456 824
456 858
456 872
457 493
457 513
457 602
457 614
457 730
457 770
457 788
457 862
458 483
458 592
459 598
459 625
459 708
459 757
459 831
460 546
460 560
460 660
460 676
460 700
460 732
460 847
461 512
461 540
461 543
461 596
461 679
461 711
461 782
461 825
463 485
463 833
463 864
464 467
464 473
464 485
464 743
465 467
466 754
466 797
466 863
467 473
467 485
467 574
467 743
467 813
467 833
467 836
468 470
468 486
468 488
468 600
468 647
468 857
469 526
469 527
469 551
469 607
469 777
469 845
469 858
470 488
470 647
471 587
472 581
472 609
473 719
473 743
473 799
474 609
474 670
474 737
475 528
475 586
475 629
475 669
475 674
475 707
475 719
475 740
476 479
476 573
476 617
476 636
476 642
476 676
476 694
476 701
476 729
476 825
477 544
477 576
477 633
478 621
478 836
479 510
479 617
479 642
479 694
479 729
479 732
479 800
479 825
480 702
481 494
481 718
481 760
481 787
481 792
481 852
481 875
482 503
482 579
482 623
482 714
482 754
482 758
482 761
482 847
482 853
482 862
483 595
484 487
484 721
484 769
485 491
485 506
485 619
485 833
485 864
486 548
486 760
487 861
488 600
488 725
489 495
489 534
489 552
489 564
489 597
489 828
489 839
490 726
490 857
491 813
491 864
492 566
492 579
492 601
492 607
492 648
492 745
492 777
492 795
492 861
493 521
493 624
493 644
493 666
493 760
493 763
493 874
494 498
494 631
494 633
494 699
494 706
494 730
494 744
494 790
494 808
495 608
495 737
495 768
495 870
496 569
496 596
496 636
496 671
496 680
496 712
496 753
496 772
496 791
496 850
497 498
497 531
497 591
497 605
497 620
497 631
497 666
497 671
497 682
497 692
497 699
497 761
498 531
498 605
498 671
498 682
498 761
498 807
498 874
499 787
499 819
500 503
500 766
500 803
500 853
501 507
501 571
501 572
501 873
502 656
502 677
502 722
502 746
502 777
502 789
503 614
503 653
503 697
503 735
503 744
503 763
503 770
503 831
504 699
504 728
505 535
505 542
505 555
505 586
505 610
505 621
505 639
505 672
505 677
505 780
505 805
505 828
505 859
505 871
506 543
506 550
506 628
506 636
506 669
506 698
506 841
507 513
507 597
507 599
507 744
507 760
507 837
507 848
507 873
508 535
508 628
508 629
508 669
508 746
508 818
509 570
509 613
509 629
509 674
509 727
509 771
509 813
510 546
510 612
510 669
510 676
510 701
510 729
510 806
510 825
512 526
512 546
512 712
512 841
513 541
513 708
513 723
513 763
513 792
513 812
514 796
515 666
515 683
515 726
515 815
516 856
518 607
519 620
519 697
519 706
519 857
520 620
520 749
520 809
521 522
521 611
521 658
521 758
521 759
521 766
521 770
521 778
521 788
521 810
522 612
522 627
522 749
522 758
522 766
522 875
523 772
524 550
524 593
525 807
526 712
526 721
526 837
526 858
527 607
527 641
527 711
527 733
527 776
527 839
527 850
528 740
529 678
529 699
529 739
529 794
529 803
529 834
530 612
530 755
530 758
530 862
531 591
531 671
531 682
531 760
531 761
531 849
531 857
532 752
532 870
533 538
533 572
533 600
533 608
533 726
533 741
533 797
534 545
534 597
534 661
534 663
534 723
534 779
534 814
534 821
535 593
535 707
535 768
535 780
535 799
536 591
537 577
537 582
537 597
537 672
537 723
537 792
537 828
537 859
537 871
538 675
538 741
538 763
538 821
539 562
539 564
539 600
539 668
539 691
539 708
539 842
539 856
540 669
540 729
540 806
540 818
540 825
541 577
541 599
541 665
541 708
541 734
541 812
541 816
542 570
542 586
542 639
542 660
542 695
542 736
542 780
542 805
542 822
542 859
543 610
543 628
543 669
543 713
543 806
543 825
543 838
543 859
544 667
544 715
544 728
544 742
544 782
544 783
544 840
545 552
545 597
545 661
545 723
545 779
545 821
546 669
546 676
546 701
546 729
546 789
547 558
547 580
547 597
547 732
547 752
547 833
547 846
547 862
548 785
549 592
550 564
550 656
551 638
551 673
551 759
552 612
552 765
552 821
553 640
553 787
554 772
555 560
555 595
555 660
555 672
555 729
555 859
555 871
556 686
557 680
557 740
557 864
558 732
560 639
560 660
560 669
560 676
560 837
560 871
561 681
561 840
562 564
562 662
562 737
562 749
562 760
562 797
562 823
562 832
563 612
563 664
563 839
564 662
564 668
566 575
566 579
566 601
566 602
566 733
566 745
566 776
566 850
566 858
567 619
567 636
567 710
567 736
568 664
568 667
569 601
569 646
569 648
569 850
570 651
570 677
570 695
570 707
570 745
570 768
570 780
570 805
570 843
571 599
571 857
572 588
572 734
572 873
573 590
573 642
573 657
573 715
573 840
574 613
574 630
574 651
574 743
574 829
575 601
575 711
575 733
575 742
575 776
575 850
577 625
577 644
577 665
577 670
577 708
577 734
577 779
577 809
577 812
578 613
578 629
578 719
578 859
579 607
579 745
579 868
580 732
580 757
580 833
580 849
580 865
581 609
581 735
582 588
582 637
582 774
582 792
582 823
582 828
582 865
583 764
583 791
583 824
583 850
583 861
584 631
584 667
584 808
585 616
585 635
585 779
586 637
586 660
586 672
586 677
586 678
586 729
586 777
586 813
586 868
587 621
587 652
588 635
588 637
588 734
589 638
589 648
589 845
589 854
590 617
590 631
590 657
590 680
590 715
590 840
591 631
591 678
592 595
592 847
593 703
593 728
593 843
594 856
595 847
596 641
596 733
596 764
596 791
596 825
596 850
596 861
597 691
597 723
597 779
597 821
597 828
597 848
599 816
599 834
600 647
600 817
601 648
601 759
601 777
602 825
603 830
604 694
605 654
605 693
605 773
606 736
608 710
608 738
608 875
609 612
610 617
610 680
610 763
610 772
610 777
610 805
610 845
610 854
610 872
611 758
611 763
611 766
611 788
611 852
612 679
612 742
612 749
612 765
612 778
612 855
613 719
614 653
614 810
615 711
616 635
616 640
616 670
616 710
617 642
617 711
617 825
617 861
618 620
619 629
619 636
619 656
619 673
619 753
619 827
620 650
620 758
620 773
620 785
620 819
620 823
621 652
621 698
621 724
621 836
622 634
623 678
623 718
623 739
624 756
624 792
624 856
625 644
625 686
625 708
625 757
625 779
625 787
626 760
626 784
626 820
626 870
627 758
627 763
627 778
628 818
628 825
629 660
629 674
629 707
629 727
629 740
629 750
629 826
629 827
629 833
630 679
630 712
630 791
630 824
630 839
630 858
630 861
631 671
631 682
631 808
632 715
632 796
632 811
633 642
633 657
633 840
634 636
634 718
634 754
634 786
634 809
634 833
635 637
635 679
635 754
635 788
635 823
636 722
636 859
636 868
637 672
637 828
638 711
638 729
638 764
638 845
638 861
639 660
639 695
639 780
640 787
641 759
641 824
641 858
642 715
642 732
642 808
642 840
643 719
644 686
644 732
644 757
644 790
646 721
646 742
646 858
647 827
648 673
648 680
648 721
648 733
648 764
648 795
648 841
649 762
650 653
650 773
650 819
651 805
651 829
651 843
653 679
653 686
653 763
654 671
654 699
654 787
654 844
655 831
655 857
656 667
656 722
657 715
657 720
657 840
658 749
658 766
658 778
658 810
658 862
659 688
659 773
660 676
660 677
660 780
660 822
660 837
660 871
661 663
661 779
661 842
662 751
662 835
662 866
663 691
663 848
664 673
664 711
664 769
665 670
665 828
665 832
666 692
666 757
666 849
668 710
669 701
669 729
669 733
669 789
669 806
669 809
669 825
671 692
671 699
671 761
672 677
672 695
672 723
672 771
672 779
672 780
672 792
672 822
672 828
672 859
672 871
673 769
673 782
673 839
674 727
674 768
674 813
674 822
676 701
676 729
676 732
676 803
676 872
677 771
677 780
677 805
677 822
677 871
678 682
678 739
678 756
678 757
679 700
679 727
679 848
680 714
680 733
680 759
680 763
681 838
682 699
682 761
682 808
682 872
682 874
683 687
683 726
684 786
684 816
685 765
686 757
686 786
686 790
686 856
687 865
688 730
688 773
688 817
688 819
688 844
690 746
691 792
691 848
692 699
692 735
692 761
692 817
693 844
694 729
694 840
695 768
695 771
695 780
695 822
695 859
697 726
697 760
697 849
697 857
698 724
699 756
699 761
699 844
700 741
701 729
701 733
701 806
701 825
701 872
702 713
703 843
704 873
705 809
705 814
706 790
707 740
707 750
707 813
707 829
707 843
708 725
708 731
708 744
708 757
708 774
710 739
710 873
711 769
711 777
711 788
711 839
711 845
711 850
711 854
712 791
713 717
713 805
714 746
714 847
715 720
715 808
716 725
716 785
716 830
716 855
716 873
717 742
717 782
717 783
717 854
718 732
718 739
718 754
718 760
718 833
719 808
719 818
719 820
720 808
721 740
721 759
721 850
722 828
723 734
723 779
723 792
725 848
725 860
726 743
726 857
727 813
727 859
729 825
729 872
732 844
733 745
733 777
733 824
733 841
733 850
733 861
734 812
734 860
735 738
736 742
736 827
739 794
741 751
741 758
742 782
742 783
742 827
743 779
743 829
744 760
744 814
744 837
745 795
745 805
745 850
745 861
746 789
746 859
749 760
749 830
749 832
749 857
750 813
750 864
753 767
753 772
753 789
753 846
754 833
754 852
755 790
756 787
756 874
757 770
758 763
758 770
758 778
758 804
758 862
759 763
759 872
760 774
760 814
760 837
760 857
760 860
761 808
761 817
761 844
761 874
763 766
763 770
763 778
764 791
764 824
764 833
765 862
768 771
768 780
768 822
768 843
768 871
769 845
769 868
770 853
770 862
771 780
771 805
771 813
771 822
771 825
771 871
773 817
773 819
773 844
774 860
775 869
776 861
777 795
777 824
777 845
777 854
777 861
778 804
778 853
780 822
780 828
780 871
782 783
784 870
785 830
785 835
785 866
788 810
790 837
790 844
790 857
791 824
791 839
793 795
796 811
797 823
799 836
803 834
804 832
805 820
806 818
806 825
807 816
809 825
809 848
810 858
812 821
812 873
814 821
816 846
817 844
821 832
821 865
822 871
824 839
824 872
825 846
825 872
827 838
827 859
828 859
828 871
830 835
830 866
832 865
833 854
834 855
835 866
838 859
838 868
839 858
839 861
839 867
841 858
843 859
843 871
845 850
846 848
848 865
852 875
858 868
859 871
