#num-nodes
32
#num-links
91
#links
0 8
0 9
0 13
0 14
0 21
0 22
0 23
0 28
0 29
1 9
1 15
1 21
1 26
1 27
1 29
2 6
2 11
2 29
2 31
3 5
3 8
3 9
3 21
3 22
3 23
3 28
4 12
4 30
5 9
5 16
5 17
5 22
5 24
5 25
5 26
5 28
6 11
6 29
6 30
7 24
7 25
7 31
8 14
8 22
8 23
8 24
8 25
8 28
9 13
9 21
9 22
9 23
9 28
10 23
11 18
11 19
11 21
12 20
12 30
12 31
13 22
13 23
13 28
14 21
14 24
14 27
14 29
16 19
16 25
16 29
16 31
18 29
18 31
20 31
21 22
21 23
21 25
21 28
22 23
22 25
22 28
23 28
24 25
24 28
24 31
25 28
26 27
27 29
29 30
29 31
30 31
