#num-nodes
2100
#num-links
8646
#links
0 99
0 277
0 689
0 743
0 775
0 1014
0 1214
1 235
1 496
1 676
1 781
1 927
2 118
2 199
2 379
2 992
2 999
2 1451
2 1463
3 36
3 41
3 233
3 278
3 291
3 382
3 1467
3 1528
4 498
4 535
4 681
5 587
5 641
5 676
5 776
6 18
6 410
6 1004
6 1282
7 499
7 534
7 708
7 883
7 1090
7 1466
7 1485
7 1542
7 1553
8 128
8 169
8 297
8 417
8 715
8 1339
8 1452
8 1499
8 1532
9 222
9 239
9 241
9 260
9 321
9 559
9 762
9 817
9 863
9 1270
9 1327
9 1556
10 284
10 610
10 769
10 1028
10 1169
11 53
11 69
11 71
11 198
11 445
11 583
11 586
11 750
11 1215
11 1259
11 1363
11 1422
11 1457
12 71
12 731
12 870
12 1075
12 1195
12 1308
12 1350
12 1375
13 245
13 371
13 673
13 677
13 692
13 974
13 1044
13 1049
13 1269
13 1271
13 1470
13 1474
13 1699
14 81
14 295
14 633
14 675
14 769
14 833
14 1267
14 1354
14 1393
14 1532
14 1561
15 278
15 456
15 686
15 728
15 1006
15 1069
15 1139
15 1194
15 1324
16 224
16 373
16 589
16 666
16 846
16 860
16 1001
16 1083
16 1216
16 1248
16 1262
16 1266
16 1431
16 1462
16 1516
16 1541
17 56
17 415
17 512
17 942
17 1054
18 47
18 154
18 286
18 299
18 410
18 424
18 528
18 838
18 909
18 936
18 1029
18 1137
18 1546
18 1810
19 334
19 836
19 1498
19 1724
20 232
20 335
20 438
20 615
20 661
20 681
20 768
20 896
20 1043
20 1206
20 1250
20 1548
20 1996
21 696
22 43
22 528
22 661
22 674
22 832
22 935
22 1206
22 1535
22 1542
22 1587
23 190
23 1037
23 1160
23 1184
24 275
24 938
24 1011
24 1137
24 1449
25 179
25 349
25 415
25 1011
25 1337
25 1546
26 232
26 233
26 324
26 1133
26 1409
27 255
27 341
27 789
27 955
27 1125
27 1268
27 1544
28 356
28 774
28 1325
29 89
29 269
29 340
29 383
29 1017
29 1118
30 33
30 187
30 299
30 640
30 663
30 733
30 810
30 834
30 862
30 875
30 1181
31 396
31 926
31 994
32 287
32 941
32 969
32 987
32 1207
32 1232
32 1244
32 1392
32 1469
32 1577
32 2023
33 46
33 189
33 299
33 611
33 640
33 810
33 834
33 994
33 1017
33 1699
33 2068
34 105
34 163
34 559
34 1007
34 1039
34 1097
34 1100
34 1328
34 1391
35 416
35 558
35 655
35 1047
35 1059
35 1094
35 1368
36 41
36 42
36 379
36 571
36 769
36 1523
37 208
37 250
38 283
38 443
38 466
38 505
38 564
38 584
38 589
38 594
38 596
38 738
38 860
38 1001
38 1076
38 1083
38 1139
38 1166
38 1233
38 1248
38 1262
38 1324
38 1332
38 1522
39 302
39 342
39 752
39 1090
39 1604
40 245
40 371
40 696
40 697
40 1216
40 1316
41 997
41 1294
41 1508
41 1597
42 422
42 629
42 712
42 721
42 728
42 825
42 845
42 866
42 878
42 941
42 944
42 1010
42 1036
42 1194
42 1284
42 1428
43 255
43 299
43 349
43 940
43 995
43 1013
43 1314
43 1418
43 1498
43 1550
43 2068
44 322
44 349
44 396
44 573
44 853
44 946
44 1046
44 1137
44 1157
44 1271
44 1367
45 828
45 1073
45 1387
45 1456
45 1497
46 118
46 220
46 755
46 834
46 931
46 1543
47 186
47 972
47 1137
47 1546
48 241
48 470
48 580
48 653
48 668
48 846
48 965
48 1055
48 1391
48 1567
49 378
49 384
49 552
49 661
49 883
49 1548
49 2081
50 117
50 309
50 499
50 532
50 533
50 628
50 886
50 1018
50 1243
50 1329
50 1551
51 69
51 209
51 391
51 423
51 474
51 741
51 756
51 1186
51 1259
51 1566
51 1591
51 1597
52 574
52 939
52 1008
52 1107
52 1452
53 136
53 265
53 870
53 1073
53 1320
53 1352
54 912
54 1243
54 1440
54 1522
55 72
55 116
55 208
55 237
55 352
55 374
55 499
55 540
55 645
55 685
55 721
55 794
55 802
55 982
55 1045
55 1266
55 1292
55 1418
55 1434
55 1516
56 170
56 177
56 1288
56 1387
57 368
57 372
57 856
57 1032
57 1181
57 1221
57 1465
58 478
58 1521
59 515
59 785
59 830
59 956
59 1077
59 1386
60 460
60 824
60 841
60 894
60 1743
60 1996
61 167
61 307
61 309
61 468
61 552
61 1339
61 1488
62 231
62 266
62 797
62 883
62 945
63 496
63 675
63 683
63 736
63 744
63 780
63 843
63 934
63 1152
63 1191
64 136
64 137
64 208
64 465
64 479
64 525
64 565
64 911
64 1182
64 1516
65 312
65 313
65 1407
66 228
66 252
66 277
66 423
66 683
66 775
66 1091
66 1118
66 1218
66 1508
67 72
67 113
67 116
67 135
67 153
67 409
67 433
67 694
67 729
67 1059
67 1387
68 238
68 779
68 899
68 1255
68 1280
68 1597
68 1600
69 291
69 379
69 489
69 509
69 600
69 633
69 966
69 1065
70 293
70 296
70 300
70 435
70 498
70 879
70 1170
70 1200
70 1260
71 373
71 523
71 559
71 586
71 636
71 727
71 731
71 740
71 929
71 1002
71 1035
71 1046
71 1076
71 1209
71 1248
71 1254
71 1336
71 1414
71 1486
72 456
72 667
72 825
72 871
72 1195
72 1516
73 413
73 692
73 792
73 957
73 1028
73 1186
73 1363
74 137
74 208
74 356
74 363
74 400
74 403
74 427
74 428
74 481
74 670
74 1130
74 1131
74 1138
74 1210
75 285
75 373
75 546
75 760
75 817
75 830
75 1001
75 1083
75 1248
75 1262
76 830
76 1258
76 1743
77 120
78 108
78 276
78 304
78 388
78 448
78 471
78 551
78 644
78 778
78 836
78 986
78 995
78 1161
78 1301
78 1498
78 1529
78 1569
78 1596
78 1630
79 350
79 657
79 927
79 961
79 1043
79 1115
79 1518
80 113
80 298
80 405
80 418
80 422
80 517
80 598
80 712
80 721
80 815
80 1010
80 1026
80 1335
80 1513
81 182
81 283
81 295
81 603
81 666
81 711
81 722
81 767
81 1294
81 1317
81 1349
81 1354
82 183
82 185
82 628
82 927
82 1088
82 1188
82 1190
82 1453
83 89
83 134
83 333
83 553
83 586
83 622
83 799
83 853
83 909
83 918
83 977
83 1063
83 1212
83 1272
83 1337
84 163
84 496
84 562
84 680
84 927
84 1132
84 1289
84 1322
84 1526
84 1589
84 2070
85 320
85 524
85 968
85 1147
85 1531
86 97
86 154
86 176
86 308
86 331
86 357
86 561
86 585
86 644
86 684
86 707
86 803
87 154
87 331
87 585
87 707
87 1574
88 270
88 403
88 429
88 506
88 1052
89 119
89 190
89 207
89 343
89 469
89 516
89 586
89 751
89 754
89 804
89 901
89 918
89 1161
89 1413
89 1461
89 1512
90 570
90 1173
91 750
91 762
91 1105
91 1259
91 1379
91 1450
91 1458
92 177
93 401
93 574
93 1437
95 315
95 514
95 587
95 792
95 802
95 934
95 957
95 1148
95 1235
95 1513
96 663
96 1159
96 1297
96 1594
97 527
97 1159
97 1489
98 119
98 136
98 155
98 394
98 484
98 571
98 1028
98 1077
98 1225
98 1456
99 277
99 464
99 752
99 775
99 1105
99 1153
99 1450
100 334
100 365
100 582
100 684
100 955
100 993
100 1082
100 1085
100 1167
100 1286
100 1506
101 245
101 340
101 385
101 1037
102 242
102 248
102 457
102 708
102 792
102 833
102 1267
102 1597
103 157
103 298
103 300
103 337
103 435
103 440
103 492
103 512
103 627
103 860
103 1097
103 1262
103 1398
103 1601
104 462
104 620
104 680
104 719
104 744
104 820
104 823
104 840
104 982
104 1128
104 1144
104 1148
104 1191
104 1287
104 1289
105 162
105 337
105 407
105 596
105 817
105 1007
105 1216
105 1289
105 1328
106 421
106 538
106 1140
106 1176
106 1558
107 382
107 588
107 619
107 829
108 322
108 602
108 1017
108 1161
109 157
109 253
109 290
109 437
109 732
109 913
109 984
109 1000
109 1158
109 1910
110 438
110 1411
110 1425
110 1523
110 1588
111 292
111 484
111 572
111 889
111 1342
111 1521
111 1606
112 611
112 966
112 1060
112 1267
113 298
113 540
113 598
113 898
113 1016
113 1261
113 1335
114 930
114 985
114 1000
114 1219
114 1278
114 1557
114 1678
114 1734
114 1737
114 1814
114 1824
114 1880
115 652
115 768
115 824
115 1038
115 1090
115 1104
115 1250
115 1422
116 150
116 237
116 287
116 405
116 620
116 645
116 685
116 712
116 719
116 721
116 802
116 846
116 878
116 982
116 1144
116 1266
116 1287
116 1418
116 1428
116 1429
117 590
117 987
117 1677
117 1727
117 1889
117 2081
118 480
118 521
118 643
118 734
118 1046
118 1117
118 1271
118 1285
118 1451
119 444
119 469
119 637
119 909
119 974
119 1286
119 1451
120 134
120 837
120 973
120 1013
120 1124
120 1275
120 1546
121 188
121 649
121 677
121 932
121 998
121 1085
121 1164
121 1257
121 1460
122 195
122 419
122 575
122 938
122 1502
122 1520
123 139
123 141
123 227
123 233
123 257
123 302
123 712
123 1002
123 1054
123 1123
123 1467
124 761
124 899
124 1323
124 1496
124 1508
124 1536
124 1554
124 1585
124 1591
125 240
125 256
125 401
125 466
125 472
125 534
125 861
125 958
125 1036
125 1376
125 1500
125 1533
125 1555
125 1745
126 394
126 669
126 818
126 1008
126 1079
126 1323
126 2003
127 139
127 440
127 596
127 678
127 1002
128 688
128 754
128 1066
128 1107
128 1109
128 1294
128 1441
128 1532
128 1561
129 503
129 652
129 658
129 824
129 829
129 916
129 1005
129 1115
129 1263
129 1359
129 1494
129 1555
130 195
130 307
130 505
130 594
130 760
130 821
130 1083
130 1216
130 1248
130 1262
130 1578
131 634
131 1581
132 822
132 854
132 1004
132 1044
132 1180
134 646
134 757
134 806
134 973
134 980
134 1119
134 1124
134 1174
134 1461
134 1509
135 653
135 667
135 694
135 710
135 758
135 792
135 1059
135 1090
135 1350
135 1387
136 148
136 248
136 363
136 479
136 801
136 850
136 1138
136 1325
137 479
137 1182
137 1325
138 314
138 405
138 418
138 502
138 517
138 598
138 685
138 714
138 815
138 866
138 911
138 944
138 1016
138 1261
138 1420
139 254
139 257
139 337
139 420
139 596
139 727
139 905
139 1002
139 1015
139 1414
139 1458
139 1486
139 1547
139 1843
140 145
140 553
140 588
140 902
140 1041
140 1064
140 1182
141 291
141 367
141 415
141 500
141 658
141 844
141 891
141 964
141 1591
142 279
142 1218
142 1391
142 1482
143 221
143 227
143 330
143 468
143 534
143 536
143 845
143 1444
143 1595
144 485
144 904
145 197
145 294
145 569
145 705
145 769
145 870
145 922
145 1308
145 1350
145 1388
146 761
146 1094
146 1097
146 1416
146 1438
146 1458
147 274
148 359
148 537
148 586
148 690
148 1117
148 1212
148 1423
148 1606
149 438
149 678
150 208
150 352
150 467
150 629
150 685
150 714
150 802
150 846
150 866
150 878
150 944
150 1114
150 1289
150 1292
151 300
151 363
151 440
151 529
151 948
151 1241
151 1368
151 1375
151 1417
151 1429
151 1453
151 1580
152 324
153 1391
154 205
154 331
154 424
154 582
154 585
154 718
154 838
154 977
154 1065
154 1164
154 1279
154 1474
155 889
155 1096
155 1195
156 161
156 195
156 201
156 255
156 723
156 979
156 1315
156 1544
157 730
157 789
157 808
157 1092
157 1159
157 1258
157 1401
158 203
158 633
158 899
158 960
158 1408
158 1508
159 183
159 203
159 354
159 633
159 662
159 984
159 1104
159 1123
159 1154
159 1188
160 489
160 508
160 566
160 600
160 617
160 713
160 750
160 1091
160 1118
160 1296
160 1567
160 1568
161 1315
162 584
162 1007
162 1015
162 1328
163 559
164 181
164 283
164 285
164 420
164 505
164 738
164 1431
164 1522
165 971
166 227
166 512
166 958
166 1030
166 1243
166 1436
166 1488
166 1590
166 1595
167 221
167 468
167 476
167 534
167 536
167 583
167 1283
167 1405
167 1444
167 1488
168 344
168 495
168 902
168 951
168 1051
168 1092
168 1372
168 1567
169 523
169 688
169 816
169 912
169 914
169 1141
169 1243
170 1065
170 1098
170 1246
170 1573
171 545
171 750
171 880
171 969
171 1131
171 1139
172 791
172 1124
173 211
173 273
173 628
173 781
173 989
173 1075
173 1104
173 1236
174 574
174 1188
174 1258
175 532
175 591
175 688
175 876
175 958
175 1008
175 1009
175 1306
175 1532
176 214
176 334
176 836
176 937
176 943
176 1029
176 1460
176 1538
176 1549
176 1954
177 226
177 983
177 1147
177 1427
177 1509
179 874
179 892
179 946
179 995
179 1147
179 1220
179 1236
179 1367
179 1503
179 1550
180 313
180 326
180 657
180 753
180 978
180 1501
181 285
181 531
181 594
181 596
181 666
181 738
181 817
181 914
181 1036
181 1040
181 1083
181 1112
181 1207
181 1328
181 1335
181 1431
181 1458
181 1541
182 934
182 1134
183 488
183 939
183 1196
183 1499
183 1548
183 1642
184 433
185 396
185 661
185 892
185 927
185 939
185 1107
185 1548
185 1588
186 409
186 415
186 658
186 826
186 972
186 976
186 1013
186 1124
186 1301
186 1468
186 1470
186 1495
187 409
187 480
187 609
187 755
187 998
187 1150
187 1193
188 189
188 329
189 347
189 1193
190 329
190 381
190 444
190 469
190 765
190 837
190 901
190 1505
191 210
191 399
191 432
191 510
191 853
191 874
191 974
191 992
191 1269
191 1318
192 239
192 470
192 477
192 545
192 564
192 828
192 880
192 949
192 970
192 1296
192 1312
192 1392
192 1421
192 1567
193 722
193 1074
193 1317
193 1354
193 1393
194 366
194 452
194 935
194 1115
195 201
195 480
195 650
195 784
195 811
195 1212
195 1285
195 1586
196 854
196 946
196 990
196 1063
196 1065
196 1192
197 683
197 722
197 950
197 1069
197 1101
197 1129
197 1171
198 247
198 284
198 502
198 621
198 651
198 709
198 772
198 792
198 1215
198 1458
199 220
199 269
199 754
199 1023
199 1161
199 1413
199 1423
199 1606
200 423
200 456
200 559
200 705
200 722
200 767
200 920
200 1074
200 1294
200 1317
200 1554
200 1584
201 358
201 426
201 611
201 665
201 786
201 862
201 874
201 1125
201 1271
201 1315
201 1367
201 1474
202 348
202 387
202 1532
202 2025
203 531
203 633
203 896
203 910
203 1061
205 415
205 718
205 751
205 1279
206 331
206 449
206 696
206 777
206 806
206 1157
206 1976
207 262
207 586
207 665
207 857
207 909
207 918
207 928
207 1413
207 1435
207 1461
207 1468
208 237
208 455
208 456
208 508
208 514
208 605
208 632
208 685
208 802
208 934
208 1091
208 1114
208 1329
208 1333
208 1342
209 307
209 443
209 559
209 892
209 1002
209 1209
209 1337
209 1417
209 1458
209 1496
210 245
210 340
210 444
210 1184
210 1299
210 1449
211 460
211 496
211 542
211 1230
212 213
212 643
212 971
212 1464
213 214
213 409
213 971
214 518
214 1412
215 220
215 409
215 548
215 637
215 643
215 1108
215 1179
215 1451
216 257
216 591
216 808
217 298
217 301
217 569
217 722
217 793
217 796
217 797
217 1347
217 1388
217 1483
217 1567
218 573
219 373
219 531
219 760
219 1051
219 1260
219 1265
219 1555
219 1564
219 1567
219 1743
220 365
220 409
220 445
220 521
220 537
220 579
220 643
220 1117
220 1150
220 1297
220 1464
220 1470
220 1510
220 1606
221 227
221 330
221 403
221 468
221 504
221 534
221 536
221 552
221 877
221 958
221 1072
221 1243
221 1439
221 1440
221 1444
221 1488
221 1617
222 248
222 782
222 849
222 939
222 1038
222 1293
222 1326
222 1345
222 1577
223 1158
224 330
224 504
224 566
224 851
224 880
224 1139
224 1186
224 1232
224 1577
225 784
225 1099
225 1448
226 392
226 739
226 1180
226 1587
226 1932
227 523
227 534
227 958
227 1072
227 1376
227 1444
227 1500
227 1745
228 252
228 459
228 776
228 915
228 1052
228 1153
228 1218
228 1438
228 1530
229 855
229 1460
229 1498
230 289
230 562
230 645
230 820
230 840
230 934
230 982
230 1287
230 1373
231 429
231 797
231 1071
231 1133
231 1397
231 1401
232 429
232 988
232 1133
233 247
233 312
233 336
233 396
233 1160
233 1190
233 1225
233 1404
234 253
234 437
235 395
235 449
235 462
235 496
235 634
235 680
235 682
235 683
235 732
235 780
235 925
235 927
235 1123
235 1128
235 1152
236 247
236 903
236 1160
236 1363
236 1558
237 314
237 467
237 620
237 629
237 721
237 802
237 877
237 878
237 934
237 982
237 1036
237 1144
237 1428
237 1480
238 254
238 420
238 729
238 1255
239 504
239 531
239 940
239 1040
239 1097
240 958
240 1141
240 1199
240 1548
241 564
241 1094
241 1329
241 1458
242 440
242 465
242 1077
242 1153
242 1182
242 1235
242 1319
242 1326
243 1108
243 1474
244 317
244 519
244 617
244 745
244 900
244 1117
244 1186
244 1355
244 1371
245 340
245 554
245 733
245 777
245 875
245 1606
246 311
246 429
246 1204
246 1263
246 1350
246 1387
246 1478
246 1794
246 1850
247 296
247 630
247 635
247 651
247 933
247 1042
248 425
248 556
248 627
248 829
248 868
248 1077
248 1153
248 1235
248 1270
248 1326
248 1398
248 1410
248 1528
249 376
249 438
249 633
249 741
249 894
249 1151
249 1330
249 1390
249 1408
250 422
250 670
250 716
250 1156
250 1266
250 1565
251 445
251 743
251 1014
251 1229
251 1259
251 1504
252 433
252 710
252 861
252 895
252 1052
252 1218
253 433
253 437
254 305
254 464
254 584
254 596
254 1107
254 1491
254 1705
255 1107
255 1173
255 1544
255 1550
256 401
256 656
256 816
256 1211
256 1329
256 1380
256 1539
257 420
257 581
257 608
257 618
257 729
257 914
257 929
257 985
257 1002
257 1086
257 1467
257 1478
257 1486
258 352
258 595
258 678
258 833
258 991
258 1222
258 1369
258 1476
258 1478
259 501
259 1009
259 1590
260 433
260 443
260 492
260 1076
260 1094
260 1097
260 1209
260 1458
260 1601
261 1557
262 275
262 322
262 512
262 525
262 547
262 579
262 804
262 918
262 1063
262 1125
262 1205
262 1212
262 1435
262 1461
262 1546
263 445
263 965
263 1241
264 583
264 766
265 337
265 704
265 808
265 879
265 952
265 1254
265 1437
265 1458
265 1555
266 945
266 1341
266 1910
267 321
267 700
268 1159
269 763
269 1068
269 1134
269 1169
270 438
270 458
270 730
270 1401
271 619
271 737
271 894
271 1021
271 1231
272 465
272 558
272 642
272 828
272 969
272 970
272 1264
272 1312
273 300
273 491
273 498
273 535
273 599
273 655
273 1364
273 1379
274 296
274 476
274 1283
274 1439
275 428
275 475
275 742
275 875
275 946
275 990
275 1119
275 1269
275 1465
276 304
276 1227
277 369
277 413
277 689
277 758
277 775
277 1052
277 1153
277 1450
277 1583
277 1593
278 735
278 736
278 895
278 1218
278 1374
279 413
279 479
279 558
279 1434
279 1482
279 1487
279 1580
280 282
280 1323
280 1726
281 423
281 899
281 1171
281 1336
281 1496
281 1508
281 1624
282 656
282 771
282 1025
282 1109
282 1260
282 1347
282 1391
282 1452
282 1726
283 295
283 559
283 589
283 666
283 722
283 738
283 771
283 870
283 1007
283 1039
283 1100
283 1263
283 1309
283 1332
283 1350
283 1354
284 321
284 409
284 662
284 1075
285 505
285 589
285 596
285 817
285 869
285 1088
285 1431
285 1458
285 1522
286 782
286 838
286 1049
286 1162
286 1217
286 1240
286 1460
286 1546
287 685
287 830
287 850
287 969
287 1186
287 1292
287 1418
287 1540
288 413
288 903
288 1095
288 1198
288 1235
289 301
289 580
289 1074
289 1078
290 437
290 1259
290 1324
291 923
291 1320
291 1401
291 1567
292 780
292 871
292 936
292 1009
292 1172
292 1381
292 1490
292 1513
293 619
293 1391
293 1539
293 1751
294 438
294 871
294 876
294 1104
294 1133
294 1142
294 1472
295 559
295 655
295 666
295 722
295 731
295 767
295 1294
295 1393
295 1467
295 1552
295 1561
296 630
296 651
296 671
296 849
296 921
296 933
296 1170
296 1409
297 458
297 461
297 935
297 947
297 1102
297 1115
297 1452
298 422
298 491
298 540
298 598
298 721
298 787
298 889
298 1010
299 332
299 347
299 475
299 616
299 684
299 725
299 739
299 810
299 909
299 1017
299 1044
299 1049
299 1161
299 1461
299 1546
300 498
300 687
300 771
300 964
300 1043
300 1270
300 1272
300 1379
301 603
301 617
301 711
301 870
301 885
301 1074
301 1078
301 1239
301 1287
301 1317
301 1349
301 1350
302 416
302 512
302 633
302 655
302 829
302 1051
302 1061
302 1247
302 1344
302 1379
302 1450
302 1486
302 1533
303 476
303 654
303 843
303 1058
303 1343
303 1353
303 1500
303 1560
304 602
304 1223
304 1236
304 1437
304 1550
304 1555
305 417
305 464
305 535
305 538
305 651
305 1040
305 1042
305 1096
305 1379
306 1150
306 1464
307 443
307 559
307 740
307 1067
307 1076
307 1166
307 1209
307 1329
307 1458
308 609
308 737
308 998
308 1162
308 1221
308 1460
308 1470
308 1537
308 1736
309 468
309 472
309 628
309 876
309 886
309 1018
309 1243
309 1488
309 1551
309 1571
310 368
310 1586
311 559
311 605
311 654
311 731
311 870
311 1054
311 1231
311 1237
311 1467
311 1478
311 1600
312 484
312 1160
313 539
313 743
313 908
313 952
313 1403
313 1483
313 1567
314 714
314 802
314 825
314 1026
314 1114
314 1232
314 1333
314 1428
315 620
315 796
315 861
315 1144
315 1513
316 781
316 863
317 450
317 471
317 475
317 604
317 647
317 763
317 764
317 810
317 827
317 874
317 928
317 946
317 977
317 1269
317 1424
317 1442
317 1465
318 440
318 1198
319 425
319 915
319 981
319 1087
319 1089
319 1153
319 1368
319 1404
320 652
320 1005
320 1288
320 1293
320 1539
320 1705
321 436
321 454
321 530
321 939
321 1419
322 492
322 804
322 859
322 1212
322 1271
322 1427
322 1796
323 657
323 699
323 702
323 978
323 1135
323 1475
324 657
324 659
324 699
324 702
324 753
324 953
324 962
324 967
324 968
325 1430
326 687
326 702
326 909
326 978
326 1501
327 707
327 1236
327 1300
327 1535
327 1717
327 1954
328 611
328 1314
328 1573
329 361
329 755
329 811
329 865
329 921
329 972
329 1049
330 414
330 512
330 532
330 534
330 745
330 872
330 877
330 1226
330 1254
330 1376
330 1405
330 1444
330 1488
331 361
331 393
331 644
331 684
331 838
331 1157
331 1273
331 1479
331 1505
331 1512
332 333
332 388
332 392
332 528
332 553
332 810
332 931
332 1178
333 393
333 399
333 563
333 673
334 345
334 789
334 1125
334 1389
334 1453
334 1455
334 1506
334 1569
335 366
335 403
335 732
335 903
335 1043
335 1090
335 1472
336 370
336 451
336 541
336 676
336 904
336 1274
337 581
337 584
337 589
337 594
337 624
337 627
337 635
337 727
337 954
337 1002
337 1007
337 1015
337 1040
337 1336
337 1414
337 1439
337 1486
337 1743
338 370
338 495
338 541
338 1115
339 556
339 597
339 1364
339 1410
339 1454
340 372
340 379
340 383
340 385
340 673
340 733
340 803
340 1316
340 1389
340 1468
341 826
341 1125
341 1157
341 1211
341 1212
341 1224
341 1313
341 1315
342 724
342 776
342 1539
342 2034
343 528
343 674
343 807
343 928
343 975
343 1037
343 1212
343 1505
343 1514
344 495
344 916
344 1022
344 1129
344 1130
344 1359
345 448
345 648
345 649
345 748
345 1432
345 1455
346 576
346 1468
346 1470
346 1724
347 516
347 522
347 527
347 909
347 1157
347 1257
347 1510
348 375
348 387
348 431
348 499
348 591
348 805
348 939
348 1356
348 1532
348 1588
348 1636
349 573
349 853
349 916
349 918
349 1046
349 1137
349 1461
349 1546
349 1753
350 961
350 962
350 968
350 1135
350 1310
350 1475
351 707
351 811
351 1164
352 698
352 934
352 944
352 1114
354 731
354 1027
354 1209
354 1450
354 1564
355 518
355 1498
356 400
356 579
356 828
356 1130
356 1519
357 528
357 640
357 718
357 857
357 1117
357 1245
357 1489
358 611
358 976
358 1959
359 415
359 439
359 690
359 718
359 763
359 835
359 882
359 1023
359 1171
359 1531
359 1543
361 480
361 1157
361 1399
361 1810
361 2090
362 975
362 977
362 1106
362 1227
363 400
363 481
363 1138
364 913
364 1280
364 1346
364 1397
365 410
365 424
365 1217
365 1498
365 1505
365 1596
366 732
366 788
366 984
366 1401
367 402
367 407
367 902
367 1045
367 1061
367 1344
367 1528
368 665
368 720
368 852
368 856
368 1157
369 577
369 770
370 503
370 796
370 1115
370 1176
370 1274
370 1424
370 1558
371 673
371 725
371 875
371 977
371 1011
371 1193
371 1227
371 1470
371 1562
372 383
372 1314
372 1389
372 1465
373 512
373 589
373 628
373 727
373 760
373 1083
373 1248
373 1262
374 714
374 716
374 794
374 825
374 1197
374 1266
374 1333
375 468
375 523
375 845
375 1290
375 1336
375 1339
376 556
376 1327
376 1330
376 1357
376 1390
377 855
377 1245
378 634
378 661
378 783
378 883
378 1009
378 1189
378 1548
378 1560
379 493
379 729
379 792
379 1161
380 537
380 974
380 1503
380 1569
380 2050
381 814
381 986
382 489
382 509
382 547
382 564
382 950
382 1129
383 412
383 419
383 475
383 1126
383 1359
385 585
387 1132
387 1339
387 1343
388 524
388 731
388 859
388 902
388 951
388 1354
388 1393
389 566
389 698
389 1136
391 474
391 741
391 951
391 1604
392 399
392 410
392 607
392 1044
392 1049
392 1285
392 1468
393 399
393 426
393 563
393 601
393 1044
393 1184
393 1212
393 1269
393 1442
394 506
394 669
394 715
394 873
394 876
394 1008
394 1009
394 1141
394 1204
394 1306
394 1526
395 628
395 1043
396 412
396 578
396 739
396 901
396 938
396 990
396 1063
396 1185
396 1201
396 1481
396 1505
396 1941
397 740
397 940
397 1505
397 1578
399 522
399 561
399 563
399 931
399 1175
399 1512
400 481
400 1130
400 1138
400 1210
400 1519
401 407
401 451
401 835
401 1234
401 1254
401 1288
401 1407
401 1444
402 407
402 902
402 922
402 1203
403 658
403 745
403 816
403 935
403 1265
403 1605
404 1501
405 517
405 565
405 572
405 598
405 719
405 1010
405 1026
407 911
407 1058
407 1590
409 469
409 690
409 726
409 749
409 1013
409 1124
409 1159
409 1489
409 1501
409 1545
410 424
410 528
410 640
410 647
410 663
410 928
410 931
410 993
410 1029
410 1205
410 1238
410 1348
410 1460
410 1505
410 1529
410 2090
411 533
411 1529
412 859
412 932
412 1031
412 1238
412 1242
412 1257
413 801
413 909
413 1261
413 1434
413 1487
413 1567
414 471
414 591
414 745
414 1199
414 1226
414 1243
414 1334
414 1405
414 1444
414 1605
415 692
415 718
415 882
415 989
415 1022
415 1301
415 1568
416 655
416 1051
416 1368
416 1533
416 1579
417 501
417 864
417 1040
417 1053
417 1109
417 1369
417 1441
417 1532
417 1561
417 1864
418 421
418 502
418 712
418 714
418 815
418 866
418 944
418 1006
418 1010
418 1358
418 1500
418 1516
419 623
419 625
419 976
419 1360
419 1537
420 464
420 628
420 738
420 830
420 1202
420 1270
420 1339
421 462
421 472
421 477
421 564
421 697
421 888
421 1147
421 1402
421 1513
422 517
422 598
422 1010
422 1284
422 1292
422 1482
423 1568
423 1584
424 582
424 937
424 1029
424 1293
424 1498
424 1529
425 436
425 441
425 541
425 764
425 912
425 914
425 980
425 1260
425 1357
426 446
426 606
426 609
426 1113
426 1269
426 1293
426 1442
426 1479
427 501
427 670
427 1303
428 637
428 647
428 742
428 795
428 857
428 909
428 932
428 975
428 1063
428 1257
428 1594
429 570
429 898
429 954
429 1188
429 1290
429 1472
430 445
430 743
430 766
430 1034
431 1188
431 1329
431 1532
432 723
432 974
432 975
432 1046
432 1063
432 1113
432 1257
432 1389
432 2090
433 632
433 861
434 1150
435 452
435 599
435 724
435 782
435 892
435 1084
435 1260
435 1492
435 1581
436 1357
436 1448
437 1022
437 1094
437 1259
438 1133
438 1411
439 483
439 718
439 1147
440 465
440 479
440 556
440 1198
440 1487
440 1567
440 1580
441 586
441 599
441 764
441 788
441 868
441 917
441 1387
441 1394
442 1090
443 492
443 531
443 603
443 756
443 899
443 1076
443 1202
443 1209
443 1248
444 469
444 977
444 1413
444 1427
445 652
445 743
445 759
445 761
445 1034
445 1374
446 461
446 968
447 800
448 602
448 937
448 959
448 995
448 1399
448 1498
448 1512
448 1569
449 662
449 780
449 913
449 1133
449 1237
450 475
450 522
450 527
450 550
450 586
450 622
450 647
450 790
450 855
450 857
450 946
450 1143
450 1313
450 1346
450 1382
450 1451
450 1510
450 1562
450 1568
450 1569
451 530
451 752
451 960
451 1222
451 1276
451 1604
452 724
452 1115
452 1327
452 1366
452 1380
452 1492
452 1539
453 1046
453 1212
453 1474
454 515
454 593
454 596
454 650
454 689
454 1320
454 1416
455 456
455 507
455 514
455 608
455 710
455 717
455 772
455 870
455 1096
455 1333
455 1350
456 508
456 514
456 605
456 667
456 698
456 717
456 772
456 870
456 934
456 1018
456 1059
456 1194
456 1195
456 1333
457 1267
457 1597
457 1654
458 730
458 1411
458 1553
459 776
459 1422
459 1729
460 1230
460 1233
460 1234
460 1644
461 768
461 947
461 1290
462 496
462 744
462 840
462 843
462 927
462 1128
462 1144
462 1152
462 1191
462 1513
463 466
463 939
463 1231
464 492
464 529
464 530
464 595
464 752
464 1107
465 477
465 479
465 482
465 911
465 1105
465 1261
465 1284
465 1516
465 1565
466 505
466 531
466 546
466 594
466 738
466 1015
466 1036
466 1083
466 1248
466 1309
466 1332
466 1500
466 1541
466 1556
467 620
467 664
467 802
467 840
467 889
467 934
467 1041
467 1289
467 1513
468 536
468 1436
468 2029
469 521
469 837
469 1413
470 477
470 493
470 545
470 567
470 828
470 880
470 1055
470 1156
470 1312
470 1392
470 1421
470 1445
471 644
471 754
471 938
471 959
471 1310
471 1396
471 1413
471 1514
471 1529
471 1569
472 523
472 532
472 788
472 816
472 817
472 876
472 1008
472 1009
472 1329
472 1334
472 1551
472 1590
472 1843
473 478
473 660
473 831
473 1249
473 1552
474 770
474 951
474 1132
474 1195
474 1450
474 1564
474 1566
474 1591
475 725
475 742
475 1098
475 1221
475 1442
475 1545
475 1573
476 583
476 634
476 1283
476 1500
476 2077
477 479
477 791
477 970
477 1312
477 1398
478 1407
478 1419
479 653
479 801
479 1105
479 1156
479 1182
479 1325
479 1579
480 701
480 867
480 1013
480 1313
480 1399
480 1510
480 1606
481 502
481 746
481 828
481 1210
482 743
482 762
482 1014
482 1153
482 1391
483 541
483 571
483 690
483 1086
483 1150
484 642
484 971
485 658
485 663
485 1116
486 532
486 559
486 628
486 908
486 940
486 1166
486 1505
486 1564
488 702
488 913
488 1554
489 924
489 950
489 1383
490 661
490 968
490 1249
490 1523
490 1534
490 1599
491 498
491 532
491 805
491 1115
491 1329
491 1356
492 821
492 1021
492 1053
492 1061
492 1209
493 504
493 624
493 705
493 846
493 914
493 1200
493 1440
493 1480
493 1559
493 1571
494 985
494 1030
494 1276
494 1374
494 1400
495 658
495 810
495 1412
496 736
496 744
496 843
496 845
496 1289
496 1322
496 1526
496 1548
496 1611
496 1751
496 1757
496 2070
497 744
497 1144
497 1148
497 1361
497 1491
498 532
498 724
498 805
498 1198
498 1254
498 1345
498 1356
498 1426
498 1907
499 1188
499 1356
499 1466
499 1523
500 891
500 897
500 964
500 1028
500 1165
500 1298
500 1316
500 1513
501 597
501 600
501 1005
501 1061
501 1187
501 2045
502 507
502 517
502 598
502 685
502 712
502 889
502 948
502 951
502 1010
502 1045
502 1055
502 1203
502 1420
503 824
503 1000
503 1176
503 1223
503 1395
503 1453
503 1589
504 745
504 808
504 851
504 914
504 1200
504 1326
504 1440
504 1555
504 1599
504 1715
505 589
505 666
505 738
505 869
505 1015
505 1040
505 1083
505 1202
505 1248
506 892
506 1239
506 1387
506 1410
506 1526
507 608
507 717
507 772
507 884
507 1114
507 1138
507 1155
507 1194
507 1312
507 1358
507 1387
507 1594
508 514
508 750
508 792
508 881
508 887
508 931
508 934
508 956
508 1091
508 1155
508 1315
509 782
509 950
510 1192
512 663
512 693
512 911
512 940
512 1061
513 782
513 841
513 892
513 937
513 1327
514 569
514 605
514 667
514 710
514 830
514 870
514 1026
514 1169
514 1207
514 1333
514 1418
515 593
515 653
515 670
515 761
515 1438
516 522
516 527
516 850
516 1318
516 1367
517 587
517 598
517 685
517 1010
517 1284
517 1482
517 1517
518 754
518 1011
518 1338
518 1446
519 587
519 636
519 703
519 713
519 779
519 887
519 902
519 1074
519 1203
519 1347
520 1238
520 1606
520 1774
521 578
521 867
521 1464
522 561
522 757
522 799
522 1318
522 1586
523 575
523 766
523 845
523 876
523 1306
523 1329
523 1551
523 1590
524 784
525 553
525 579
525 837
526 742
526 1098
526 1162
526 1221
526 1246
526 1355
526 1573
526 1574
527 637
527 790
527 931
528 674
528 1029
528 1313
528 1348
528 1460
528 1574
529 564
529 597
529 716
529 969
529 992
529 1197
530 752
530 1075
530 1163
530 1270
530 1276
530 1604
531 594
531 750
531 817
531 1262
531 1328
531 1330
532 533
532 536
532 628
532 886
532 1008
532 1166
532 1329
532 1429
532 1551
532 1590
532 1601
533 575
533 628
533 905
533 1344
533 1529
533 1590
534 958
534 1376
534 1405
534 1444
534 1595
536 574
536 591
536 1000
536 1488
536 1526
536 1660
537 643
537 690
537 697
537 749
537 882
537 891
537 1117
537 1594
538 893
538 1042
538 1223
539 1387
539 1403
540 629
540 721
540 728
540 825
540 1398
540 1497
541 658
541 799
541 900
541 1127
541 1345
541 1947
542 898
542 936
542 1381
542 1757
543 1105
543 1578
544 583
544 1005
544 1193
544 1293
544 1506
544 1596
545 716
545 785
545 847
545 969
545 1139
545 1244
545 1296
545 1386
545 1421
545 1445
545 1540
545 1603
546 594
546 817
546 1001
546 1083
546 1216
546 1262
546 1332
547 865
547 972
547 1157
547 1470
548 578
548 712
548 749
548 857
548 979
548 1106
548 1179
548 1423
548 1451
549 595
549 1116
549 1222
549 1444
549 1634
549 1636
550 647
550 855
550 1212
551 768
551 1249
551 1278
551 1415
551 1536
552 613
552 618
552 654
552 818
552 1009
552 1058
552 1377
553 561
553 697
553 837
553 1345
553 1545
553 2030
554 1188
554 1250
555 731
555 756
555 927
555 1267
556 868
556 1027
556 1127
556 1438
556 1579
556 1638
556 1870
557 599
557 762
557 768
557 925
557 1012
557 1021
557 1027
557 1038
557 1597
558 828
558 948
558 969
558 971
558 1131
558 1200
558 1264
558 1352
558 1420
558 1530
559 576
559 737
559 762
559 899
559 1035
559 1076
559 1209
559 1231
559 1331
561 576
561 663
561 665
561 790
561 857
561 874
561 1297
561 1318
561 2033
562 744
562 776
562 820
562 885
562 956
562 1152
562 1172
562 1289
562 1373
562 1418
562 2070
563 943
563 1192
564 966
564 1142
564 1186
564 1458
565 608
565 889
565 1524
566 1060
566 1186
566 1577
567 671
567 737
568 661
568 904
568 1241
568 1923
569 682
569 683
569 703
569 705
569 729
569 922
569 1207
569 1347
570 662
570 668
570 695
570 985
570 1188
570 1196
570 1472
570 1571
571 690
571 708
571 1028
571 1229
571 1408
571 1582
571 2074
572 1352
573 748
573 1049
573 1082
573 1245
573 1302
573 1454
573 1503
574 939
574 1196
574 1234
574 1590
575 788
575 876
575 1141
575 1588
576 663
576 926
576 1430
576 1695
576 1819
577 1133
577 1142
578 579
578 647
578 749
578 1179
578 1598
578 1606
579 586
579 774
579 909
579 1117
579 1143
579 1161
579 1545
580 600
580 636
580 969
580 1074
580 1078
581 594
581 682
581 802
581 820
581 885
581 929
581 1039
581 1100
581 1148
581 1287
581 1480
581 1486
582 1205
582 1941
583 652
583 781
583 892
583 1226
584 596
584 760
584 819
584 914
584 1097
584 1486
584 1601
585 1495
585 1941
586 593
586 665
586 909
586 991
586 1088
586 1212
586 1417
586 1435
586 1461
587 776
587 858
587 861
587 895
587 978
587 1513
588 829
588 902
588 1061
588 1069
588 1743
589 596
589 737
589 771
589 869
589 1083
589 1309
589 1332
589 1431
589 1522
589 1541
590 1069
590 1324
591 808
591 816
591 1199
591 1405
591 1526
591 1532
592 1523
592 1548
593 650
593 746
593 1229
593 1230
593 1416
593 1556
594 738
594 1001
594 1015
594 1083
594 1202
594 1248
594 1262
594 1414
594 1541
595 879
595 919
595 1222
595 1230
595 1233
595 1533
596 666
596 817
596 860
596 869
596 1001
596 1002
596 1076
596 1083
596 1141
596 1328
596 1431
596 1541
596 1590
597 1361
598 686
598 1010
598 1266
598 1335
598 1540
599 621
599 704
599 712
599 879
599 892
599 919
599 1038
599 1127
599 1255
599 1260
600 642
600 750
600 815
600 1078
600 1567
601 928
601 1117
601 1319
602 604
602 754
602 1137
602 1236
602 1512
602 1534
602 1546
602 1555
602 2090
603 711
603 767
603 870
603 1074
603 1078
603 1263
603 1317
603 1349
603 1350
604 754
604 999
604 1512
604 1606
605 667
605 694
605 772
605 870
605 1041
605 1059
605 1350
605 1387
606 874
606 989
606 1113
606 1442
607 826
607 972
607 1048
607 1468
608 703
608 705
608 710
608 717
608 729
608 851
608 889
608 1342
608 1347
608 1483
608 1577
609 677
609 723
609 836
609 998
609 1162
609 1205
609 1273
609 1459
610 731
610 788
610 1054
611 834
611 1161
611 1389
612 1271
613 654
613 818
613 1290
613 1339
613 1353
613 1584
613 2092
614 616
614 804
614 993
614 1146
614 1596
615 652
615 768
615 1043
615 1250
615 1422
615 1490
616 725
616 1464
617 630
617 698
617 719
617 851
617 1074
617 1152
617 1203
617 1317
618 1377
619 724
619 1027
619 1364
619 1383
619 1972
619 1997
620 982
620 1144
620 1152
620 1342
620 1358
620 1369
621 724
621 816
621 908
621 1115
621 1306
621 1417
621 1486
621 1515
622 749
622 799
622 857
622 1031
623 906
623 976
623 995
623 1231
623 1337
623 1360
623 1537
624 796
624 880
624 1368
624 1440
624 1603
625 631
626 1016
626 1266
626 1342
626 1516
626 1565
627 1094
627 1398
627 1601
628 712
628 880
628 886
628 1112
628 1335
628 1551
628 1590
628 1601
629 728
629 825
629 878
629 934
629 1018
629 1428
630 635
630 651
630 671
630 698
630 780
630 809
630 860
630 893
630 933
630 1042
630 1086
630 1203
630 1231
631 648
631 1446
632 957
632 1091
632 1218
632 1606
633 662
633 731
633 924
633 1190
633 1202
633 1473
633 1485
633 1597
634 1500
634 1570
635 698
635 809
635 1028
635 1414
636 722
636 893
636 956
636 1118
636 1320
637 638
637 649
637 747
637 1179
637 1217
637 1606
638 757
638 1145
638 1465
638 1495
638 2033
638 2068
639 949
639 1286
639 1534
640 834
640 931
640 937
640 943
640 1460
640 2068
640 2090
641 676
641 1027
641 1052
641 1153
641 1363
641 1403
642 969
642 970
642 1019
643 839
643 867
643 983
643 1013
643 1124
644 1223
644 1346
644 1479
644 1529
645 820
645 982
645 1287
645 1429
645 1517
646 806
646 973
647 665
647 853
647 857
647 901
647 1463
648 1103
648 1245
648 1257
648 1293
648 1395
649 836
649 932
649 1110
649 1257
649 1966
650 746
651 809
651 933
651 1042
651 1215
652 658
652 781
652 783
652 855
652 916
652 1359
652 1374
652 1466
652 1730
652 1801
652 1898
653 698
653 710
653 712
653 728
653 800
653 861
653 878
653 1010
653 1292
653 1428
654 818
654 1478
654 1508
655 689
655 706
655 828
655 1368
655 1533
656 748
656 771
656 985
656 1025
656 1127
656 1249
656 1452
657 1477
658 809
658 916
658 971
658 1279
658 1359
658 1374
658 1511
658 1730
658 1801
658 1898
660 1209
660 1331
660 1419
660 1552
661 939
661 1000
661 1206
661 1412
661 1548
661 1560
661 2088
662 668
662 904
663 790
663 799
663 857
663 928
663 931
663 946
663 1297
663 1313
663 1382
663 1545
663 1728
663 1966
664 712
664 895
664 911
664 934
664 1016
664 1045
664 1144
664 1266
664 1405
664 1420
665 799
665 909
665 918
665 1427
665 1435
665 1459
665 1461
665 1468
665 1546
666 880
666 1015
666 1040
666 1294
666 1336
666 1496
666 1541
667 694
667 870
667 1059
667 1350
667 1387
668 847
668 1910
669 818
669 1079
669 1323
671 1176
671 1484
672 963
672 1321
673 926
673 1503
673 1573
673 1574
674 854
674 1004
674 1348
675 680
675 1441
675 1473
675 1561
677 684
677 928
677 1227
677 1399
677 1503
677 1574
678 756
678 1068
678 1071
678 1079
678 1169
678 1190
678 1267
678 1476
679 1071
679 1476
680 780
680 840
680 843
680 1078
680 1152
680 1287
680 1513
681 907
681 985
682 694
682 703
682 780
682 858
682 1026
682 1152
682 1513
682 1597
682 1702
683 736
683 823
683 840
683 1028
683 1134
683 1191
683 1490
684 790
684 838
684 1205
684 1574
685 712
685 878
685 1041
685 1197
685 1292
685 1598
686 736
686 793
686 1028
686 1186
686 1194
686 1352
687 693
687 1022
687 1253
687 1501
688 704
688 937
688 1206
688 1249
688 1455
689 743
689 770
689 1014
689 1022
689 1195
689 1368
689 1416
690 697
690 1384
691 702
691 1531
692 787
692 916
692 989
692 1028
692 1087
692 1151
692 1298
692 1380
692 1568
692 1729
693 878
693 1253
693 1501
694 717
694 870
694 885
694 1059
694 1333
694 1350
695 868
695 1127
695 1393
696 777
696 807
696 955
696 1378
696 1976
697 701
697 1384
697 1510
697 1606
698 719
698 987
698 1570
698 1576
698 1585
698 1881
699 961
699 1477
699 1518
700 896
700 904
700 921
700 964
701 1090
701 1732
702 773
702 827
702 1165
702 1168
703 705
703 713
703 1347
704 782
704 851
704 908
704 1127
704 1794
704 2034
705 713
705 851
705 1071
705 1347
705 1483
705 1577
705 1584
706 757
706 891
706 1051
706 1088
706 1272
706 1298
706 1533
706 1567
707 937
707 955
708 833
708 1267
708 1485
708 1597
709 774
709 785
709 1511
710 861
710 870
710 1059
710 1350
711 712
711 722
711 767
711 870
711 1074
711 1078
711 1317
711 1349
711 1350
712 721
712 794
712 866
712 878
712 880
712 1045
712 1195
712 1261
712 1335
712 1517
712 1540
712 1594
713 1347
713 1483
713 1907
714 825
714 1232
714 1292
715 873
715 1005
715 1204
715 1356
716 794
716 846
716 1139
716 1197
716 1335
716 1421
716 1487
717 772
717 870
717 1096
717 1333
717 1350
717 1387
718 720
718 739
718 1003
718 1022
718 1130
718 1217
718 1385
718 1470
719 744
719 1144
719 1152
719 1287
719 1381
720 784
720 1606
720 1659
720 2005
721 728
721 825
721 878
721 1114
721 1335
721 1428
721 1434
721 1462
721 1517
721 1540
722 767
722 1007
722 1308
722 1317
722 1349
722 1350
722 1354
722 1483
722 1584
723 728
723 838
724 892
724 1056
724 1383
724 1412
724 1492
724 1599
725 1098
725 1108
725 1192
726 730
727 737
727 750
727 929
727 1002
727 1012
727 1015
727 1414
728 860
728 877
728 1017
728 1026
728 1452
728 1540
728 1598
729 1255
730 781
730 1188
730 1521
730 1599
731 769
731 920
731 1001
731 1012
731 1021
731 1035
731 1054
731 1204
731 1308
731 1388
731 1441
731 1467
731 1478
731 1483
731 1585
731 1597
732 1000
732 1043
732 1241
732 1401
733 822
733 862
734 1063
734 1550
735 752
735 1247
735 1404
735 1604
736 780
736 956
736 1134
736 1177
736 1381
736 1567
737 750
737 771
737 890
737 893
737 1231
737 1247
737 1280
737 1496
738 841
738 860
738 892
738 1040
738 1083
738 1248
738 1332
738 1522
739 803
739 874
739 1111
739 1474
739 1587
740 940
740 1053
740 1088
740 1908
741 923
741 1171
741 1597
741 1659
741 1666
741 1751
741 2088
742 771
742 799
742 994
742 1162
742 1246
742 1355
742 1389
743 761
743 1014
743 1229
743 1259
743 1270
743 1374
743 1582
743 1605
744 890
744 1128
744 1287
744 1289
744 1373
744 2068
745 872
745 877
745 1226
745 1234
745 1328
745 1376
745 1405
745 1439
745 1590
745 1595
746 1432
748 852
748 959
748 1204
748 1307
748 1310
748 1344
748 1432
748 1550
748 1555
748 2071
749 1179
749 1193
749 1430
750 780
750 841
750 934
750 1152
750 1215
750 1280
751 848
751 932
751 1279
751 1324
751 1365
751 1447
751 1891
751 1892
751 1963
752 991
752 1075
752 1276
752 1604
753 867
753 1501
754 1117
754 1455
754 1512
754 1606
755 811
755 865
755 1090
755 1185
755 1213
755 1459
756 899
756 1071
756 1267
756 1476
756 1508
756 1561
757 804
757 1145
757 1495
757 2068
758 889
758 1091
758 1096
760 912
760 914
760 1002
760 1083
760 1097
760 1216
760 1248
760 1262
761 1105
761 1163
761 1416
761 1438
762 1027
762 1094
762 1230
762 1270
763 1113
763 1269
763 1442
764 1027
764 1260
765 862
765 946
765 1161
765 1185
765 1298
765 1465
765 1505
766 797
766 1173
767 920
767 1267
767 1294
767 1317
767 1354
767 1393
767 1478
767 1584
768 896
768 947
768 1200
768 1249
769 1035
769 1187
769 1195
770 923
770 985
770 1219
770 1241
770 1290
770 1298
770 1379
770 1566
771 1025
771 1075
771 1230
771 1452
771 1743
772 821
772 870
772 884
772 1333
772 1350
772 1387
772 1516
773 968
773 1252
773 1259
774 917
775 1105
775 1153
775 1374
775 1450
776 1172
776 1729
777 836
777 1367
778 1301
778 1596
779 887
779 902
779 956
779 1134
779 1152
779 1372
779 1422
779 1579
780 997
780 1567
781 783
781 1000
781 1084
781 1104
781 1123
781 1412
781 1561
781 1588
782 841
782 892
782 1288
783 913
784 887
784 1301
784 1314
784 1675
784 1861
785 1140
785 1386
785 1421
785 1429
787 835
787 891
787 989
787 1087
787 1255
787 1394
788 876
788 937
788 1009
788 1555
788 1588
789 1268
789 1506
789 1592
789 1596
790 810
790 918
790 931
790 1044
790 1313
790 1318
790 1382
790 1465
790 1966
791 948
791 970
791 1131
791 1136
791 1391
791 1429
791 1530
791 1567
791 1580
792 877
792 954
792 957
792 1280
792 1363
792 1560
793 847
793 1133
793 1320
793 1406
793 1597
793 1697
794 1197
794 1215
794 1261
794 1335
795 834
796 880
796 987
796 1051
796 1077
796 1207
796 1264
796 1567
796 1577
797 906
797 1173
797 1208
797 1258
797 1401
797 1549
798 1381
799 850
799 946
799 971
799 1117
799 1435
799 1463
799 1545
800 842
801 850
801 940
801 1156
801 1235
801 1424
801 1434
801 1487
801 1820
802 982
802 1041
802 1058
802 1287
802 1428
802 1462
802 1513
802 1565
803 1221
803 1389
804 973
804 1061
804 1124
804 1174
804 1367
804 1435
804 1509
805 1188
805 1204
805 1356
805 1507
805 1532
806 822
806 973
806 983
806 1033
806 1174
806 1446
806 1509
807 836
807 990
807 1224
807 1976
808 816
808 829
808 985
808 1042
808 1086
808 1223
808 1265
808 1395
808 1534
808 1559
808 1996
809 960
809 1042
809 1511
810 834
810 875
810 1017
810 1269
810 1442
810 1465
811 853
811 1162
811 1213
811 1468
811 1506
812 955
812 1574
812 1728
813 1205
813 1293
814 1550
815 884
815 899
815 911
815 944
815 1016
815 1059
815 1420
815 1434
815 1456
815 1462
815 1594
816 1265
816 1590
817 860
817 933
817 1001
817 1036
817 1040
817 1458
817 1528
817 1541
818 1283
819 958
819 1501
820 823
820 840
820 1036
820 1144
820 1191
820 1289
820 1480
820 1490
820 1491
821 940
821 1092
821 1096
821 1450
821 1578
822 1004
822 1020
822 1103
822 1315
822 1509
823 840
823 1128
823 1144
823 1191
823 1490
823 1986
824 1177
825 866
825 878
825 1064
826 972
826 976
826 1037
826 1103
827 975
827 1443
828 948
828 970
828 1131
828 1138
828 1319
828 1352
828 1583
829 868
829 1235
829 1386
829 1417
830 1002
830 1418
830 1540
830 1737
831 1270
831 1552
832 1030
832 1116
832 1331
833 1267
834 937
834 1971
836 998
836 1162
836 1346
837 901
837 1337
838 937
838 972
838 1205
838 1574
839 999
839 1011
840 1128
840 1144
840 1191
840 1490
841 892
842 1409
843 1144
843 1152
843 1283
843 1322
844 1116
844 1158
844 1230
844 1233
844 1448
844 1644
845 1018
845 1595
846 878
846 1232
846 1264
846 1445
846 1540
847 964
847 970
847 1081
848 972
848 1108
848 1346
849 904
849 1204
849 1345
850 1077
850 1182
850 1402
850 1420
850 1424
850 1517
850 1545
851 1200
851 1429
851 1577
852 1200
852 1579
852 1586
852 1602
853 854
853 937
853 946
853 1061
853 1063
853 1505
854 855
854 857
854 1044
854 1062
854 1063
854 1103
854 1180
855 986
855 1180
856 1465
857 928
857 1117
857 1143
857 1451
857 1468
857 1545
857 1966
858 887
858 934
858 1134
858 1148
858 1287
858 1513
859 1180
859 1238
859 1520
860 869
860 941
860 1036
860 1039
860 1083
860 1309
860 1332
860 1480
860 1522
860 1541
861 895
861 957
861 1064
861 1294
861 1606
862 938
862 1046
862 1435
862 1505
862 1546
863 1233
863 1419
864 1066
864 1294
864 1302
864 1339
864 1441
864 1564
864 1987
865 1212
865 1213
865 1285
865 1346
865 1520
866 870
866 878
866 944
866 1006
866 1335
866 1516
867 1178
868 952
868 1089
868 1127
868 1270
868 1494
868 1539
869 960
869 1332
869 1431
869 1436
869 1522
870 908
870 1035
870 1075
870 1096
870 1195
870 1204
870 1333
870 1349
870 1350
870 1358
870 1387
870 1423
872 1030
872 1243
872 1254
872 1405
872 1439
872 1444
872 1488
872 1605
873 876
873 1338
873 1397
874 946
874 1285
874 1297
874 1503
874 1546
875 1430
876 1009
876 1529
877 1026
877 1041
877 1069
877 1194
877 1324
877 1565
878 1064
878 1136
878 1165
878 1244
878 1292
878 1335
878 1358
878 1428
878 1434
878 1497
880 886
880 969
880 987
880 1010
880 1207
880 1335
880 1392
880 1571
881 956
881 1073
883 1447
883 1496
883 1560
883 1954
883 2061
884 911
884 1155
884 1325
884 1516
884 1594
885 1074
885 1203
885 1287
886 943
886 1008
886 1329
886 1551
887 952
887 1152
887 1513
888 961
888 1249
889 1091
889 1096
889 1521
890 893
890 929
890 1012
890 1336
891 989
891 1272
891 1298
891 1563
892 950
892 954
892 1061
892 1236
892 1241
892 1492
892 1539
892 1551
893 1118
894 898
896 1042
896 1086
896 1154
896 1223
896 1239
896 1801
896 1898
896 1910
897 1272
897 1298
898 913
898 985
898 1472
899 960
899 1001
899 1040
899 1083
899 1496
899 1508
899 1600
899 1884
900 1139
900 1149
900 1392
900 1487
900 1559
900 1603
901 1103
901 1137
901 1271
901 1367
901 1435
901 1474
901 1505
902 922
902 951
902 956
902 1129
902 1372
902 1568
903 1153
903 1374
903 1491
903 1558
903 1593
904 1151
904 1274
904 1367
904 1589
905 1002
905 2045
906 1029
907 1290
907 1344
908 1088
908 1213
908 1260
908 1298
908 1326
908 1350
908 1601
909 926
909 1003
909 1031
909 1178
909 1318
909 1545
909 2030
910 963
910 1003
910 1166
910 1321
911 944
911 1016
911 1197
911 1420
911 1434
911 1437
911 1516
911 1565
912 933
912 991
912 1088
912 1200
912 1254
912 1265
912 1368
912 1440
913 1123
913 1554
913 1563
914 991
914 1040
914 1200
914 1243
914 1254
914 1440
915 971
915 1034
915 1153
916 1288
916 1337
916 1359
916 1408
917 1507
918 977
918 1103
918 1111
918 1124
918 1435
918 1461
918 1546
919 950
919 1038
919 1115
919 1492
919 1539
920 1012
920 1035
920 1354
920 1478
920 1532
920 1584
920 1743
921 1090
921 1275
922 1062
922 1134
922 1389
922 1568
922 1570
922 1785
923 1237
923 1280
923 1379
923 2092
924 1031
925 1021
925 1027
925 1038
925 1061
925 1104
925 1116
926 931
926 1562
927 1408
927 1589
927 1602
928 1435
928 1461
928 1465
928 1606
929 1002
929 1414
929 1486
929 1565
930 1219
930 1239
930 1249
930 1278
930 1557
931 945
931 1159
931 1335
931 1423
931 1468
931 1474
931 1510
932 1257
933 1040
933 1042
933 1083
933 1233
933 1260
933 1458
934 956
934 1041
934 1114
934 1155
934 1289
934 1342
934 1418
935 1000
935 1011
936 1381
937 993
937 1082
937 1103
937 1529
937 1957
938 1137
938 1212
938 1427
939 1278
940 1094
940 1552
940 1578
941 1036
941 1039
941 1232
941 1309
941 1445
942 1601
943 979
943 1004
943 1162
943 1596
943 1866
943 2073
944 1006
944 1016
944 1026
944 1335
944 1516
945 1910
946 973
946 990
946 1271
946 1465
946 1474
947 1084
947 1125
947 1196
947 1290
948 1131
948 1136
948 1296
948 1352
948 1567
948 1580
948 1593
950 1115
950 1129
951 1132
951 1195
951 1372
951 1393
951 1567
952 1247
952 1403
952 1458
952 1539
952 2095
953 968
953 1251
953 1531
954 957
954 1040
954 1061
954 1188
954 1458
954 1492
955 1240
955 1355
955 1498
955 1525
956 1118
956 1134
956 1393
956 1591
957 1091
957 1186
957 1413
957 1606
958 1376
958 1392
958 1439
958 1500
958 1745
959 983
959 1024
959 1227
959 1295
959 1395
959 1455
959 1470
959 1535
960 1027
960 1075
960 1084
960 1274
960 1511
961 1000
963 1571
963 1575
964 1051
964 1403
965 1140
965 1567
966 1060
966 1186
966 1531
968 1357
968 1433
968 1531
969 970
969 1019
969 1040
969 1207
969 1264
970 1136
970 1296
970 1312
970 1567
971 1235
971 1583
972 1535
973 1174
973 1367
974 1046
974 1125
974 1193
974 1212
975 1124
975 1318
975 1463
976 1360
977 1049
977 1435
978 1305
979 1520
979 1596
980 1506
982 1191
982 1287
983 1013
983 1470
983 1509
983 1568
983 1998
984 1154
984 1743
984 1822
985 1000
985 1165
985 1219
985 1400
985 1492
986 1085
986 1295
986 1302
986 1314
986 1437
986 1446
986 1535
987 1207
987 1392
987 1469
987 1577
988 1160
989 1031
989 1087
989 1272
989 1298
989 1606
990 1065
990 1316
991 1172
991 1361
991 1417
991 1429
991 1458
991 1491
992 995
992 1159
992 1175
992 1318
992 1451
992 1510
992 1646
992 1699
993 1189
993 1550
994 1162
995 1175
995 1193
995 1395
995 1437
995 1606
996 1395
997 1169
998 1240
998 1273
998 1286
998 1446
998 1459
998 1535
999 1184
999 1479
999 1512
1000 1188
1000 1254
1000 1270
1000 1472
1000 1561
1001 1015
1001 1040
1001 1083
1001 1216
1001 1262
1001 1458
1002 1332
1002 1336
1002 1414
1002 1843
1003 1321
1003 1402
1003 1572
1004 1348
1005 1293
1005 1705
1006 1064
1007 1289
1007 1328
1008 1009
1008 1170
1008 1590
1008 1599
1009 1064
1009 1141
1009 1172
1009 1548
1009 1590
1010 1261
1010 1335
1011 1117
1011 1449
1011 1463
1012 1035
1012 1354
1012 1478
1013 1119
1013 1120
1013 1124
1013 1174
1013 1193
1013 1426
1013 1606
1013 1998
1014 1052
1014 1229
1014 1303
1014 1416
1014 1582
1014 1604
1015 1040
1015 1496
1015 1603
1015 1844
1016 1420
1016 1516
1016 1530
1017 1465
1018 1329
1021 1115
1021 1190
1022 1359
1022 1487
1022 1567
1024 1110
1024 1537
1025 1075
1025 1204
1025 1452
1026 1041
1026 1114
1026 1194
1026 1418
1026 1565
1026 1595
1027 1034
1028 1165
1028 1280
1028 1402
1029 1282
1029 1443
1029 1529
1030 1202
1030 1439
1030 1488
1030 1494
1030 1605
1030 1930
1032 1465
1033 1509
1034 1153
1034 1303
1035 1076
1035 1323
1035 1336
1035 1441
1036 1309
1036 1332
1036 1541
1037 1145
1037 1193
1038 1345
1038 1801
1039 1100
1039 1309
1039 1328
1039 1332
1039 1405
1039 1480
1040 1202
1040 1417
1040 1458
1040 1601
1041 1194
1041 1598
1042 1086
1042 1320
1043 1424
1044 1049
1044 1180
1044 1546
1045 1197
1045 1266
1045 1420
1046 1062
1046 1137
1046 1461
1046 1474
1047 1326
1047 1453
1049 1103
1049 1455
1050 1274
1051 1260
1051 1372
1051 1533
1052 1163
1052 1276
1052 1303
1052 1306
1052 1363
1053 1528
1053 1680
1054 1231
1054 1353
1054 1467
1054 1478
1054 1585
1055 1203
1055 1232
1055 1391
1055 1403
1056 1380
1056 1409
1056 1494
1058 1100
1058 1557
1058 1597
1059 1387
1059 1540
1059 1987
1060 1118
1060 1603
1060 1987
1062 1271
1063 1212
1063 1271
1063 1481
1064 1358
1064 1369
1064 1497
1065 1192
1065 1465
1065 1544
1066 1109
1066 1294
1066 1441
1067 1323
1067 1850
1068 1079
1068 1169
1068 1341
1069 1100
1069 1324
1069 1332
1070 1181
1070 1451
1071 1080
1071 1606
1072 1263
1072 1409
1072 1410
1072 1444
1072 1500
1073 1182
1073 1325
1073 1352
1073 1497
1073 1593
1074 1078
1074 1203
1074 1317
1074 1349
1074 1373
1074 1469
1074 1497
1075 1255
1075 1441
1076 1092
1076 1323
1077 1190
1077 1312
1078 1317
1078 1349
1078 1373
1079 1169
1079 1323
1082 1454
1082 1471
1083 1136
1083 1216
1083 1248
1083 1262
1083 1431
1083 1500
1083 1541
1084 1345
1085 1245
1085 1446
1085 1749
1086 1540
1087 1094
1087 1417
1088 1272
1088 1298
1088 1379
1088 1578
1090 1341
1090 1342
1091 1218
1091 1303
1091 1606
1092 1417
1093 1184
1094 1368
1094 1458
1095 1144
1095 1235
1096 1350
1096 1358
1097 1232
1097 1424
1097 1522
1097 1559
1097 1601
1098 1221
1098 1573
1099 1466
1099 1553
1099 1832
1100 1139
1100 1324
1100 1603
1101 1171
1101 1381
1103 1245
1103 1293
1103 1435
1103 1954
1104 1123
1104 1158
1104 1288
1104 1408
1104 1485
1104 1602
1105 1153
1105 1163
1105 1438
1105 1450
1105 1530
1106 1159
1106 1178
1106 1179
1109 1532
1110 1257
1111 1124
1111 1147
1111 1435
1111 1481
1111 1810
1112 1283
1112 1405
1112 1439
1112 1848
1112 2077
1113 1269
1113 1314
1113 1442
1114 1232
1115 1366
1115 1380
1116 1222
1116 1634
1117 1313
1117 1382
1119 1120
1119 1124
1119 1193
1119 1427
1119 1468
1120 1193
1120 1966
1121 1509
1121 2002
1122 1400
1123 1172
1123 1602
1124 1174
1124 1193
1124 1465
1124 1509
1124 1998
1125 1506
1125 1592
1126 1859
1128 1144
1128 1191
1128 1491
1128 1513
1130 1138
1130 1206
1130 1519
1130 1730
1131 1296
1131 1422
1131 1530
1131 1567
1131 1583
1131 1593
1132 1231
1132 1597
1132 1877
1133 1548
1134 1149
1134 1349
1134 1591
1136 1244
1136 1292
1136 1421
1137 1318
1137 1417
1137 1449
1137 1474
1137 1481
1137 1546
1137 1562
1137 1603
1138 1210
1138 1519
1139 1324
1139 1559
1139 1577
1139 1603
1140 1422
1141 1532
1142 1169
1143 1446
1144 1148
1144 1191
1144 1289
1145 1430
1145 1495
1145 1753
1145 1819
1147 1181
1147 1753
1148 1287
1148 1480
1148 1513
1149 1200
1149 1264
1149 1445
1150 1193
1150 1225
1150 1387
1150 1606
1151 1247
1151 1597
1151 1605
1151 1729
1151 1989
1152 1513
1153 1270
1153 1319
1153 1450
1154 1206
1154 1356
1154 1560
1154 1588
1154 1602
1154 1766
1155 1431
1155 2092
1156 1266
1156 1421
1156 1517
1156 1540
1157 1201
1157 1468
1157 1481
1157 1722
1158 1206
1158 1222
1158 1233
1158 1415
1159 1178
1159 1489
1160 1225
1160 1363
1160 1422
1161 1185
1161 1427
1161 1568
1161 1569
1161 1606
1162 1246
1162 1355
1162 1546
1163 1276
1163 1303
1164 1185
1165 1167
1166 1243
1166 1329
1166 1458
1169 1415
1170 1223
1170 1243
1170 1254
1170 1409
1170 1526
1170 1555
1171 1585
1172 1547
1173 1208
1173 1401
1173 1544
1173 1549
1174 1509
1175 1699
1176 1484
1176 1558
1178 1463
1178 1574
1179 1181
1179 1451
1181 1389
1181 1451
1182 1325
1184 1464
1188 1196
1188 1200
1188 1239
1188 1356
1188 1472
1189 1346
1190 1298
1191 1361
1191 1490
1191 1986
1193 1221
1193 1269
1194 1352
1195 1308
1195 1350
1196 1499
1197 1266
1197 1292
1197 1335
1197 1421
1198 1261
1198 1497
1199 1334
1199 1526
1200 1368
1200 1426
1200 1453
1200 1580
1200 1715
1201 1443
1201 1514
1202 1255
1202 1417
1202 1539
1202 1556
1203 1317
1204 1241
1204 1387
1204 1499
1205 1217
1205 1241
1205 1443
1205 1574
1205 1699
1206 1443
1206 1560
1207 1445
1207 1469
1207 1577
1208 1268
1209 1331
1209 1393
1210 1519
1211 1217
1211 1506
1211 1592
1212 1271
1212 1431
1212 1449
1212 1501
1212 1753
1213 1220
1213 1367
1213 1459
1213 1481
1215 1235
1215 1259
1215 1261
1215 1325
1216 1248
1216 1262
1217 1592
1218 1591
1219 1278
1219 1476
1219 1557
1219 1681
1219 1880
1220 1230
1220 1367
1221 1355
1221 1389
1221 1562
1221 1573
1222 1230
1222 1233
1222 1634
1222 1688
1222 1884
1223 1239
1223 1290
1223 1339
1223 1395
1223 1561
1224 1346
1224 1432
1224 1433
1224 1454
1224 1966
1225 1422
1225 1485
1226 1243
1226 1405
1226 1428
1226 1444
1226 1555
1226 1595
1226 1605
1226 1648
1227 1355
1227 1399
1229 1259
1229 1303
1229 1582
1230 1233
1231 1467
1231 1478
1231 1530
1232 1312
1232 1392
1232 1421
1232 1445
1234 1283
1234 1526
1234 1605
1235 1319
1235 1497
1235 1530
1236 1498
1236 1534
1236 1550
1236 1561
1236 1569
1237 1241
1237 1280
1237 1404
1237 1425
1237 1507
1238 1242
1238 1297
1238 1355
1239 1356
1239 1444
1239 1561
1239 2080
1240 1273
1240 1749
1240 1887
1241 1588
1243 1254
1243 1426
1243 1488
1243 1551
1243 1590
1244 1266
1244 1421
1244 1568
1245 1279
1245 1293
1245 1749
1246 1573
1247 1473
1247 1528
1248 1262
1248 1436
1249 1954
1250 1490
1254 1265
1254 1267
1254 1428
1254 1555
1254 1809
1255 1417
1255 1424
1257 1509
1257 1998
1258 1291
1261 1266
1262 1458
1263 1387
1263 1440
1263 1555
1263 1672
1264 1487
1264 1559
1264 1580
1264 1603
1265 1283
1265 1302
1266 1420
1266 1516
1267 1476
1267 1597
1269 1293
1269 1442
1270 1298
1270 1417
1270 1579
1271 1427
1272 1298
1272 1424
1272 1461
1272 1473
1272 1528
1273 1574
1275 1367
1275 1749
1276 1303
1276 1604
1277 1278
1277 1749
1278 1366
1278 1549
1278 1637
1279 1365
1279 1749
1280 1337
1282 1716
1283 1322
1283 1590
1283 1595
1283 2077
1284 1517
1287 1480
1287 1513
1288 1326
1290 1339
1290 1441
1290 1526
1292 1421
1292 1428
1293 1412
1293 1430
1293 1529
1294 1317
1294 1350
1294 1405
1294 1441
1294 1584
1295 1446
1295 1466
1295 1503
1295 1535
1295 1550
1296 1469
1296 1567
1297 1378
1297 1606
1298 1473
1298 1528
1301 1447
1301 1455
1301 1569
1302 1437
1302 1440
1302 1564
1302 1686
1303 1363
1305 1518
1306 1344
1308 1350
1308 1387
1308 1483
1308 1591
1309 1541
1310 1346
1312 1392
1312 1421
1312 1567
1313 1389
1313 1498
1314 1389
1314 1498
1314 1675
1317 1320
1317 1349
1317 1350
1317 1584
1318 1510
1319 1387
1319 1416
1319 1497
1320 1350
1320 1404
1321 1496
1322 1526
1322 1530
1322 1605
1322 1757
1324 1332
1324 1603
1325 1352
1325 1583
1325 1593
1326 1379
1326 1417
1326 1487
1326 1515
1326 1539
1329 1551
1329 1590
1330 1390
1334 1344
1334 1405
1334 1439
1334 1488
1335 1434
1335 1540
1335 1571
1336 1414
1336 1480
1337 1408
1339 1440
1339 1564
1341 1342
1342 1358
1342 1572
1343 1476
1345 1470
1345 1588
1346 1502
1346 1569
1346 1658
1346 2071
1347 1483
1347 1568
1348 1498
1348 2090
1349 1350
1349 1584
1350 1358
1350 1423
1351 1382
1351 1564
1352 1583
1352 1593
1353 1560
1354 1588
1355 1367
1355 1389
1356 1436
1356 1507
1356 1532
1356 1549
1356 1555
1359 1408
1363 1403
1364 1569
1365 1447
1365 1891
1365 1892
1365 1893
1365 1963
1365 1990
1366 1380
1367 1417
1367 1695
1368 1533
1369 1373
1371 1392
1371 1559
1371 1588
1371 1892
1372 1533
1372 1567
1372 1597
1373 1414
1373 1568
1375 1391
1375 1429
1375 1559
1375 1580
1376 1444
1376 1745
1378 1574
1378 1606
1379 1417
1379 1578
1380 1466
1380 1492
1381 1384
1386 1559
1387 1402
1387 1482
1387 1483
1387 1486
1388 1391
1388 1483
1389 1465
1390 1485
1391 1429
1391 1530
1391 1540
1392 1405
1392 1445
1392 1559
1392 1567
1393 1423
1396 1498
1397 1401
1398 1601
1400 1527
1401 1571
1401 1581
1402 1497
1402 1568
1402 1572
1404 1576
1405 1439
1405 1444
1405 1603
1408 1532
1408 1602
1409 1410
1410 1440
1410 1923
1413 1512
1413 1514
1413 1594
1413 1606
1414 1486
1414 2064
1415 1536
1417 1424
1417 1494
1419 1552
1422 1910
1423 1606
1424 1432
1426 1444
1427 1430
1428 1565
1429 1540
1429 1577
1429 1580
1429 1591
1430 1574
1431 1522
1432 1550
1433 1549
1434 1462
1435 1461
1435 1692
1436 1437
1436 1444
1436 1877
1439 1444
1439 1488
1439 1595
1439 1603
1441 1561
1442 1545
1442 2045
1443 1514
1444 1488
1444 1555
1444 1595
1446 1535
1446 1728
1446 1971
1446 2005
1446 2030
1448 1530
1448 1767
1448 1861
1448 2008
1449 1606
1453 1530
1453 1692
1455 1569
1455 1810
1456 1462
1456 1482
1456 1497
1456 1533
1456 1692
1457 1582
1458 1528
1459 1468
1459 1520
1460 1498
1460 1574
1461 1474
1461 1546
1461 1966
1462 1482
1462 1516
1463 1545
1464 1606
1467 1478
1468 1470
1468 1474
1470 1569
1471 1549
1471 1551
1473 1485
1474 1479
1474 1546
1475 1518
1476 1561
1476 1612
1478 1508
1478 1561
1478 1585
1478 1597
1480 1541
1483 1528
1485 1602
1487 1603
1488 1555
1488 1595
1489 1574
1490 1491
1490 1871
1492 1801
1494 1555
1494 1743
1496 1508
1497 2014
1498 1550
1500 1881
1502 1596
1503 1535
1505 1574
1506 1537
1506 1592
1516 1517
1523 1871
1524 1576
1526 1532
1526 1564
1528 1601
1530 1580
1530 1583
1532 1588
1534 1546
1534 1555
1534 1605
1538 1721
1542 1554
1542 1581
1547 1549
1551 1590
1553 1832
1554 1581
1554 1692
1555 1605
1556 1604
1558 1563
1558 1582
1559 1603
1560 1813
1560 2028
1563 1567
1563 1582
1566 1591
1567 1580
1567 1593
1570 1785
1576 1585
1582 1644
1583 1593
1585 1597
1589 1734
1589 1737
1590 1595
1597 1702
1600 1884
1605 1729
1607 1610
1607 2020
1608 1814
1608 1846
1608 1870
1608 1917
1608 2053
1608 2066
1609 1620
1609 1806
1609 1813
1609 1903
1609 1999
1609 2028
1610 1805
1610 2020
1610 2021
1611 1621
1611 1652
1611 1680
1611 1713
1611 1751
1611 1790
1611 1843
1611 1962
1611 2000
1611 2070
1612 1632
1612 1689
1612 1706
1612 1725
1612 1739
1612 1758
1612 1852
1612 1867
1612 1955
1612 1979
1612 1982
1612 1992
1613 1645
1613 1667
1613 1683
1613 1685
1613 1703
1613 1748
1613 1860
1613 1899
1613 1908
1613 1951
1613 2047
1614 1814
1615 1675
1615 1706
1615 1729
1615 1743
1615 1759
1615 1868
1615 2080
1615 2095
1616 1732
1616 1787
1616 1860
1616 1923
1616 1967
1617 1622
1617 1624
1617 1660
1617 1668
1617 1675
1617 1682
1617 1691
1617 1719
1617 1789
1617 1807
1617 1846
1617 1848
1617 1875
1617 1876
1617 1902
1617 1905
1617 2003
1617 2019
1617 2040
1617 2043
1617 2046
1617 2069
1617 2076
1617 2086
1618 1709
1618 1773
1618 2097
1619 1705
1619 1772
1619 1782
1619 1793
1619 1837
1619 2032
1620 1744
1620 1777
1620 1857
1620 1899
1620 1918
1620 1925
1620 2022
1621 1680
1621 1751
1621 1758
1621 1816
1621 1874
1621 1883
1621 1891
1621 1908
1621 1913
1621 1942
1621 2000
1621 2023
1621 2024
1621 2083
1622 1624
1622 1660
1622 1682
1622 1686
1622 1715
1622 1757
1622 1848
1622 1851
1622 1876
1622 1920
1622 1977
1622 2019
1622 2043
1622 2058
1622 2069
1622 2092
1622 2094
1623 1736
1623 1739
1623 1764
1623 1793
1623 1816
1623 1849
1623 1928
1624 1848
1624 1851
1624 1917
1624 1924
1624 1948
1624 1977
1624 2078
1625 1690
1625 1707
1626 1653
1626 1748
1626 1929
1626 2047
1627 1663
1627 1687
1627 1914
1627 1943
1627 1954
1627 1988
1628 1674
1628 1680
1628 1683
1628 1783
1628 1813
1628 1885
1628 1987
1628 2014
1628 2049
1628 2070
1628 2088
1628 2096
1629 1691
1629 1797
1629 1803
1629 1917
1629 1995
1629 2054
1629 2058
1630 1663
1630 1751
1630 1873
1630 1899
1630 1906
1630 1929
1630 1993
1630 2037
1631 1634
1631 1884
1631 2023
1631 2052
1632 1667
1632 1673
1632 1698
1632 1777
1632 1784
1632 1831
1632 1836
1632 1903
1632 1918
1632 1979
1632 2047
1632 2055
1632 2057
1632 2065
1633 1871
1633 1933
1633 1981
1634 1647
1634 1739
1634 1884
1634 1974
1634 1992
1634 2048
1634 2093
1635 1730
1635 1753
1635 1775
1635 1800
1635 1855
1635 1923
1635 1927
1635 1945
1635 1967
1635 2072
1636 1703
1636 1780
1636 1825
1636 1865
1636 1944
1636 1969
1636 2051
1636 2095
1636 2096
1637 1783
1637 1867
1637 1881
1637 1923
1637 2072
1638 1655
1638 1663
1638 1667
1638 1683
1638 1706
1638 1764
1638 1793
1638 1849
1638 1932
1639 1992
1641 1681
1641 1719
1641 1762
1641 2056
1642 1741
1642 1814
1642 1970
1643 1651
1643 1914
1643 1932
1644 1741
1644 1820
1644 2061
1644 2071
1645 1663
1645 1674
1645 1683
1645 1703
1645 1706
1645 1764
1645 1777
1645 1849
1645 1985
1645 2006
1647 1666
1647 1677
1647 1754
1647 1785
1647 1807
1647 1868
1647 1912
1647 1937
1647 2034
1647 2091
1647 2095
1648 2077
1649 1719
1649 1759
1649 1781
1649 1828
1649 1844
1649 1875
1649 1980
1649 2059
1650 1665
1650 1666
1650 1776
1650 1905
1651 1818
1651 2018
1651 2032
1651 2061
1652 1680
1652 1698
1652 1794
1652 1816
1652 1877
1652 2042
1652 2044
1652 2070
1653 1679
1653 1692
1653 1705
1653 1852
1653 1873
1653 1939
1653 1988
1653 1995
1653 2000
1653 2047
1653 2084
1654 1781
1654 2039
1654 2083
1655 1666
1655 1679
1655 1688
1655 1750
1655 1836
1655 1884
1655 1975
1655 1985
1656 1989
1656 1994
1656 2095
1657 1692
1657 1712
1657 1713
1657 1725
1657 1748
1657 1842
1657 1897
1657 1909
1657 1913
1657 1930
1657 1934
1657 1969
1657 2049
1657 2057
1657 2081
1657 2083
1658 1720
1658 1888
1658 1936
1658 1971
1658 1973
1658 2009
1658 2015
1658 2085
1658 2093
1659 1675
1659 1716
1659 1770
1659 2005
1659 2009
1659 2090
1659 2093
1660 1682
1660 1686
1660 1691
1660 1715
1660 1745
1660 1757
1660 1767
1660 1781
1660 1848
1660 1851
1660 1902
1660 1905
1660 2019
1660 2026
1660 2031
1660 2040
1660 2043
1660 2046
1660 2058
1660 2078
1660 2094
1661 1774
1661 1998
1662 2022
1663 1718
1663 1825
1663 1871
1663 1932
1664 1702
1664 1833
1664 1909
1664 1942
1664 2023
1664 2028
1664 2075
1665 1715
1665 1807
1665 1948
1665 2089
1665 2092
1666 1688
1666 1754
1666 1781
1666 1848
1666 1849
1666 1867
1666 1921
1666 1983
1666 2038
1667 1673
1667 1685
1667 1706
1667 1713
1667 1740
1667 1751
1667 1764
1667 1793
1667 1794
1667 1803
1667 1836
1667 1908
1667 1914
1667 1918
1667 1926
1667 1939
1667 1988
1667 1995
1667 1999
1667 2000
1667 2035
1668 1741
1668 1789
1668 1814
1668 1841
1668 1854
1668 1875
1668 1877
1668 1889
1668 1924
1668 2003
1668 2029
1668 2076
1668 2078
1669 1672
1669 1838
1669 1853
1669 1901
1669 1937
1669 2038
1669 2045
1669 2095
1670 1688
1671 1953
1671 2026
1671 2095
1672 1874
1672 1885
1672 1937
1673 1698
1673 1703
1673 1706
1673 1713
1673 1748
1673 1750
1673 1784
1673 1793
1673 1816
1673 1831
1673 1838
1673 1918
1673 1981
1673 1988
1673 2057
1674 2006
1674 2039
1675 1695
1675 1717
1675 1738
1675 1840
1675 1931
1675 1971
1675 2005
1675 2033
1675 2068
1676 1723
1676 1809
1676 1846
1676 1868
1676 1994
1676 2038
1676 2053
1677 1711
1677 1732
1677 1868
1677 2027
1678 1734
1678 1737
1678 1782
1678 1909
1678 2034
1678 2037
1678 2072
1678 2073
1679 1685
1679 1686
1679 1897
1679 1918
1679 1939
1679 1988
1679 1995
1679 2047
1680 1685
1680 1702
1680 1908
1680 1936
1680 1942
1680 1981
1680 2000
1680 2028
1680 2042
1680 2083
1680 2088
1681 1711
1681 1776
1681 1820
1681 1824
1681 1851
1681 1870
1682 1686
1682 1688
1682 1691
1682 1700
1682 1715
1682 1757
1682 1783
1682 1876
1682 1905
1682 2019
1682 2031
1682 2040
1682 2043
1682 2046
1682 2056
1682 2058
1682 2063
1682 2069
1682 2086
1682 2094
1683 1685
1683 1764
1683 1765
1683 1849
1683 1871
1683 1913
1683 1932
1683 1974
1683 2009
1683 2039
1683 2057
1683 2070
1684 1919
1684 1976
1684 2021
1685 1706
1685 1777
1685 1849
1685 1852
1685 1880
1685 1909
1685 1926
1685 1975
1685 1995
1685 2009
1685 2024
1686 1715
1686 1741
1686 1759
1686 1807
1686 1875
1686 1905
1686 1912
1686 1917
1686 1920
1686 2040
1686 2043
1686 2046
1686 2058
1686 2089
1686 2094
1687 1705
1687 1709
1687 1716
1687 1753
1687 1908
1687 1927
1687 1928
1687 1954
1687 2034
1688 1848
1688 1921
1688 2019
1688 2031
1688 2056
1688 2059
1689 1690
1689 1804
1689 1942
1689 2032
1690 1772
1690 1802
1690 1839
1690 1864
1690 1865
1691 1715
1691 1831
1691 1917
1691 2043
1691 2047
1691 2076
1691 2086
1692 1735
1692 1780
1692 1995
1692 2057
1692 2065
1693 1768
1693 1779
1693 1888
1693 1891
1693 1909
1693 1936
1693 1943
1693 1959
1693 1971
1693 2015
1693 2030
1694 1754
1694 1826
1694 1829
1694 1846
1694 1854
1694 1948
1694 2029
1694 2080
1694 2095
1695 1728
1695 1774
1695 2012
1695 2030
1695 2090
1696 1859
1697 1726
1697 1731
1697 1811
1697 1907
1697 1977
1697 2089
1698 1816
1698 1831
1698 1979
1698 1981
1698 2047
1698 2055
1698 2070
1700 1734
1700 1882
1701 1744
1701 1808
1701 1865
1702 1712
1702 1764
1702 1817
1702 1940
1702 1981
1702 2047
1702 2092
1703 1706
1703 1877
1703 1895
1703 1969
1703 1979
1703 2039
1703 2080
1703 2084
1703 2096
1704 1800
1704 1837
1704 1985
1704 1991
1704 2067
1704 2097
1705 1712
1705 1744
1705 1782
1705 1858
1706 1764
1706 1793
1706 1823
1706 1828
1706 1849
1706 1860
1706 1864
1706 1865
1706 1932
1706 1969
1706 2024
1706 2039
1707 1711
1707 1729
1707 1732
1707 1743
1707 1787
1707 1843
1707 1972
1707 2027
1707 2063
1709 1728
1709 1773
1709 1973
1709 1990
1709 2002
1710 1712
1710 1827
1710 1951
1711 1727
1711 1743
1711 1824
1711 1850
1711 1870
1711 1949
1712 1792
1712 1827
1712 1873
1712 2047
1712 2049
1712 2072
1712 2088
1713 1748
1713 1799
1713 1816
1713 1965
1713 2000
1713 2023
1713 2047
1714 1728
1714 1760
1714 1796
1714 1931
1714 1952
1714 1998
1714 2015
1714 2090
1714 2091
1715 1807
1715 1917
1715 2029
1715 2056
1715 2058
1715 2086
1716 1964
1716 1972
1717 1861
1717 2008
1718 1825
1718 1871
1718 1974
1718 2044
1719 1814
1719 2044
1720 1833
1720 1961
1720 2022
1720 2085
1721 1805
1721 1879
1721 1907
1722 1859
1722 1938
1722 1960
1722 1971
1722 1980
1722 2013
1722 2021
1722 2090
1723 1810
1724 1835
1724 1863
1724 1914
1724 2002
1725 1748
1725 1752
1725 1792
1725 1897
1725 1965
1725 2047
1725 2049
1725 2088
1726 2086
1726 2099
1727 1785
1727 1807
1727 1901
1727 1912
1727 1968
1727 1983
1727 2054
1728 1805
1728 1998
1728 2009
1728 2091
1729 1757
1730 1801
1730 1950
1730 2028
1731 1809
1731 1852
1731 1853
1731 1902
1731 1912
1731 1924
1731 1948
1732 1787
1732 1837
1733 1744
1733 1772
1733 1773
1733 1865
1734 1741
1734 1824
1734 1874
1734 1885
1734 2018
1734 2072
1735 1751
1735 1794
1735 1884
1735 1955
1735 1975
1735 2052
1735 2064
1735 2084
1736 1756
1736 1825
1736 1914
1736 1935
1736 1954
1736 1990
1736 2035
1737 1824
1737 1864
1737 2037
1737 2072
1738 1924
1738 1960
1739 1816
1739 1823
1739 1922
1739 1941
1739 1996
1739 2070
1740 1794
1740 1908
1740 1944
1740 1988
1741 1780
1741 1820
1741 1834
1741 1856
1741 1874
1741 1885
1741 2060
1741 2076
1742 1752
1742 1776
1742 1879
1742 1905
1742 1942
1743 1761
1743 1860
1743 1910
1744 1765
1744 1782
1744 1787
1744 1865
1744 1942
1744 1955
1744 2025
1744 2035
1744 2051
1745 1851
1745 1946
1745 1977
1745 1983
1745 2010
1745 2019
1745 2056
1745 2078
1745 2094
1746 1883
1746 1970
1746 2048
1748 1755
1748 1816
1748 1827
1748 1908
1748 1913
1748 1981
1748 1988
1748 2000
1748 2047
1748 2049
1748 2067
1748 2081
1748 2083
1749 1931
1749 1947
1750 1784
1750 1793
1750 1795
1751 1755
1751 1758
1751 1790
1751 1794
1751 1803
1751 1975
1751 2052
1751 2080
1752 2089
1753 1770
1753 1810
1753 1816
1753 1928
1753 1941
1753 1943
1753 1971
1753 2057
1754 1826
1754 1829
1754 1853
1754 1868
1754 1937
1754 1978
1754 2023
1754 2038
1754 2091
1754 2095
1755 1793
1755 1816
1755 1837
1755 1873
1755 1936
1755 1940
1755 1985
1755 1988
1755 1991
1755 2047
1755 2097
1756 1840
1756 1888
1756 1938
1756 1956
1756 2002
1756 2097
1757 1886
1757 1905
1757 1983
1757 2031
1757 2041
1757 2094
1758 1777
1758 1803
1758 1816
1758 1908
1758 1913
1758 1932
1758 1962
1758 1985
1758 2000
1758 2001
1758 2083
1759 1781
1759 1902
1759 1905
1759 1977
1759 2046
1759 2092
1760 2091
1761 1856
1761 1907
1761 1911
1761 1970
1761 1980
1761 2079
1762 1789
1762 1791
1762 1824
1762 1834
1762 1854
1762 1856
1762 1875
1762 1989
1762 2003
1762 2029
1762 2078
1762 2086
1763 1823
1763 1838
1763 2014
1763 2062
1764 1773
1764 1816
1764 2025
1764 2035
1765 1782
1765 1955
1766 1808
1766 1828
1766 1921
1766 2066
1766 2082
1767 1850
1768 1821
1768 1891
1768 1914
1768 1936
1768 1943
1768 1957
1768 1959
1768 1971
1768 2005
1768 2030
1768 2034
1769 1931
1770 1773
1770 1774
1770 1817
1770 1862
1770 1887
1770 1928
1770 1952
1770 1957
1770 1966
1770 1971
1770 1990
1770 2002
1770 2015
1770 2033
1772 1899
1773 1928
1773 1952
1773 2097
1774 1810
1774 1817
1774 1840
1774 1998
1774 2012
1774 2013
1774 2021
1774 2033
1774 2091
1775 1825
1775 1900
1775 1927
1775 1936
1775 1974
1776 1841
1776 1879
1776 1907
1776 1911
1777 1793
1777 1806
1777 1918
1777 1970
1777 1995
1777 2084
1778 1799
1778 1867
1778 1934
1778 1945
1778 1958
1778 1981
1778 1987
1778 2028
1779 1792
1779 1838
1779 1899
1779 2016
1779 2062
1780 1785
1780 1826
1780 1995
1780 1999
1780 2020
1780 2096
1781 1822
1781 1901
1781 2031
1781 2092
1783 1886
1784 1803
1784 1824
1784 1831
1784 1834
1784 1852
1784 1988
1785 2026
1785 2056
1786 1900
1786 1901
1786 1974
1786 1981
1786 2033
1787 1805
1787 1826
1787 1843
1787 1860
1787 1997
1787 2072
1788 1821
1788 1868
1788 1994
1788 2030
1788 2095
1789 1834
1789 1854
1789 1877
1789 1921
1789 1994
1789 2010
1789 2015
1789 2056
1790 1966
1790 1975
1791 1830
1791 1856
1791 1877
1791 2017
1791 2025
1792 1827
1792 1897
1792 1903
1792 1936
1792 1979
1792 2047
1792 2049
1792 2075
1792 2083
1792 2088
1792 2092
1793 1932
1793 1970
1794 1809
1794 1824
1794 1908
1794 1932
1794 1943
1794 1944
1794 1988
1794 2034
1794 2038
1794 2070
1794 2088
1795 1906
1795 1909
1795 2023
1795 2049
1795 2052
1796 1998
1797 1803
1797 1995
1798 2079
1799 1837
1799 1873
1799 1880
1799 2042
1800 1942
1800 1967
1800 1997
1801 1910
1802 2014
1802 2042
1802 2048
1802 2060
1803 1831
1803 1943
1803 1988
1803 1995
1803 2064
1804 1970
1805 1826
1806 1842
1806 1867
1806 1906
1806 1922
1806 1958
1806 2028
1807 1912
1807 2056
1807 2076
1808 1993
1809 1853
1809 1924
1809 1937
1809 2038
1809 2091
1810 1928
1810 1971
1810 1990
1810 2012
1810 2013
1810 2090
1811 1856
1811 1937
1811 1977
1811 2040
1811 2046
1811 2089
1811 2099
1812 1840
1812 1888
1812 2015
1812 2093
1813 1906
1813 1962
1813 1988
1813 2028
1814 1846
1814 1853
1814 1856
1814 1878
1814 2054
1815 1821
1815 1856
1815 1878
1815 2012
1816 1908
1816 1926
1816 1944
1816 1969
1816 1985
1816 1991
1816 2000
1816 2057
1816 2065
1816 2070
1817 1862
1817 1887
1817 1990
1817 2002
1817 2033
1817 2091
1818 1823
1818 1868
1819 2012
1819 2030
1819 2090
1820 1970
1820 2045
1820 2060
1821 1850
1821 2030
1821 2091
1822 1868
1822 1968
1823 1865
1823 1914
1823 1996
1823 2014
1823 2044
1823 2051
1824 1850
1824 1901
1825 1927
1827 1883
1827 2047
1827 2049
1827 2088
1828 1834
1828 1841
1828 1874
1828 1946
1828 1977
1828 1982
1828 2095
1829 1854
1829 1912
1829 1948
1829 1978
1829 2029
1830 1946
1830 2025
1830 2098
1831 1865
1831 1988
1832 1886
1832 1958
1833 1950
1833 1961
1833 1984
1834 1875
1834 1902
1834 1907
1834 1953
1834 2010
1834 2053
1835 1863
1835 2085
1836 1913
1836 1918
1836 1988
1836 1995
1836 1999
1836 2047
1837 1839
1837 1873
1837 1936
1837 1940
1837 1962
1838 1839
1838 1865
1838 1932
1838 1951
1838 1962
1838 2001
1839 1951
1839 1965
1839 1968
1839 2001
1840 1888
1840 1941
1840 1973
1840 2002
1840 2085
1841 2017
1841 2078
1842 1884
1842 1913
1842 1918
1842 1926
1842 1934
1842 1999
1842 2052
1842 2065
1842 2081
1842 2093
1843 2072
1844 1853
1844 1924
1846 2053
1846 2054
1848 1851
1848 1901
1848 1907
1848 1937
1848 1948
1848 2019
1848 2058
1848 2078
1849 1864
1849 1932
1849 1996
1849 2034
1850 1854
1850 1870
1850 1892
1850 1919
1850 1981
1850 2038
1851 1937
1851 2019
1851 2049
1852 1897
1852 1900
1852 1903
1852 1989
1852 1994
1852 2028
1852 2051
1852 2056
1853 1902
1853 1924
1854 1924
1854 1948
1854 2003
1854 2076
1854 2078
1855 1864
1855 2037
1855 2051
1856 1874
1856 1886
1856 1980
1856 2017
1857 1925
1857 2042
1859 1949
1859 1976
1859 2013
1862 1957
1862 1961
1862 1963
1862 2002
1863 1963
1864 1865
1864 2035
1864 2042
1864 2051
1865 2051
1866 1919
1867 1902
1867 1926
1867 1930
1867 1965
1867 1993
1867 2028
1868 1912
1868 2091
1868 2095
1869 1908
1869 1942
1869 1944
1869 2075
1870 1908
1870 2000
1870 2030
1871 1904
1873 1880
1873 1981
1873 2037
1873 2081
1874 1885
1874 2017
1875 1982
1875 2003
1875 2029
1875 2058
1876 2040
1876 2046
1876 2076
1876 2078
1876 2099
1877 1915
1877 1937
1877 1946
1877 1982
1877 1989
1877 2053
1877 2076
1877 2078
1880 1958
1880 1993
1880 2042
1884 2052
1884 2083
1886 1916
1886 2010
1886 2041
1886 2054
1887 1964
1888 1959
1888 1964
1888 2085
1889 1916
1889 1939
1890 1908
1890 1918
1890 1933
1890 1973
1890 1997
1890 2000
1891 1957
1891 1990
1891 2034
1891 2039
1891 2064
1892 2064
1892 2068
1893 2097
1895 1970
1895 2009
1895 2080
1896 1970
1896 2032
1897 1934
1897 1936
1897 1939
1897 1965
1897 1979
1897 2049
1899 1997
1900 1927
1901 1923
1901 1937
1901 1989
1901 1994
1902 1905
1902 1917
1902 1920
1902 1923
1902 2041
1902 2053
1903 1926
1903 1934
1903 1965
1904 1927
1904 2064
1905 1915
1905 2031
1905 2041
1905 2043
1905 2069
1905 2089
1906 1929
1906 1965
1906 2016
1907 1921
1907 2019
1908 1913
1908 1918
1908 1932
1908 1942
1908 1965
1908 2000
1908 2001
1908 2014
1908 2051
1908 2057
1908 2083
1909 1958
1909 2017
1909 2049
1909 2052
1909 2096
1911 1970
1911 1980
1913 1932
1913 1933
1913 1939
1913 2000
1913 2083
1914 1957
1914 2083
1915 2041
1915 2076
1915 2089
1916 2054
1918 1926
1918 1939
1918 1965
1918 1988
1918 1999
1918 2000
1918 2065
1918 2084
1919 1931
1919 2009
1919 2030
1919 2091
1920 1983
1920 2053
1920 2076
1920 2092
1921 1948
1921 2029
1921 2031
1921 2053
1922 2039
1922 2075
1923 1945
1923 1958
1923 2050
1923 2072
1924 1948
1924 2076
1925 1974
1925 2022
1925 2037
1926 1927
1926 2052
1926 2084
1927 1974
1927 1996
1927 2072
1927 2081
1928 1935
1928 1964
1928 2002
1928 2035
1930 1965
1930 1969
1930 2096
1931 1935
1931 1949
1931 1998
1931 2068
1931 2079
1933 1934
1933 1936
1933 1944
1933 1958
1933 2024
1933 2048
1933 2055
1934 1965
1935 2015
1935 2035
1936 1940
1936 1957
1936 1958
1936 1991
1936 2083
1937 1948
1937 1977
1937 1986
1937 2095
1938 1956
1938 2012
1939 1975
1939 1988
1939 2047
1940 1985
1941 1943
1941 1954
1941 2002
1942 2001
1942 2022
1942 2028
1942 2044
1943 1954
1943 1971
1943 2030
1944 1958
1944 1987
1944 1988
1944 2044
1945 2016
1945 2032
1946 1953
1946 2019
1946 2027
1946 2099
1947 1960
1947 2018
1948 2029
1949 2050
1950 1984
1951 1955
1951 1965
1951 2001
1951 2057
1951 2064
1952 1959
1952 2005
1952 2091
1953 2010
1953 2027
1953 2053
1953 2063
1954 2035
1954 2061
1955 1956
1955 2051
1955 2088
1956 1990
1957 1959
1957 2005
1957 2067
1958 1987
1958 2006
1958 2044
1958 2049
1958 2064
1958 2088
1959 1973
1959 2005
1959 2015
1959 2030
1960 2013
1960 2021
1961 2085
1962 2052
1964 1973
1965 1999
1965 2065
1966 2012
1966 2068
1967 1996
1967 1997
1967 2039
1967 2048
1968 2054
1968 2092
1969 1981
1969 2051
1969 2057
1969 2096
1970 1980
1970 2060
1971 1990
1971 2015
1971 2030
1971 2090
1973 2009
1973 2050
1973 2085
1975 2065
1976 2013
1977 2019
1977 2069
1977 2078
1977 2086
1978 2056
1979 2049
1979 2055
1979 2075
1979 2088
1979 2096
1980 2050
1980 2080
1981 1985
1981 2047
1982 1989
1982 2056
1983 1989
1983 2056
1983 2076
1983 2086
1985 1991
1985 1995
1987 2050
1988 1999
1988 2029
1988 2047
1989 1994
1989 2056
1989 2063
1989 2082
1990 2013
1990 2015
1990 2067
1991 2065
1992 2016
1992 2093
1994 2027
1994 2056
1994 2070
1995 2047
1996 2034
1996 2035
1996 2067
1998 2091
1999 2065
2000 2001
2000 2023
2000 2067
2000 2081
2000 2083
2002 2075
2003 2076
2003 2078
2006 2032
2006 2084
2010 2027
2011 2012
2012 2068
2012 2090
2014 2035
2014 2044
2014 2080
2014 2087
2015 2030
2018 2020
2018 2060
2018 2074
2019 2031
2019 2043
2019 2046
2019 2058
2019 2069
2019 2086
2019 2099
2020 2060
2021 2045
2022 2062
2023 2047
2026 2038
2026 2045
2026 2060
2026 2063
2026 2094
2027 2079
2028 2051
2029 2031
2029 2043
2029 2082
2029 2092
2030 2091
2031 2078
2033 2090
2033 2091
2034 2038
2035 2067
2038 2089
2038 2094
2038 2095
2039 2051
2039 2057
2040 2046
2040 2058
2040 2078
2040 2086
2040 2099
2041 2046
2041 2089
2044 2051
2045 2056
2046 2058
2046 2078
2046 2084
2046 2086
2046 2089
2046 2099
2047 2049
2047 2051
2047 2067
2048 2057
2049 2075
2049 2088
2050 2067
2050 2072
2052 2083
2052 2084
2053 2078
2055 2065
2055 2083
2056 2094
2058 2069
2059 2078
2063 2080
2064 2096
2065 2083
2065 2084
2070 2080
2075 2088
2076 2078
2078 2089
2078 2099
2081 2083
2086 2099
2087 2090
2091 2095
2094 2099
