#num-nodes
1650
#num-links
6814
#links
0 331
0 787
0 1092
1 312
1 365
1 391
1 402
1 574
1 697
1 705
1 988
2 24
2 126
2 180
2 189
2 580
2 757
2 793
2 1107
2 1168
2 1217
2 1598
3 185
3 331
3 567
3 652
3 767
3 798
3 898
3 1192
4 15
4 54
4 68
4 115
4 237
4 275
4 336
4 721
4 766
4 1128
4 1151
5 120
5 178
5 595
5 1180
6 15
6 249
6 628
6 659
6 751
6 754
6 838
6 1046
7 41
7 55
7 112
7 236
7 242
7 468
7 491
7 534
7 592
7 743
7 936
7 1068
7 1594
7 1607
8 63
8 630
8 842
9 10
9 31
9 141
9 461
9 560
9 809
9 1020
10 139
10 820
10 835
10 1009
10 1016
10 1079
10 1114
11 95
11 220
11 368
11 401
11 493
11 943
11 1114
12 28
12 195
12 1204
13 200
13 310
13 738
13 1387
14 183
14 314
14 371
14 737
14 1162
15 54
15 115
15 269
15 275
15 311
15 628
15 659
15 980
15 1020
15 1046
15 1116
15 1131
16 54
16 90
16 167
16 311
16 348
16 510
16 721
16 820
16 834
16 985
16 1071
16 1124
16 1143
17 239
17 344
17 442
17 527
17 660
17 689
17 712
17 786
17 878
17 961
17 1011
17 1146
18 737
19 72
19 190
19 265
19 370
19 425
19 613
19 629
19 1052
19 1068
19 1194
20 32
20 56
20 72
20 174
20 370
20 641
20 727
20 746
20 919
20 925
21 475
21 834
21 880
22 183
22 242
22 520
22 574
22 704
22 757
22 769
22 954
22 966
23 287
23 485
23 573
23 621
23 1116
24 58
24 189
24 366
24 483
24 513
24 539
24 560
24 601
24 660
24 691
24 707
24 785
24 843
24 1107
24 1135
25 164
25 340
25 410
25 664
25 675
25 777
25 882
25 934
25 1034
26 327
26 573
26 676
26 807
26 989
26 1023
26 1133
27 214
27 437
27 1128
27 1142
27 1157
28 195
28 654
28 771
28 1202
28 1204
29 297
29 564
29 1108
29 1153
30 31
30 58
30 312
30 324
30 368
30 373
30 529
30 1118
31 96
31 141
31 188
31 390
31 576
31 606
31 705
32 47
32 173
32 174
32 238
32 381
32 463
32 532
32 568
32 641
32 727
32 746
32 758
32 870
32 919
32 1007
32 1098
32 1181
32 1194
33 284
33 515
33 982
33 1207
35 206
35 209
35 345
35 894
35 1065
35 1203
36 79
36 177
36 190
36 195
36 335
36 364
36 569
36 650
36 847
36 848
36 888
36 1184
36 1188
37 85
37 116
37 223
37 253
37 367
37 609
37 710
37 963
37 1131
37 1151
37 1183
38 130
38 186
38 304
38 315
38 336
38 495
38 522
38 807
38 964
38 988
38 1126
38 1183
39 306
39 417
39 898
39 1108
40 822
40 902
40 1005
41 112
41 166
41 371
41 491
41 530
41 555
41 586
41 804
41 830
41 913
41 936
41 948
41 1054
41 1093
41 1184
41 1194
41 1408
42 143
42 149
42 355
42 508
42 795
42 825
42 895
42 903
43 315
43 713
43 731
43 779
43 784
43 935
43 1071
44 102
44 278
44 403
44 619
44 930
45 260
45 262
45 498
45 566
45 684
45 736
45 804
45 1100
45 1166
45 1196
45 1387
45 1439
45 1536
45 1598
46 271
46 460
46 471
46 663
46 683
46 742
46 823
46 995
46 1000
46 1051
46 1055
46 1109
47 381
47 463
47 919
47 925
47 1054
47 1174
47 1218
48 53
48 83
48 431
48 528
48 529
48 705
48 1113
48 1129
48 1138
49 180
49 363
49 413
49 651
49 781
49 807
49 995
49 1151
50 359
50 594
50 653
50 700
51 132
51 281
51 387
51 445
51 871
51 896
52 383
52 533
52 549
52 563
52 581
52 780
52 872
52 1049
52 1064
52 1099
52 1121
52 1172
52 1173
53 827
54 85
54 102
54 188
54 208
54 275
54 341
54 404
54 423
54 469
54 558
54 659
54 700
54 714
54 721
54 734
54 744
54 820
54 877
54 936
54 946
54 962
54 1016
54 1079
54 1103
54 1136
55 371
55 400
55 440
55 491
55 607
55 708
55 1068
55 1387
56 64
56 104
56 177
56 631
56 1021
57 227
57 683
58 59
58 126
58 189
58 282
58 286
58 328
58 483
58 601
58 707
58 926
58 1135
59 104
59 298
59 568
59 862
60 453
60 571
60 589
60 966
60 1121
61 673
61 770
62 282
62 300
62 390
62 640
62 809
62 929
62 1015
62 1069
62 1088
62 1094
62 1130
62 1149
62 1185
63 326
63 449
63 630
63 889
63 963
63 1092
64 293
64 314
64 494
64 564
64 741
64 790
64 998
64 1111
64 1123
65 251
65 772
65 857
65 909
65 1083
65 1165
66 265
66 775
66 800
66 830
66 1147
66 1265
67 237
67 747
67 785
67 968
67 1001
67 1209
68 144
68 193
68 250
68 336
68 452
68 558
68 618
68 724
68 766
68 796
68 880
68 946
68 1128
69 147
69 475
69 662
69 705
69 794
69 888
69 938
69 1077
70 77
70 328
70 521
70 640
70 649
70 682
70 929
70 1094
70 1151
71 114
71 540
71 1087
72 79
72 104
72 344
72 610
72 629
72 689
72 736
72 854
72 1166
72 1341
73 245
73 885
73 1030
74 87
74 179
74 389
74 442
74 543
74 572
74 669
74 709
74 815
74 969
74 1076
74 1077
74 1081
74 1140
75 187
75 889
75 892
75 1082
75 1105
76 410
76 591
76 627
76 675
76 676
76 718
76 784
76 822
76 971
76 1105
77 258
77 274
77 785
77 965
77 970
77 1193
78 404
79 211
79 371
79 569
79 610
79 706
79 843
79 1184
79 1188
79 1642
80 180
80 191
80 283
80 284
80 322
80 411
80 460
80 557
80 568
80 649
80 993
80 1004
80 1052
80 1174
81 193
81 224
81 407
81 699
81 732
81 827
81 1031
81 1182
82 265
82 301
82 382
82 407
82 570
82 890
82 1136
82 1184
82 1191
83 95
83 443
83 528
83 705
83 878
83 961
83 978
83 1047
83 1120
83 1129
83 1138
84 1098
85 160
85 342
85 367
85 721
85 724
85 940
85 949
85 962
85 1151
86 269
86 372
86 683
86 733
86 741
86 1123
86 1216
86 1439
86 1580
87 389
87 543
87 593
87 670
87 1076
87 1081
87 1366
88 96
88 126
88 503
88 529
88 674
88 682
88 705
88 790
88 1113
89 758
90 146
90 235
90 423
90 454
90 685
90 1059
90 1069
90 1366
91 103
91 159
91 303
91 502
91 573
91 621
91 1047
91 1116
92 312
92 427
92 676
92 698
92 705
92 774
92 1212
93 190
93 228
93 316
93 453
93 586
93 736
93 862
93 911
93 925
93 967
93 1010
93 1194
94 95
94 96
94 161
94 294
94 379
94 667
94 678
94 709
94 861
94 974
94 992
94 1061
95 216
95 263
95 317
95 347
95 455
95 560
95 697
95 863
95 908
95 975
95 992
96 126
96 216
96 427
96 503
96 705
96 926
96 992
97 100
97 197
97 253
97 387
97 620
97 639
97 662
97 861
97 971
97 998
97 1028
97 1161
97 1206
98 128
98 319
98 324
98 341
98 606
98 1007
98 1025
99 507
99 583
99 713
99 714
99 1075
100 197
100 387
100 497
100 580
100 620
100 639
100 807
100 998
100 1161
100 1206
101 161
101 312
101 678
101 761
102 268
102 335
102 619
102 721
102 744
102 804
102 875
102 940
102 962
102 1006
102 1008
102 1016
103 188
103 1047
103 1120
103 1130
103 1218
104 148
104 163
104 239
104 568
104 631
104 647
104 684
104 712
104 936
105 826
105 897
105 906
105 997
105 1130
105 1177
106 138
106 208
106 226
106 867
107 208
107 226
107 236
107 582
107 739
107 947
108 511
108 588
108 725
108 817
109 448
109 1036
109 1434
109 1469
110 191
110 284
110 382
110 388
110 610
110 674
110 750
110 1217
111 119
111 221
111 257
111 274
111 352
111 456
111 608
111 688
111 812
111 886
111 1214
112 180
112 299
112 830
112 836
112 936
112 1094
112 1150
113 465
113 674
113 905
113 1014
114 246
114 540
114 686
114 1023
114 1152
115 119
115 140
115 182
115 237
115 257
115 886
115 1618
116 125
116 231
116 240
116 302
116 437
116 475
116 541
116 575
116 662
116 874
117 486
117 980
117 1124
118 339
118 937
119 128
119 276
119 284
119 286
119 360
119 451
119 716
119 795
119 886
119 1214
120 155
120 388
120 783
121 534
121 1058
121 1117
122 434
122 531
122 546
122 635
122 1060
122 1072
123 142
123 192
123 272
123 302
123 418
123 432
123 471
123 552
123 627
123 680
123 742
123 1018
123 1185
123 1209
123 1221
124 164
124 295
124 437
124 664
124 675
124 934
124 1085
124 1116
125 240
125 304
125 476
125 627
125 695
125 710
125 1071
126 189
126 259
126 289
126 366
126 427
126 619
126 720
126 774
126 797
126 836
126 926
126 1033
126 1206
127 509
127 760
127 906
127 1028
128 210
128 286
128 365
128 414
128 431
128 489
128 503
128 550
128 573
128 786
128 925
128 1075
128 1116
128 1138
129 492
129 1011
129 1198
130 182
130 296
130 440
130 442
130 986
131 381
131 614
131 712
131 771
131 775
131 846
131 862
131 996
131 1058
131 1137
131 1181
132 484
132 715
132 754
132 773
132 802
132 894
132 1065
132 1199
133 149
133 207
133 224
133 231
133 353
133 387
133 497
133 508
133 639
133 732
133 795
133 814
133 903
133 941
133 1161
134 211
134 267
134 305
134 1168
135 373
135 410
135 596
135 598
135 718
135 762
135 777
135 780
135 784
135 786
135 934
135 976
136 225
136 368
136 373
136 439
136 598
136 634
136 680
136 826
136 906
136 932
136 949
136 997
136 1029
136 1120
136 1221
137 157
137 393
137 401
137 407
137 586
137 681
137 837
137 1154
138 199
138 447
138 474
138 765
138 1021
138 1062
138 1520
139 152
139 219
139 277
139 368
139 373
139 417
139 538
139 902
139 994
139 1064
139 1092
139 1194
140 237
140 247
140 460
140 982
140 1107
141 390
141 391
141 406
141 503
141 560
141 669
141 809
141 908
141 961
141 1070
141 1118
141 1138
141 1273
142 756
142 938
143 154
143 306
143 443
143 644
143 819
143 894
143 932
143 1141
144 151
144 286
144 299
144 386
144 423
144 682
144 788
144 887
144 950
144 955
144 1079
144 1150
145 267
145 320
145 388
145 411
145 548
145 570
145 722
145 851
145 1052
145 1057
145 1174
145 1209
146 246
146 300
146 317
146 454
146 604
146 961
146 1013
146 1155
146 1169
146 1170
146 1195
147 202
147 205
147 294
147 379
147 562
147 565
147 861
147 974
147 1073
148 308
148 363
148 368
148 490
148 794
148 828
148 936
148 1039
148 1094
149 355
149 489
149 726
149 818
149 825
149 890
149 978
150 493
150 555
150 612
150 658
150 717
150 858
150 867
151 299
151 386
151 391
151 423
151 475
151 788
151 950
151 964
151 1079
151 1169
152 277
152 331
152 417
152 798
152 852
153 738
153 765
153 948
153 975
154 172
154 494
154 500
154 826
154 1182
155 556
155 736
155 1162
155 1166
156 193
156 194
156 211
156 711
156 743
156 914
156 1165
156 1204
157 404
157 407
157 603
157 635
157 834
157 896
157 986
157 1134
158 193
158 194
158 538
158 559
158 657
158 1082
158 1085
159 269
159 877
159 878
159 1048
159 1103
159 1131
160 229
160 559
160 644
160 791
160 845
160 1000
160 1029
160 1141
160 1153
160 1167
161 312
161 678
161 908
161 1143
162 356
162 369
162 401
162 581
162 592
162 952
162 1029
162 1172
162 1173
163 239
163 434
163 462
163 555
163 717
163 966
163 1179
164 416
164 487
164 594
164 675
164 686
164 1042
164 1048
165 354
165 921
165 1277
166 201
166 334
166 407
166 461
166 589
166 679
166 913
166 1093
166 1155
166 1194
167 253
167 276
167 618
167 710
167 834
167 901
167 1071
168 358
168 875
169 236
169 274
169 765
169 789
169 980
170 270
170 577
170 711
170 1072
171 179
171 424
171 543
171 572
171 580
171 681
171 757
171 815
171 969
172 176
172 200
172 236
172 333
172 500
172 603
172 611
172 806
172 826
172 867
172 942
172 979
172 1009
172 1022
172 1025
173 190
173 228
173 335
173 370
173 463
173 641
173 758
173 1054
173 1083
173 1136
173 1139
173 1194
174 190
174 532
174 641
174 746
174 973
176 225
176 226
176 232
176 394
176 611
176 760
176 806
176 846
176 1025
176 1039
177 226
177 293
177 372
177 393
177 530
177 800
177 808
177 810
177 1123
177 1147
177 1160
177 1181
178 518
178 595
178 678
178 1052
179 418
179 572
179 593
179 627
179 815
179 1076
179 1077
179 1140
180 191
180 317
180 456
180 539
180 905
180 1033
181 394
181 676
181 986
181 1009
181 1164
181 1187
182 296
182 348
182 358
182 777
182 778
182 812
183 1018
184 522
184 593
184 670
184 969
184 1089
184 1366
185 200
185 206
185 614
185 652
185 767
185 1148
185 1192
185 1600
186 295
186 368
186 426
186 597
186 693
186 1026
186 1048
186 1086
187 189
187 408
187 499
187 720
187 761
187 822
187 892
187 976
187 980
187 1206
187 1211
188 243
188 423
188 451
188 576
188 651
188 682
188 1016
188 1043
188 1094
188 1150
188 1535
189 243
189 328
189 483
189 601
189 926
189 1135
189 1145
190 228
190 334
190 335
190 400
190 463
190 568
190 569
190 637
190 708
190 758
190 870
190 973
190 1074
190 1194
191 241
191 272
191 322
191 466
191 552
191 748
191 851
191 911
192 385
192 441
192 481
192 720
192 878
192 899
192 941
192 981
192 988
192 989
193 194
193 602
193 699
193 732
193 1082
193 1161
194 501
194 538
194 559
194 621
194 791
194 1000
194 1034
194 1082
194 1085
194 1146
195 569
195 654
195 922
195 1123
196 762
196 951
196 1186
197 387
197 495
197 620
197 639
197 662
197 814
197 976
197 998
197 1161
197 1206
197 1211
198 500
198 1127
198 1157
199 397
199 954
199 1216
200 327
200 617
200 1009
200 1016
200 1043
201 248
201 270
201 358
201 472
201 547
201 758
202 205
202 235
202 317
202 321
202 324
202 379
202 620
202 801
202 861
202 998
202 1061
202 1118
202 1206
203 337
203 419
203 726
203 903
204 222
204 472
204 587
204 626
204 677
204 692
204 1569
205 255
205 490
205 524
205 762
205 938
205 976
205 1206
206 209
206 212
206 523
206 1203
206 1214
207 368
207 373
207 385
207 436
207 495
207 795
207 884
207 899
207 941
207 988
207 989
207 1063
208 426
208 840
208 869
208 940
208 943
208 1079
209 489
209 807
209 825
209 1203
210 347
210 365
210 406
210 414
210 431
210 489
210 503
210 528
210 550
210 697
210 908
211 256
211 335
211 474
211 1188
212 258
212 1214
213 456
214 1142
214 1157
215 752
215 1212
216 347
216 379
216 432
216 455
216 545
216 573
216 669
216 863
216 908
216 992
216 1024
217 228
217 492
217 532
217 1140
218 376
218 514
218 725
218 1014
218 1057
218 1209
219 225
219 277
219 303
219 564
219 775
219 902
219 1003
219 1005
219 1552
220 235
220 545
220 550
220 575
220 695
220 779
220 784
220 955
220 964
220 975
220 1029
220 1059
220 1161
221 257
221 258
221 310
221 617
222 625
222 647
222 677
222 1013
223 367
223 721
223 724
223 871
223 924
223 940
223 990
223 991
223 1151
224 497
224 639
224 691
224 720
224 786
224 825
224 852
224 903
224 932
225 323
225 428
225 642
225 680
225 760
225 839
225 873
225 902
225 906
225 948
225 997
225 1119
225 1177
226 232
226 510
226 611
226 628
226 867
226 979
226 1009
226 1159
227 316
227 631
227 683
227 775
227 810
227 1074
228 335
228 364
228 463
228 566
228 570
228 641
228 870
228 888
228 911
228 973
228 1217
230 507
230 526
230 615
230 643
230 803
230 904
230 1061
230 1144
231 302
231 304
231 497
231 575
231 710
231 892
231 1103
231 1151
232 394
232 500
232 510
232 611
232 730
232 867
232 873
232 1025
233 1215
234 342
234 700
234 807
234 891
234 1157
235 311
235 391
235 423
235 475
235 536
235 537
235 587
235 734
235 803
235 1022
235 1172
235 1197
236 242
236 491
236 500
236 584
236 628
236 713
236 758
236 806
236 1584
237 284
237 322
237 460
237 747
237 765
237 982
238 364
238 491
238 555
238 712
238 730
238 758
238 830
238 973
238 1194
238 1202
239 262
239 267
239 290
239 434
239 605
239 683
239 959
239 963
240 304
240 355
240 418
240 756
240 1140
241 247
241 382
241 403
241 405
241 458
241 653
241 750
241 911
241 967
241 1166
241 1189
241 1205
241 1209
241 1217
242 348
242 468
242 704
242 806
242 954
242 1054
242 1068
243 286
243 289
243 601
243 682
243 1094
243 1135
243 1150
244 346
244 429
244 831
244 856
245 374
245 868
245 885
246 248
246 479
246 540
246 545
246 757
246 984
246 1023
246 1042
246 1087
246 1366
247 271
247 415
247 552
247 557
247 653
247 782
247 832
247 890
247 911
247 987
247 1109
248 288
248 454
248 545
248 547
248 587
248 589
248 679
248 923
248 1155
248 1366
248 1635
249 419
249 500
249 655
249 945
249 1009
250 336
250 626
250 796
250 799
250 834
251 257
251 914
251 1074
251 1201
253 255
253 524
253 599
253 710
253 927
253 976
254 323
254 449
254 902
254 1119
255 490
255 524
255 709
255 762
255 938
255 971
255 1073
255 1211
256 291
256 309
256 311
256 671
256 858
256 940
256 1022
256 1424
257 688
257 985
257 1196
257 1214
257 1467
258 392
258 578
258 681
258 740
258 816
259 427
259 797
259 833
259 866
259 926
260 400
260 498
260 566
260 607
260 672
260 763
260 848
260 1068
260 1114
260 1136
260 1156
260 1241
262 400
262 498
262 566
262 1154
262 1156
263 669
263 710
263 889
263 908
263 992
264 787
264 953
264 1042
264 1148
264 1161
265 335
265 364
265 425
265 496
265 525
265 571
265 743
265 763
265 847
265 853
265 881
265 1008
265 1030
266 711
266 959
266 1072
267 305
267 397
267 453
267 577
267 629
267 636
267 749
267 813
267 977
267 1021
267 1117
267 1139
267 1387
267 1601
268 461
268 684
268 865
268 870
268 893
268 973
268 1056
269 691
269 878
269 1048
269 1131
270 598
270 758
270 854
270 873
270 913
270 959
270 1054
271 384
271 460
271 742
271 823
271 1097
272 291
272 351
272 548
272 552
272 671
272 748
272 851
272 1154
273 469
273 598
273 903
273 1054
273 1200
273 1213
274 275
274 341
274 357
274 551
274 604
274 608
274 688
274 796
274 799
274 812
274 950
274 1185
274 1199
275 558
275 560
275 686
275 719
275 721
275 724
275 766
275 820
275 946
275 1151
276 308
276 386
276 426
276 527
276 724
276 739
276 946
276 962
276 990
276 1165
277 417
277 435
277 564
277 658
277 755
277 818
277 902
277 1005
277 1092
277 1119
278 335
278 370
278 403
278 637
278 914
278 930
278 1008
278 1016
279 309
279 824
279 947
279 1003
279 1193
280 426
280 819
280 987
280 1020
280 1084
281 357
281 438
281 445
281 484
281 486
281 676
281 896
281 937
281 1080
282 406
282 436
282 483
282 865
282 899
282 1094
282 1113
282 1130
283 284
283 322
283 464
283 823
283 993
283 1097
283 1176
284 513
284 570
284 911
284 982
284 993
284 1214
284 1443
285 355
285 389
285 404
285 442
285 514
285 580
285 756
285 757
285 815
285 944
285 1018
285 1209
286 865
286 973
286 1075
286 1094
286 1107
287 367
287 472
287 720
287 825
287 933
287 1047
288 301
288 454
288 545
288 547
288 587
288 605
288 679
288 757
288 769
288 1013
288 1155
288 1635
289 500
289 836
289 925
289 1164
290 301
290 369
290 434
290 607
290 1032
291 320
291 388
291 548
291 556
291 671
291 696
291 750
291 851
291 859
291 890
291 1166
291 1217
292 598
292 769
292 987
293 393
293 462
293 808
293 810
293 919
293 1160
294 321
294 490
294 565
294 667
294 709
294 863
295 367
295 573
295 590
295 1027
295 1116
296 348
296 363
296 423
296 520
296 537
296 587
296 1197
297 306
297 612
297 651
297 694
297 767
297 821
297 1025
297 1164
298 304
298 1204
299 386
299 682
299 887
299 1020
299 1079
299 1094
299 1113
299 1146
299 1150
299 1573
300 481
300 576
300 640
300 809
300 1013
300 1079
300 1155
301 334
301 369
301 396
301 403
301 434
301 461
301 519
301 605
301 769
301 967
301 1032
301 1195
301 1205
302 476
302 686
302 704
302 900
302 949
302 1151
303 527
303 673
303 697
303 819
304 405
304 508
304 577
304 1126
304 1183
305 422
305 447
305 462
305 492
305 629
305 1021
305 1168
306 612
306 987
306 991
306 1053
306 1108
307 310
307 480
307 617
307 843
307 866
307 990
308 363
308 386
308 719
308 724
308 822
308 946
308 1103
308 1169
309 516
309 549
309 923
309 1022
309 1101
309 1121
309 1409
310 480
310 617
310 866
311 641
311 1127
311 1401
311 1559
312 379
312 574
312 678
312 1170
313 498
313 1201
313 1216
313 1355
313 1401
313 1559
314 488
314 741
314 1609
315 495
315 779
316 335
316 372
316 530
316 631
316 683
316 810
316 1174
316 1213
317 545
317 905
317 961
318 411
318 514
318 515
318 729
318 748
318 823
318 1097
318 1176
319 324
319 419
319 700
319 705
319 797
319 964
319 1219
320 407
320 448
320 557
320 851
320 1459
321 426
321 709
321 861
321 902
321 1061
321 1132
322 460
322 513
322 515
322 552
322 674
322 732
322 929
322 1107
322 1118
322 1182
323 428
323 509
323 642
323 680
323 760
323 839
323 873
323 902
323 948
323 1005
323 1119
323 1177
324 419
324 528
324 541
324 606
324 724
324 1182
325 813
326 594
326 630
327 329
327 340
327 359
327 594
327 721
327 820
327 834
327 949
327 1042
327 1082
328 345
328 483
328 793
328 903
328 1094
328 1135
329 421
329 476
329 538
329 949
329 1019
329 1183
330 368
330 1058
331 353
331 633
331 690
331 755
331 767
331 994
331 1092
332 344
332 619
332 829
332 1172
333 493
333 564
333 601
333 611
333 628
333 707
333 728
333 806
333 867
333 1022
333 1172
334 364
334 434
334 461
334 551
334 566
334 595
334 652
334 844
334 847
334 881
334 888
334 1149
334 1205
335 463
335 566
335 569
335 650
335 654
335 763
335 804
335 848
335 870
335 888
335 940
335 973
335 1008
335 1154
335 1156
336 355
336 1199
337 576
338 741
338 776
338 859
338 1174
339 741
340 410
340 596
340 664
340 675
340 882
340 1038
340 1042
340 1161
341 362
341 551
341 614
341 685
341 777
341 932
341 973
341 1069
341 1070
341 1071
341 1145
341 1146
341 1149
341 1151
341 1207
341 1479
342 700
342 891
342 972
342 1157
343 486
343 507
343 703
343 809
343 1037
343 1070
343 1128
344 349
344 372
344 468
344 689
344 783
344 1115
344 1160
345 523
345 1135
345 1138
345 1148
346 429
346 658
346 831
346 856
346 1163
347 432
347 455
347 669
347 695
347 908
347 961
347 1024
347 1178
348 520
348 980
348 1124
349 689
349 783
349 1063
350 417
350 759
350 1040
350 1108
351 750
351 843
352 362
352 486
352 604
352 608
352 773
352 812
352 980
352 991
352 1033
352 1075
352 1127
353 564
353 755
353 903
354 921
355 405
355 539
355 665
355 756
355 815
355 842
355 843
355 895
355 1018
355 1209
355 1212
356 948
356 1388
356 1479
357 569
357 871
357 980
357 1013
357 1080
357 1164
358 446
358 519
358 597
358 651
358 743
358 763
358 853
358 962
358 1016
359 476
359 700
359 751
359 820
359 940
360 507
360 619
360 744
360 766
360 940
360 962
360 999
360 1151
361 383
361 448
361 505
361 516
361 683
361 743
361 910
361 1123
362 387
362 408
362 501
362 506
362 569
362 883
362 1232
363 416
363 493
363 642
363 876
363 906
363 989
363 1040
364 551
364 595
364 652
364 837
364 847
364 881
365 426
365 489
365 550
365 691
365 878
366 422
366 569
366 652
366 836
366 1057
366 1106
367 573
367 807
367 972
367 999
367 1027
367 1151
368 385
368 388
368 405
368 436
368 441
368 443
368 481
368 777
368 899
368 912
368 915
368 932
368 941
368 988
368 989
368 1028
368 1029
369 401
369 403
369 434
369 458
369 566
369 681
369 736
369 967
369 1002
369 1171
370 400
370 430
370 453
370 529
370 532
370 568
370 637
370 684
370 727
370 746
370 763
370 1018
370 1160
371 753
371 758
371 925
371 1184
371 1408
372 393
372 677
372 683
372 735
372 948
372 1181
373 385
373 388
373 405
373 436
373 441
373 700
373 786
373 899
373 915
373 932
373 941
373 988
373 989
373 1029
374 735
375 685
375 827
376 478
376 701
376 916
376 995
376 1014
376 1050
377 488
377 703
377 859
377 1018
377 1171
377 1191
378 448
378 846
378 956
378 965
378 1064
378 1123
379 669
379 709
379 861
379 974
379 992
379 1024
379 1061
380 409
380 536
380 601
380 614
380 648
380 816
380 886
380 958
380 970
380 1067
381 684
381 771
381 800
381 893
381 1022
381 1025
381 1054
381 1056
381 1098
381 1181
381 1387
382 453
382 552
382 610
382 624
382 722
382 750
382 851
382 911
382 1002
382 1217
383 1123
384 471
384 742
384 916
384 995
384 1209
385 899
385 912
385 915
385 941
385 989
386 423
386 682
386 950
386 1079
386 1169
386 1516
387 497
387 620
387 639
387 814
387 938
387 976
387 998
387 1061
387 1161
387 1206
387 1211
388 448
388 457
388 548
388 1166
388 1174
388 1217
389 927
389 955
390 406
390 507
390 809
390 960
390 1088
390 1185
391 402
391 431
391 475
391 596
391 697
391 704
391 769
391 960
391 961
391 964
391 969
391 1070
392 578
392 681
392 816
392 984
392 1115
393 530
393 652
393 808
393 1160
393 1220
393 1270
394 500
394 611
394 628
394 676
394 728
394 789
394 867
396 519
396 568
396 763
396 769
396 966
396 1396
396 1407
396 1516
397 577
397 624
397 636
397 1021
398 447
398 527
398 534
398 636
399 407
399 525
399 1012
399 1085
399 1122
399 1134
399 1136
399 1149
399 1154
399 1189
400 532
400 637
400 763
400 1068
400 1182
400 1246
400 1250
400 1295
401 403
401 488
401 534
401 880
401 1140
401 1196
402 424
402 522
402 670
402 697
402 698
402 863
402 955
402 961
402 984
402 992
402 1059
402 1089
402 1169
403 753
403 763
403 923
404 428
404 694
404 843
404 1025
404 1127
404 1159
405 441
405 481
405 580
405 756
405 757
405 912
405 915
405 975
405 988
405 989
405 1059
406 503
406 521
406 640
406 960
406 1138
407 578
407 925
407 973
407 1012
407 1134
407 1171
407 1188
407 1191
407 1449
408 442
408 543
408 709
408 762
408 938
409 456
409 614
409 688
410 591
410 596
410 664
410 718
410 784
410 882
410 934
410 1042
411 570
411 595
411 748
411 785
411 1050
411 1051
411 1052
411 1176
412 690
412 1163
413 781
414 786
414 827
415 459
415 517
415 725
415 782
415 937
415 1063
416 437
416 499
416 541
416 591
416 835
416 874
416 1142
417 818
417 864
418 627
418 757
418 927
418 1077
418 1140
419 440
419 692
419 806
419 903
419 1100
420 524
420 562
420 794
421 528
421 672
421 731
421 1019
421 1084
421 1126
421 1183
421 1426
422 569
422 652
422 661
422 1106
423 537
423 583
423 788
423 950
423 969
423 1016
423 1219
424 535
424 670
424 697
424 698
424 955
424 985
424 996
424 1089
424 1197
424 1366
425 585
425 935
425 987
425 1106
426 487
426 492
426 602
426 827
426 878
426 949
426 1020
426 1048
426 1131
427 561
427 643
427 797
427 866
427 926
427 992
427 1033
427 1148
428 509
428 680
428 730
428 839
428 842
428 997
428 1011
428 1212
429 658
429 831
429 856
429 933
429 1163
430 532
430 689
430 764
430 1160
430 1181
431 441
431 503
431 697
431 884
431 1129
431 1212
432 489
432 502
432 529
432 730
432 786
432 908
432 1178
433 557
433 649
434 605
434 607
434 613
434 684
434 888
434 959
434 1205
435 730
435 902
435 997
435 1005
436 443
436 483
436 685
436 707
436 899
436 912
436 915
436 941
436 988
436 989
436 1015
436 1113
437 499
437 588
437 835
437 874
437 1029
437 1142
438 819
438 1080
438 1164
438 1216
440 474
440 483
441 481
441 884
441 899
441 912
441 915
441 932
441 988
441 989
441 1221
442 543
442 756
442 777
442 815
442 1034
442 1076
443 495
443 528
443 529
443 705
443 953
443 1129
443 1183
443 1195
444 715
444 924
444 1098
446 700
447 527
447 577
447 763
447 813
447 1060
447 1535
448 810
448 824
448 956
449 493
449 642
449 981
449 1092
449 1163
450 618
450 876
451 473
451 766
451 789
451 796
451 834
451 864
452 594
452 618
452 714
452 763
452 766
452 796
452 880
453 625
453 911
453 1093
453 1205
453 1210
453 1297
454 472
454 547
454 587
454 589
454 679
454 749
454 769
455 538
455 560
455 863
455 908
455 992
455 1024
456 608
456 688
456 809
456 871
456 886
456 1164
457 458
457 548
457 725
457 851
457 859
457 1210
458 851
458 859
458 1057
458 1171
458 1191
459 649
459 729
459 817
459 860
459 937
459 1159
460 478
460 552
460 576
460 674
460 685
460 745
460 750
460 785
460 823
460 937
460 944
460 982
460 1050
460 1109
461 973
461 1573
462 717
462 1021
462 1367
462 1504
462 1649
463 532
463 565
463 568
463 746
463 758
463 854
463 913
463 919
463 973
463 1194
464 1015
465 603
465 821
466 570
466 671
466 851
468 491
468 534
468 592
468 607
468 641
468 960
468 1068
468 1116
468 1607
469 758
469 1019
469 1142
471 729
471 742
471 1014
471 1209
472 534
472 587
472 636
472 692
472 749
472 954
472 1068
472 1155
472 1169
472 1277
474 516
474 581
474 624
474 910
474 1021
474 1179
475 662
475 880
475 972
475 1161
476 710
476 1019
476 1103
477 1021
477 1039
477 1253
477 1387
478 514
478 515
478 528
478 570
478 588
478 729
478 742
478 817
478 884
478 1050
478 1209
479 540
479 801
479 1087
480 617
480 833
480 866
480 920
480 990
480 1214
481 487
481 506
481 509
481 899
481 912
481 915
481 932
481 988
481 1035
481 1221
482 687
483 536
483 601
483 1135
483 1209
484 546
484 551
484 773
484 980
485 573
485 720
485 784
485 878
485 1116
485 1461
486 531
486 544
486 546
486 1037
486 1075
486 1199
487 878
487 1031
487 1048
487 1131
488 625
488 703
488 848
488 851
488 1018
488 1154
488 1184
489 529
489 673
489 691
489 710
489 779
489 786
489 825
489 1017
489 1047
489 1129
489 1183
490 506
490 762
490 938
490 971
490 1206
491 577
491 607
491 641
491 758
491 808
491 870
491 960
491 1054
491 1068
492 678
492 716
492 738
492 867
492 921
492 948
492 1048
493 545
493 658
493 717
493 754
493 1113
493 1186
493 1187
494 559
494 754
494 826
494 876
494 879
494 938
494 949
494 1000
494 1102
495 814
495 884
495 935
495 941
496 744
496 930
497 508
497 575
497 620
497 639
497 697
497 795
498 566
498 619
498 744
498 848
498 1196
498 1201
498 1598
499 591
499 985
499 1087
499 1142
500 611
500 628
500 634
500 655
500 802
500 871
500 1146
501 883
502 978
503 560
503 774
503 1113
503 1118
503 1138
503 1218
504 1038
505 743
505 830
505 1139
506 731
506 943
506 1084
506 1085
507 1037
507 1088
507 1185
508 795
508 903
509 606
509 730
509 839
509 1025
509 1047
509 1120
510 611
510 721
510 871
510 940
511 588
511 725
511 817
512 556
512 748
512 764
512 1057
513 526
513 606
513 645
513 963
513 1107
513 1182
514 515
514 588
514 663
514 701
514 729
514 916
514 1001
514 1014
514 1018
514 1097
514 1176
514 1209
515 557
515 729
515 982
515 1209
516 708
516 910
516 948
516 1121
517 578
517 723
517 740
517 782
517 860
517 903
517 965
517 970
517 1058
517 1078
518 696
518 1052
519 636
519 769
520 574
520 955
520 964
521 577
521 752
521 1118
522 535
522 955
522 1059
522 1151
522 1170
522 1366
523 1203
524 762
524 794
524 1076
525 634
525 938
525 952
525 986
525 1013
525 1136
525 1155
525 1199
526 536
526 615
526 638
526 643
526 904
526 1207
527 546
527 590
527 604
527 634
527 853
527 952
527 1118
527 1185
527 1199
528 538
528 550
528 576
528 580
528 606
528 705
528 815
528 935
528 978
528 1129
529 786
529 790
529 978
529 987
529 1135
530 586
530 666
530 775
530 808
530 947
530 979
530 1032
530 1054
530 1106
531 635
531 773
531 1060
531 1075
532 637
532 727
532 870
532 948
532 996
532 1181
533 563
533 645
533 654
533 858
533 948
533 1040
533 1049
533 1098
533 1099
533 1106
533 1123
533 1158
534 589
534 592
534 636
534 692
534 743
534 1117
534 1139
534 1155
534 1640
535 543
535 698
535 969
535 985
535 1076
535 1089
536 582
536 611
536 728
536 865
536 958
537 950
537 1197
539 897
539 1062
539 1107
539 1135
540 1023
540 1087
540 1218
540 1221
541 766
541 835
541 1142
542 1159
543 757
543 778
543 815
544 751
544 812
544 931
544 1079
545 608
545 669
545 678
545 679
545 752
545 812
545 908
546 634
546 754
546 1006
546 1022
546 1075
546 1124
546 1172
546 1199
547 587
547 589
547 605
547 679
547 1155
547 1338
547 1635
548 741
548 859
548 1052
548 1057
549 612
549 780
549 910
549 1121
549 1199
550 705
550 1032
550 1118
550 1129
551 561
551 881
551 1148
551 1212
552 570
552 582
552 674
552 722
552 911
552 1002
553 745
554 558
554 721
554 834
554 940
554 949
554 962
555 712
555 717
555 758
555 830
555 1139
556 610
556 671
556 736
556 748
556 937
556 1162
557 649
557 817
557 832
557 993
557 1055
558 820
558 940
558 946
558 949
559 599
559 1000
559 1067
560 617
560 667
560 669
560 904
560 1069
560 1070
560 1150
560 1347
561 579
561 926
562 1211
563 780
563 1099
563 1128
564 755
564 1153
564 1159
565 667
565 974
565 1132
565 1211
566 606
566 619
566 708
566 848
566 888
566 1154
566 1156
566 1241
566 1598
566 1642
567 755
567 816
567 860
567 987
567 994
567 997
567 1025
568 758
568 948
568 956
568 1247
569 650
569 652
569 865
569 990
569 1098
569 1106
569 1184
570 1050
570 1180
571 589
571 616
571 758
571 837
571 923
572 575
572 762
572 1197
573 621
573 791
573 807
573 1104
573 1116
574 697
574 704
574 803
574 950
574 1089
575 662
575 664
575 695
575 704
575 886
576 606
576 685
576 705
576 815
577 636
577 641
577 711
577 813
577 1030
577 1218
578 649
578 681
578 775
578 1012
578 1032
580 620
580 756
580 757
580 927
580 1059
581 1022
581 1117
581 1172
581 1173
581 1216
581 1360
582 816
582 843
583 714
583 766
584 611
584 789
584 806
584 838
584 927
584 1090
584 1091
586 607
586 862
586 925
586 1010
586 1054
587 640
587 679
587 749
587 837
587 1093
587 1155
588 597
588 729
588 1050
589 605
589 679
589 1087
590 918
590 1066
590 1216
591 657
591 664
591 680
591 718
591 762
591 938
591 1142
592 960
592 1117
592 1218
592 1270
592 1607
593 757
593 1076
594 947
595 634
595 649
595 1008
595 1050
595 1194
595 1618
596 680
596 960
596 1042
596 1161
596 1607
597 724
597 946
597 1012
597 1016
597 1078
598 664
598 680
598 775
598 843
598 873
598 997
599 835
599 971
599 1000
600 1159
601 707
601 789
601 806
601 865
601 1094
601 1135
602 1048
603 702
603 821
603 1009
603 1198
604 608
604 688
604 812
604 878
605 641
605 679
605 717
605 746
605 847
605 870
605 966
605 967
605 1149
605 1155
605 1205
606 705
606 1025
606 1118
607 613
607 624
607 637
607 1068
607 1166
607 1205
607 1601
608 688
608 812
608 1072
609 900
609 1151
610 736
610 911
610 967
610 1217
611 614
611 628
611 728
611 789
611 867
611 958
611 979
611 1189
612 639
612 858
612 1008
612 1061
612 1165
613 736
613 753
613 925
613 967
613 1068
613 1205
614 656
614 846
614 1069
614 1146
614 1177
615 618
615 643
615 682
615 803
615 904
615 1079
615 1088
615 1144
616 837
616 923
616 1122
616 1149
616 1155
617 1016
618 714
618 763
618 766
618 796
619 688
619 744
619 940
619 962
619 1008
619 1083
619 1112
619 1201
620 639
620 662
620 814
620 998
620 1161
620 1206
621 658
621 791
621 807
623 732
623 875
623 917
623 1012
623 1123
623 1126
623 1190
624 925
624 957
624 1066
624 1114
624 1216
625 628
625 677
625 703
625 972
625 1013
625 1210
625 1401
626 677
626 854
626 1098
626 1572
627 662
627 756
627 815
627 927
627 971
628 634
628 655
628 806
628 820
628 1046
628 1559
629 684
629 854
629 956
629 1068
629 1098
629 1320
630 882
630 889
630 981
631 683
631 810
631 1160
633 755
633 887
633 994
634 721
634 1011
634 1033
634 1126
634 1199
634 1204
636 641
636 679
636 749
636 750
636 1155
637 641
637 805
637 1010
637 1068
637 1403
637 1546
638 836
638 855
638 904
639 795
639 814
639 998
639 1161
639 1195
639 1206
640 774
640 809
640 1138
641 758
641 870
641 1010
641 1068
642 775
642 846
642 867
642 873
642 1025
642 1119
642 1163
643 664
643 803
643 975
643 1088
644 791
644 792
644 802
644 833
644 845
644 898
644 1066
644 1141
644 1216
645 652
645 661
645 872
645 1179
645 1182
645 1210
646 1111
646 1123
646 1459
647 959
647 1122
647 1149
648 816
648 1480
649 674
649 725
649 747
649 823
649 937
649 982
649 1004
649 1207
650 702
650 1011
651 781
651 793
651 807
652 1106
652 1192
652 1600
653 732
653 1109
653 1152
654 733
654 871
654 1122
654 1173
654 1189
654 1204
655 789
655 840
655 925
657 1053
657 1187
658 673
658 690
658 717
658 794
658 856
658 1119
658 1163
659 969
659 1045
659 1046
659 1124
660 840
661 1098
662 669
662 704
662 814
663 701
663 742
663 916
663 1051
664 675
664 882
664 934
664 953
664 1042
665 878
665 1131
666 738
666 921
667 709
667 874
669 863
669 908
669 974
669 992
669 1024
669 1076
669 1129
669 1195
669 1645
670 698
670 704
670 775
670 969
670 1089
670 1170
670 1366
671 859
671 1052
671 1166
671 1174
671 1217
672 1107
672 1168
672 1227
673 700
673 786
673 832
673 963
673 978
673 1129
674 785
674 823
674 968
675 777
675 803
675 882
675 934
675 953
675 1042
675 1088
675 1119
676 1007
676 1164
677 812
677 1013
677 1072
678 761
678 985
678 1033
679 749
679 769
679 1155
680 729
680 730
680 897
680 1066
680 1479
681 740
681 816
681 851
682 707
682 929
682 1069
682 1150
684 893
684 956
684 1056
684 1370
684 1536
685 899
685 989
685 1069
685 1118
685 1138
686 770
686 1572
688 812
688 886
688 1214
689 764
689 783
689 1218
690 798
690 841
690 906
690 1027
690 1200
691 786
691 953
691 1048
693 754
693 876
693 1041
694 1130
695 779
695 1034
695 1178
696 748
696 851
696 1210
697 724
697 960
697 961
697 964
697 992
697 1063
697 1172
698 960
698 984
698 985
698 1089
699 732
699 759
699 1031
699 1063
699 1182
700 770
700 891
700 899
700 1157
701 729
701 742
701 916
701 995
701 1050
701 1051
702 792
702 798
702 1159
702 1192
703 848
703 1171
703 1191
703 1210
704 730
704 769
704 959
704 960
704 969
705 815
705 1129
706 967
706 1188
706 1204
707 789
707 929
707 1036
707 1135
707 1210
707 1214
708 848
708 910
708 1154
708 1166
708 1196
709 762
709 777
709 892
709 1082
709 1163
709 1186
710 1183
711 959
712 997
713 935
713 1071
713 1126
713 1183
714 766
714 820
714 940
714 1016
714 1043
714 1103
715 765
715 802
715 1065
716 739
716 999
717 746
717 854
717 858
718 762
718 931
718 934
718 938
720 884
720 899
720 905
720 933
720 988
720 989
720 1033
721 734
721 766
721 799
721 940
721 1107
722 845
722 1001
722 1002
723 725
724 766
724 946
725 742
725 817
725 944
726 750
726 890
726 1388
727 746
727 913
727 919
727 1160
727 1202
728 789
728 996
729 860
729 944
729 982
729 1097
729 1176
729 1209
729 1601
730 978
730 991
730 1047
730 1120
730 1130
731 943
731 1019
731 1084
731 1085
731 1232
732 875
732 914
732 917
732 1190
733 1173
734 857
734 909
736 851
736 859
736 967
737 739
737 743
737 744
737 804
737 939
737 1165
737 1490
738 765
738 1062
739 766
739 906
739 940
739 947
739 1009
740 816
740 970
741 859
742 832
742 916
742 1051
742 1209
743 829
743 914
743 940
743 1104
743 1165
744 804
744 875
744 962
744 1008
744 1156
744 1165
744 1225
747 785
747 823
747 982
748 1057
748 1176
748 1217
749 913
749 923
749 1155
750 1002
750 1217
750 1609
751 931
752 773
752 842
752 1003
752 1075
752 1212
753 1217
753 1263
753 1278
753 1283
753 1394
753 1499
753 1545
753 1606
754 773
754 879
754 1041
755 1005
756 757
756 1018
756 1140
757 815
757 1018
757 1028
757 1081
758 775
758 783
758 959
758 973
758 977
758 1139
759 981
759 1012
760 839
760 1039
760 1119
760 1130
761 1218
762 822
762 938
762 971
762 998
762 1186
763 766
764 783
764 1189
765 869
765 1124
766 875
766 946
766 950
766 1016
766 1046
766 1128
767 1108
767 1148
767 1192
769 881
769 966
769 1516
769 1544
770 1029
771 800
771 824
771 1137
771 1177
771 1181
772 910
772 1179
773 980
773 991
773 1212
774 836
774 1185
774 1206
775 873
775 948
775 1106
775 1204
777 801
777 845
777 934
777 998
777 1034
777 1061
777 1161
778 1045
779 935
779 1197
780 1099
780 1148
782 1055
782 1190
783 813
783 829
783 1210
784 975
785 790
785 937
785 968
785 982
785 1209
786 978
786 1035
787 840
787 1148
788 950
788 955
788 964
788 1169
788 1573
789 806
789 838
789 929
789 1102
790 873
790 1159
791 792
791 845
791 937
791 1084
791 1636
792 845
793 979
794 815
794 1028
794 1211
795 1161
796 799
796 1145
797 926
798 943
798 1192
799 1145
800 808
800 824
800 1137
800 1147
800 1177
800 1181
801 861
801 974
801 1061
802 894
802 1058
803 904
803 1016
803 1144
803 1151
804 875
804 907
804 957
804 1156
804 1165
804 1598
805 1056
805 1351
806 919
806 942
806 1011
806 1022
806 1025
806 1496
807 825
807 1103
808 810
808 948
808 1056
808 1068
808 1147
808 1160
808 1220
809 894
809 1015
810 1093
810 1160
812 834
812 1124
813 1199
813 1539
814 998
814 1161
814 1206
814 1211
815 912
815 915
815 1028
815 1077
815 1081
816 823
816 970
817 944
817 1050
817 1174
817 1210
818 1005
818 1092
819 871
819 1164
820 1008
820 1128
821 1148
822 931
822 1047
822 1067
822 1120
823 993
823 1097
823 1176
824 1098
825 827
826 888
826 997
826 1043
826 1188
827 988
828 972
829 1008
829 1030
829 1115
830 960
830 973
830 1139
830 1202
831 856
832 1055
832 1109
834 901
834 1071
834 1192
835 874
835 1101
835 1105
835 1142
836 865
836 904
836 925
837 881
837 1122
837 1149
838 1011
839 906
839 1039
839 1119
839 1163
842 1011
842 1212
843 920
843 1182
844 881
845 1028
845 1159
845 1209
846 997
846 1100
846 1181
847 881
847 888
847 966
847 1008
847 1136
847 1205
848 1018
848 1058
848 1114
848 1154
848 1166
848 1618
849 1153
851 854
851 911
851 1052
851 1166
851 1642
852 933
852 1125
853 890
853 945
854 1068
856 1163
856 1218
857 909
857 1165
858 1139
858 1160
859 937
859 965
859 1180
859 1191
859 1210
860 937
860 993
860 1063
860 1210
861 974
861 1061
861 1206
862 1221
863 908
863 961
863 992
865 894
865 929
865 1094
865 1107
866 920
866 926
866 1208
866 1212
867 979
868 1429
869 940
869 1439
870 1068
870 1194
871 979
871 990
871 991
871 1146
871 1164
874 1103
874 1105
875 1128
876 879
876 906
876 989
876 1041
878 901
878 1048
878 1131
878 1151
878 1218
879 1026
879 1216
881 888
881 911
881 1008
882 931
882 934
882 1042
883 1152
884 941
884 989
885 1018
885 1030
885 1188
886 896
886 1009
886 1072
887 994
888 1205
889 892
889 963
889 1082
890 911
890 1166
890 1217
890 1388
892 976
892 1190
892 1206
893 1056
894 1141
894 1203
896 1009
896 1080
897 1062
897 1130
898 1066
898 1108
898 1216
898 1218
899 912
899 915
899 932
899 941
899 988
899 989
899 1221
900 1133
900 1152
901 1131
901 1404
901 1633
902 948
902 1005
902 1119
903 1063
904 1069
905 1070
905 1150
906 949
906 997
907 1057
907 1078
907 1179
908 975
908 992
908 1024
909 1196
910 1123
911 1093
911 1217
912 915
912 989
912 1028
912 1221
913 1093
913 1149
913 1184
913 1191
913 1194
913 1210
914 917
914 1165
915 988
915 1028
915 1032
915 1221
916 1001
916 1051
916 1109
916 1209
917 1190
918 1066
919 928
919 1098
920 1208
921 939
921 1009
923 966
923 1158
923 1347
925 1054
925 1189
925 1552
925 1642
926 1007
927 1076
927 1077
927 1140
928 983
929 1094
929 1146
929 1150
930 1074
930 1175
931 971
932 1020
932 1221
933 1125
934 976
934 1042
934 1206
935 1183
936 1130
937 1210
938 971
938 976
938 1206
939 977
939 1009
939 1165
940 949
940 962
940 1016
940 1048
940 1114
940 1151
940 1165
941 988
941 989
943 1084
943 1232
944 1209
945 1025
946 1157
947 979
948 1181
948 1202
948 1387
949 962
949 1000
949 1048
950 960
950 1015
950 1197
950 1219
951 1127
951 1186
951 1187
952 986
952 1110
952 1166
952 1173
952 1179
953 1071
953 1126
953 1148
953 1183
955 964
959 1114
960 961
960 969
960 1059
960 1277
960 1607
961 992
961 1169
962 1008
962 1016
962 1151
963 1048
963 1135
963 1182
964 1144
965 970
965 1064
965 1180
965 1193
966 1545
967 1166
967 1205
968 1001
969 1045
969 1124
969 1366
970 1180
970 1193
970 1218
971 1105
972 1117
972 1128
972 1157
973 1194
974 1061
975 1195
976 998
976 1161
976 1206
977 1022
977 1054
977 1068
977 1171
980 1199
981 1020
981 1021
982 1207
983 1179
983 1189
984 985
984 1059
984 1089
984 1170
985 1170
986 1036
986 1187
987 1066
987 1124
987 1143
987 1429
987 1618
988 1103
988 1221
989 1028
990 991
991 1025
992 1024
993 1210
994 1027
994 1101
996 1086
996 1181
998 1161
998 1206
1000 1055
1001 1014
1001 1209
1003 1148
1004 1174
1006 1194
1007 1148
1007 1177
1008 1030
1008 1068
1009 1146
1009 1164
1010 1054
1010 1155
1012 1058
1012 1126
1012 1134
1012 1191
1012 1308
1012 1449
1013 1155
1013 1170
1014 1209
1015 1138
1016 1043
1018 1154
1018 1191
1019 1084
1020 1165
1020 1221
1021 1039
1021 1168
1021 1179
1022 1173
1023 1067
1025 1177
1028 1029
1028 1186
1028 1221
1032 1035
1032 1038
1032 1059
1032 1182
1032 1187
1033 1199
1037 1128
1037 1185
1039 1119
1043 1112
1043 1146
1044 1153
1045 1046
1046 1453
1047 1120
1048 1131
1049 1099
1049 1121
1049 1260
1049 1407
1049 1455
1049 1463
1049 1625
1051 1055
1051 1109
1051 1209
1052 1180
1054 1099
1055 1109
1055 1500
1058 1154
1058 1171
1059 1077
1059 1169
1061 1206
1064 1121
1066 1216
1067 1087
1067 1143
1068 1601
1069 1146
1069 1149
1069 1151
1070 1129
1070 1479
1074 1631
1076 1077
1076 1081
1077 1081
1079 1197
1079 1453
1084 1085
1084 1232
1085 1607
1088 1144
1089 1170
1090 1091
1090 1310
1091 1608
1092 1096
1092 1101
1092 1108
1093 1194
1093 1210
1094 1130
1094 1150
1097 1109
1097 1176
1103 1131
1103 1178
1106 1188
1107 1168
1107 1598
1109 1491
1111 1123
1111 1200
1111 1203
1113 1138
1114 1156
1115 1172
1117 1172
1117 1173
1118 1185
1119 1177
1120 1183
1120 1218
1122 1136
1124 1143
1124 1199
1126 1183
1127 1186
1128 1169
1131 1151
1132 1143
1134 1171
1135 1182
1136 1188
1137 1177
1138 1145
1138 1199
1139 1194
1139 1202
1146 1218
1147 1181
1153 1215
1154 1156
1154 1166
1155 1189
1158 1216
1160 1220
1160 1590
1161 1206
1164 1187
1166 1205
1166 1217
1166 1341
1168 1227
1168 1598
1171 1191
1172 1438
1174 1189
1177 1218
1180 1184
1180 1193
1184 1188
1194 1220
1196 1201
1196 1467
1196 1598
1199 1218
1209 1322
1216 1218
1219 1347
1222 1253
1222 1261
1222 1300
1222 1329
1222 1335
1222 1357
1222 1364
1222 1468
1222 1474
1222 1476
1222 1510
1222 1590
1222 1595
1222 1613
1223 1282
1223 1437
1223 1448
1223 1475
1223 1522
1223 1583
1224 1236
1224 1278
1224 1319
1224 1335
1224 1359
1224 1368
1224 1379
1224 1386
1224 1419
1224 1476
1224 1511
1224 1524
1224 1554
1224 1621
1224 1629
1225 1341
1225 1415
1225 1460
1225 1499
1225 1516
1225 1520
1225 1526
1225 1549
1226 1305
1226 1371
1226 1402
1226 1437
1226 1447
1226 1489
1226 1535
1226 1595
1226 1615
1227 1228
1227 1239
1227 1291
1227 1371
1227 1382
1227 1432
1227 1513
1227 1612
1227 1631
1227 1633
1227 1642
1228 1265
1228 1373
1228 1404
1228 1455
1228 1494
1228 1540
1228 1633
1229 1312
1229 1345
1229 1347
1229 1380
1229 1455
1229 1470
1229 1472
1229 1530
1229 1554
1229 1570
1229 1596
1230 1307
1230 1346
1230 1481
1230 1483
1230 1586
1231 1238
1231 1243
1231 1289
1231 1291
1231 1308
1231 1311
1231 1359
1231 1374
1231 1432
1231 1493
1232 1406
1232 1456
1232 1470
1233 1258
1233 1325
1233 1410
1233 1424
1233 1430
1233 1479
1233 1482
1233 1617
1234 1249
1234 1406
1234 1469
1234 1478
1234 1508
1235 1263
1235 1279
1235 1285
1235 1313
1235 1319
1235 1347
1235 1365
1235 1386
1235 1406
1235 1418
1235 1419
1235 1464
1235 1490
1235 1499
1235 1516
1235 1530
1235 1545
1235 1573
1236 1237
1236 1278
1236 1304
1236 1308
1236 1319
1236 1347
1236 1368
1236 1379
1236 1386
1236 1417
1236 1423
1236 1436
1236 1511
1236 1524
1236 1573
1236 1580
1236 1621
1236 1629
1237 1251
1237 1255
1237 1267
1237 1278
1237 1308
1237 1447
1237 1476
1237 1524
1237 1527
1237 1555
1237 1615
1237 1621
1238 1308
1238 1417
1238 1524
1238 1533
1238 1581
1238 1606
1239 1398
1239 1401
1239 1446
1239 1560
1239 1635
1240 1254
1240 1291
1240 1305
1240 1371
1240 1388
1240 1459
1240 1461
1240 1538
1240 1544
1241 1331
1241 1332
1241 1462
1241 1485
1241 1536
1241 1540
1241 1571
1241 1605
1242 1423
1242 1639
1243 1251
1243 1311
1243 1317
1243 1377
1243 1496
1244 1293
1244 1487
1244 1528
1245 1252
1245 1291
1245 1423
1245 1436
1245 1441
1245 1487
1245 1524
1245 1565
1245 1583
1245 1603
1245 1628
1246 1257
1246 1407
1246 1419
1246 1434
1246 1439
1246 1499
1246 1573
1247 1273
1247 1280
1247 1418
1247 1478
1247 1581
1247 1596
1247 1634
1248 1275
1249 1456
1249 1493
1250 1322
1250 1529
1251 1261
1251 1300
1251 1368
1251 1377
1251 1496
1251 1502
1251 1527
1251 1554
1251 1581
1252 1259
1252 1402
1252 1476
1252 1583
1252 1628
1253 1261
1253 1291
1253 1315
1253 1328
1253 1357
1253 1374
1253 1432
1253 1461
1253 1642
1254 1330
1254 1390
1254 1425
1254 1527
1254 1541
1254 1556
1254 1561
1254 1595
1254 1603
1254 1628
1255 1282
1255 1291
1255 1432
1255 1454
1255 1555
1256 1281
1256 1453
1256 1640
1257 1288
1257 1392
1257 1428
1257 1429
1257 1487
1257 1492
1257 1547
1258 1325
1258 1424
1258 1430
1258 1617
1259 1297
1259 1330
1259 1423
1259 1510
1259 1532
1259 1538
1259 1583
1260 1262
1260 1274
1260 1352
1260 1415
1260 1494
1260 1498
1260 1504
1260 1536
1260 1612
1261 1291
1261 1300
1261 1330
1261 1432
1261 1436
1261 1468
1261 1583
1261 1604
1261 1613
1262 1466
1262 1487
1262 1501
1262 1525
1262 1577
1262 1603
1263 1278
1263 1279
1263 1283
1263 1286
1263 1303
1263 1321
1263 1365
1263 1406
1263 1419
1263 1490
1263 1495
1263 1542
1263 1545
1263 1569
1263 1573
1263 1610
1263 1634
1263 1643
1264 1457
1264 1459
1264 1487
1264 1583
1264 1648
1265 1307
1265 1348
1265 1424
1265 1460
1265 1484
1265 1494
1265 1509
1265 1553
1265 1609
1266 1395
1266 1424
1266 1534
1266 1550
1266 1593
1266 1620
1267 1306
1267 1372
1267 1420
1267 1435
1267 1487
1267 1641
1268 1301
1268 1399
1268 1584
1268 1602
1269 1399
1269 1421
1269 1457
1269 1489
1269 1556
1270 1277
1270 1317
1270 1345
1270 1494
1270 1549
1270 1596
1270 1622
1270 1647
1271 1347
1271 1365
1271 1416
1271 1542
1271 1568
1271 1573
1272 1276
1272 1286
1273 1287
1273 1354
1273 1418
1273 1471
1273 1478
1273 1517
1273 1557
1273 1581
1273 1596
1273 1614
1274 1340
1274 1360
1274 1376
1274 1498
1274 1519
1274 1536
1274 1588
1275 1481
1275 1483
1275 1623
1276 1286
1276 1309
1276 1345
1276 1557
1276 1601
1277 1322
1277 1360
1277 1387
1277 1396
1277 1492
1277 1505
1277 1526
1277 1536
1277 1625
1277 1638
1277 1647
1278 1287
1278 1335
1278 1423
1278 1436
1278 1442
1278 1505
1278 1511
1278 1521
1278 1524
1278 1533
1278 1580
1278 1604
1278 1634
1279 1322
1279 1354
1279 1389
1279 1419
1279 1473
1279 1542
1279 1596
1280 1322
1280 1340
1280 1369
1280 1437
1280 1566
1281 1362
1282 1291
1282 1432
1282 1454
1282 1589
1283 1303
1283 1348
1283 1440
1283 1471
1283 1481
1283 1499
1283 1545
1283 1570
1283 1610
1283 1634
1284 1388
1284 1413
1284 1417
1284 1501
1285 1286
1285 1309
1285 1361
1285 1553
1285 1568
1285 1611
1286 1309
1286 1361
1286 1449
1286 1455
1286 1460
1286 1465
1286 1480
1286 1494
1286 1526
1286 1568
1286 1611
1287 1330
1287 1478
1287 1541
1287 1595
1288 1400
1288 1407
1288 1504
1288 1560
1288 1594
1288 1640
1289 1326
1289 1421
1289 1493
1289 1582
1290 1356
1290 1509
1290 1552
1290 1579
1290 1612
1291 1296
1291 1300
1291 1311
1291 1330
1291 1349
1291 1432
1291 1436
1291 1437
1291 1454
1291 1496
1291 1525
1291 1583
1291 1604
1292 1503
1293 1295
1293 1317
1293 1449
1293 1547
1293 1622
1293 1624
1294 1326
1294 1330
1294 1337
1294 1385
1294 1493
1294 1591
1294 1594
1294 1597
1294 1624
1295 1333
1295 1373
1295 1397
1295 1449
1295 1509
1295 1547
1295 1568
1295 1622
1295 1640
1296 1304
1296 1349
1296 1432
1296 1437
1296 1515
1296 1580
1296 1583
1296 1587
1296 1644
1297 1329
1297 1359
1297 1425
1297 1507
1297 1529
1297 1532
1297 1535
1297 1543
1297 1574
1297 1606
1297 1630
1297 1632
1298 1426
1299 1405
1299 1502
1299 1517
1299 1544
1299 1563
1299 1577
1300 1395
1300 1448
1300 1496
1300 1522
1300 1523
1300 1583
1301 1328
1301 1333
1301 1399
1301 1429
1301 1515
1301 1602
1301 1603
1302 1306
1302 1399
1302 1457
1302 1551
1302 1564
1302 1613
1302 1648
1303 1415
1303 1419
1303 1464
1304 1349
1304 1350
1304 1358
1304 1402
1304 1436
1304 1468
1304 1474
1304 1475
1304 1478
1304 1644
1304 1646
1304 1649
1305 1462
1305 1595
1305 1625
1305 1632
1306 1372
1306 1383
1306 1399
1306 1420
1306 1435
1306 1441
1306 1563
1306 1641
1307 1346
1307 1484
1307 1586
1308 1368
1308 1524
1308 1529
1308 1555
1309 1327
1309 1361
1309 1526
1309 1552
1309 1611
1309 1645
1310 1316
1310 1322
1310 1341
1310 1406
1310 1492
1311 1583
1311 1621
1312 1455
1313 1365
1313 1419
1313 1442
1313 1499
1313 1545
1313 1552
1313 1570
1313 1596
1313 1611
1313 1629
1313 1645
1314 1414
1314 1427
1314 1525
1314 1538
1314 1541
1314 1578
1314 1582
1315 1359
1315 1379
1315 1384
1315 1434
1315 1494
1315 1507
1315 1529
1315 1535
1315 1585
1315 1606
1316 1327
1316 1345
1316 1426
1316 1610
1316 1638
1317 1332
1317 1640
1317 1647
1318 1356
1318 1440
1318 1455
1318 1506
1318 1509
1319 1335
1319 1364
1319 1368
1319 1379
1319 1442
1319 1447
1319 1511
1319 1524
1319 1580
1319 1581
1319 1583
1319 1621
1320 1414
1320 1582
1320 1584
1320 1637
1321 1365
1321 1406
1321 1418
1321 1444
1321 1464
1321 1478
1321 1566
1321 1570
1321 1573
1321 1645
1322 1396
1322 1536
1322 1568
1322 1638
1322 1647
1323 1380
1323 1503
1324 1351
1324 1375
1324 1378
1324 1391
1324 1425
1324 1480
1324 1519
1324 1577
1325 1424
1325 1430
1325 1617
1326 1350
1326 1385
1326 1429
1326 1489
1326 1493
1326 1534
1326 1558
1326 1589
1326 1597
1326 1630
1326 1632
1326 1639
1326 1649
1327 1365
1327 1373
1327 1381
1327 1484
1327 1495
1327 1528
1327 1579
1327 1601
1328 1372
1328 1414
1328 1533
1328 1577
1328 1585
1329 1359
1329 1374
1329 1379
1329 1434
1329 1487
1329 1514
1329 1533
1329 1543
1330 1357
1330 1358
1330 1369
1330 1371
1330 1375
1330 1377
1330 1382
1330 1391
1330 1432
1330 1468
1330 1476
1330 1487
1330 1493
1330 1511
1330 1548
1330 1579
1330 1580
1330 1590
1330 1612
1330 1613
1330 1624
1330 1649
1331 1332
1331 1373
1331 1381
1331 1518
1331 1598
1331 1600
1331 1601
1331 1623
1332 1353
1332 1411
1332 1438
1332 1460
1332 1495
1332 1504
1332 1520
1332 1536
1332 1560
1332 1623
1333 1355
1333 1391
1333 1393
1333 1602
1333 1603
1333 1618
1334 1434
1334 1511
1334 1581
1335 1359
1335 1364
1335 1382
1335 1412
1335 1425
1335 1472
1336 1357
1336 1359
1336 1364
1336 1377
1336 1555
1337 1472
1337 1609
1338 1340
1338 1360
1338 1386
1338 1424
1338 1463
1338 1499
1338 1539
1338 1545
1338 1565
1338 1625
1339 1443
1339 1581
1339 1632
1340 1360
1340 1361
1340 1378
1340 1490
1340 1526
1340 1643
1341 1396
1341 1492
1341 1647
1343 1549
1343 1588
1343 1647
1344 1414
1344 1453
1345 1355
1345 1378
1345 1404
1345 1466
1345 1481
1345 1494
1345 1519
1345 1596
1345 1612
1345 1633
1345 1645
1346 1353
1346 1408
1346 1460
1346 1481
1346 1491
1346 1495
1346 1553
1346 1601
1347 1378
1347 1419
1347 1524
1347 1634
1348 1460
1348 1481
1348 1484
1348 1495
1348 1586
1348 1601
1348 1609
1349 1402
1349 1432
1349 1521
1349 1644
1349 1646
1350 1358
1350 1393
1350 1478
1350 1506
1350 1569
1350 1593
1350 1602
1350 1620
1351 1438
1351 1534
1351 1541
1352 1409
1352 1455
1352 1480
1352 1509
1353 1394
1353 1408
1353 1483
1353 1484
1353 1485
1353 1588
1353 1601
1353 1642
1354 1614
1355 1452
1355 1559
1355 1572
1355 1577
1355 1624
1356 1430
1356 1440
1356 1455
1356 1579
1356 1612
1357 1364
1357 1487
1357 1514
1357 1538
1357 1541
1357 1595
1358 1388
1358 1436
1358 1443
1358 1468
1358 1474
1358 1475
1359 1507
1359 1535
1359 1540
1359 1606
1360 1407
1360 1463
1361 1552
1361 1611
1362 1489
1362 1579
1363 1548
1364 1379
1364 1511
1364 1595
1364 1624
1365 1386
1365 1406
1365 1419
1365 1570
1365 1573
1365 1629
1365 1631
1365 1645
1366 1407
1366 1529
1367 1382
1367 1388
1367 1422
1367 1496
1367 1627
1367 1644
1368 1379
1368 1511
1368 1524
1368 1580
1369 1387
1369 1396
1369 1427
1369 1513
1369 1538
1369 1583
1370 1400
1370 1439
1370 1506
1370 1509
1371 1382
1371 1392
1371 1437
1371 1442
1371 1447
1371 1448
1371 1535
1371 1541
1371 1639
1373 1605
1374 1489
1374 1501
1374 1537
1374 1555
1374 1606
1375 1466
1375 1513
1376 1434
1377 1412
1377 1432
1377 1436
1377 1476
1377 1555
1377 1581
1377 1583
1378 1380
1378 1397
1378 1419
1378 1438
1378 1499
1378 1519
1378 1523
1378 1634
1378 1643
1379 1442
1379 1476
1379 1511
1379 1524
1379 1583
1380 1455
1380 1554
1382 1432
1382 1442
1382 1446
1382 1448
1382 1507
1382 1537
1382 1542
1382 1550
1382 1623
1383 1488
1383 1537
1383 1585
1384 1398
1384 1422
1384 1512
1384 1627
1385 1421
1385 1489
1385 1575
1386 1406
1386 1419
1386 1426
1386 1450
1386 1456
1386 1495
1386 1499
1386 1542
1386 1629
1387 1439
1387 1479
1387 1549
1387 1588
1387 1623
1387 1642
1388 1443
1388 1468
1388 1489
1388 1574
1388 1592
1388 1613
1388 1618
1389 1526
1389 1634
1390 1448
1390 1561
1390 1603
1390 1628
1391 1425
1391 1459
1391 1561
1391 1583
1391 1603
1391 1618
1392 1400
1392 1640
1393 1508
1393 1572
1393 1603
1393 1620
1394 1425
1394 1590
1394 1592
1395 1405
1395 1429
1395 1448
1395 1618
1395 1620
1396 1492
1396 1569
1396 1647
1397 1401
1397 1418
1397 1464
1397 1545
1397 1553
1398 1422
1398 1496
1398 1512
1399 1457
1399 1527
1399 1565
1400 1428
1400 1439
1400 1640
1401 1403
1401 1452
1401 1504
1401 1559
1401 1560
1402 1521
1402 1527
1402 1551
1402 1574
1402 1596
1402 1627
1402 1646
1403 1438
1403 1504
1403 1546
1403 1560
1403 1591
1404 1485
1404 1540
1404 1571
1404 1607
1404 1633
1405 1424
1405 1435
1405 1550
1405 1563
1405 1639
1406 1419
1406 1450
1406 1552
1406 1573
1406 1619
1407 1434
1407 1439
1407 1463
1407 1470
1407 1499
1407 1535
1407 1540
1407 1571
1407 1573
1407 1588
1407 1635
1408 1431
1408 1552
1408 1601
1409 1410
1409 1440
1409 1445
1409 1509
1409 1579
1410 1424
1410 1509
1410 1591
1411 1415
1411 1504
1411 1520
1412 1550
1412 1613
1413 1550
1414 1582
1415 1447
1416 1479
1416 1568
1416 1619
1416 1645
1417 1524
1418 1499
1418 1516
1418 1542
1418 1546
1418 1596
1418 1629
1418 1631
1419 1490
1419 1495
1419 1598
1419 1634
1419 1635
1420 1563
1420 1593
1420 1641
1421 1427
1421 1489
1421 1550
1421 1556
1421 1558
1421 1564
1422 1447
1422 1512
1422 1515
1422 1517
1422 1589
1422 1597
1422 1616
1422 1627
1423 1425
1423 1529
1423 1532
1423 1580
1424 1428
1424 1430
1424 1509
1424 1578
1424 1617
1425 1487
1425 1514
1425 1518
1425 1636
1426 1598
1426 1601
1426 1623
1427 1513
1427 1564
1427 1574
1427 1585
1428 1482
1428 1504
1428 1578
1428 1640
1429 1458
1429 1511
1429 1544
1429 1616
1430 1509
1430 1617
1431 1484
1431 1601
1432 1436
1432 1447
1432 1454
1432 1511
1432 1525
1432 1555
1432 1604
1433 1435
1433 1563
1434 1485
1434 1571
1434 1606
1434 1625
1434 1635
1435 1550
1435 1641
1435 1648
1436 1447
1436 1454
1436 1511
1436 1574
1437 1496
1437 1542
1437 1586
1437 1587
1437 1644
1438 1456
1438 1464
1438 1483
1438 1499
1438 1516
1438 1530
1438 1570
1438 1573
1439 1549
1439 1571
1439 1590
1439 1598
1439 1623
1440 1612
1440 1634
1441 1513
1441 1551
1441 1648
1442 1583
1442 1624
1442 1629
1443 1476
1443 1518
1443 1548
1443 1593
1443 1606
1443 1616
1443 1649
1444 1464
1444 1566
1444 1569
1444 1573
1445 1494
1445 1509
1445 1612
1445 1631
1447 1593
1447 1615
1448 1476
1448 1538
1448 1581
1448 1583
1449 1460
1449 1483
1449 1495
1449 1497
1449 1528
1449 1536
1449 1568
1449 1622
1450 1456
1450 1548
1450 1570
1450 1573
1452 1453
1452 1468
1452 1504
1452 1548
1452 1551
1452 1559
1452 1572
1452 1649
1453 1572
1453 1577
1454 1474
1454 1555
1455 1465
1455 1490
1455 1491
1455 1504
1455 1505
1455 1560
1456 1566
1456 1570
1456 1573
1457 1564
1458 1575
1459 1602
1459 1609
1460 1586
1460 1609
1461 1488
1461 1544
1462 1605
1463 1588
1464 1566
1464 1570
1464 1573
1464 1645
1465 1490
1465 1505
1466 1525
1466 1590
1467 1598
1467 1618
1467 1623
1468 1474
1468 1475
1468 1574
1468 1581
1468 1583
1468 1604
1468 1613
1468 1624
1470 1530
1470 1573
1470 1614
1470 1634
1470 1645
1471 1530
1471 1614
1471 1629
1472 1525
1472 1537
1472 1539
1473 1634
1474 1475
1474 1476
1474 1580
1474 1581
1474 1583
1474 1595
1474 1613
1474 1616
1475 1476
1475 1535
1475 1538
1475 1578
1475 1581
1475 1602
1475 1621
1476 1511
1476 1555
1476 1581
1476 1583
1476 1604
1477 1576
1478 1489
1478 1517
1478 1530
1478 1533
1478 1596
1478 1614
1479 1617
1480 1612
1481 1483
1481 1484
1481 1491
1481 1495
1481 1569
1481 1572
1481 1609
1482 1496
1482 1620
1483 1491
1483 1495
1483 1586
1483 1601
1484 1491
1484 1495
1484 1610
1485 1540
1485 1601
1485 1633
1487 1514
1487 1541
1487 1578
1487 1642
1488 1537
1488 1584
1488 1585
1488 1589
1489 1522
1489 1534
1489 1548
1489 1550
1489 1556
1489 1649
1491 1495
1491 1514
1491 1553
1491 1586
1491 1609
1491 1610
1492 1631
1493 1548
1493 1558
1493 1565
1493 1572
1493 1624
1494 1631
1494 1633
1495 1499
1495 1516
1495 1609
1496 1512
1496 1515
1497 1610
1498 1536
1498 1559
1499 1516
1499 1545
1499 1546
1500 1637
1501 1502
1501 1550
1501 1608
1502 1608
1503 1567
1504 1560
1504 1591
1504 1594
1505 1533
1505 1577
1506 1509
1506 1609
1506 1630
1507 1529
1507 1535
1507 1590
1507 1606
1508 1631
1509 1568
1509 1609
1510 1527
1510 1554
1510 1599
1510 1608
1510 1636
1510 1637
1511 1524
1511 1580
1511 1581
1511 1604
1511 1606
1511 1615
1511 1621
1511 1629
1511 1632
1512 1515
1512 1593
1513 1541
1513 1564
1513 1595
1514 1518
1514 1533
1514 1618
1515 1602
1515 1639
1516 1545
1516 1546
1516 1566
1516 1570
1517 1544
1517 1581
1517 1583
1518 1533
1518 1599
1518 1636
1519 1640
1522 1538
1522 1583
1523 1542
1525 1589
1525 1618
1526 1552
1526 1557
1526 1573
1526 1647
1527 1575
1527 1581
1527 1646
1528 1536
1529 1532
1529 1535
1529 1577
1529 1635
1530 1570
1530 1573
1530 1596
1535 1571
1535 1606
1535 1633
1536 1611
1536 1623
1536 1642
1537 1538
1537 1541
1537 1585
1537 1630
1537 1637
1538 1574
1538 1578
1538 1583
1538 1595
1539 1598
1539 1606
1539 1626
1540 1571
1540 1590
1540 1633
1541 1595
1542 1568
1542 1631
1544 1577
1544 1616
1545 1546
1545 1570
1545 1634
1545 1645
1548 1558
1548 1572
1548 1649
1549 1588
1549 1642
1549 1647
1550 1582
1550 1641
1551 1648
1552 1562
1552 1596
1552 1601
1552 1611
1552 1629
1553 1568
1553 1609
1553 1610
1553 1619
1555 1583
1555 1604
1555 1615
1556 1603
1557 1579
1557 1619
1558 1597
1558 1649
1559 1605
1560 1607
1560 1611
1561 1603
1561 1628
1563 1641
1565 1602
1565 1628
1567 1596
1568 1596
1568 1607
1569 1591
1570 1573
1570 1619
1570 1645
1571 1590
1571 1607
1571 1633
1572 1649
1574 1613
1574 1637
1576 1592
1579 1612
1579 1640
1581 1613
1583 1613
1584 1585
1585 1589
1587 1627
1587 1644
1589 1597
1589 1627
1591 1609
1591 1640
1593 1620
1594 1607
1595 1621
1599 1636
1600 1604
1601 1610
1603 1628
1606 1624
1606 1626
1609 1610
1609 1631
1609 1647
1612 1625
1612 1631
1615 1621
1616 1627
1618 1623
1622 1643
1624 1629
1624 1637
1624 1649
1625 1635
1627 1644
1629 1631
1629 1645
1635 1642
1638 1647
