#num-nodes
1723
#num-links
5244
#links
0 3
0 944
0 965
1 194
1 392
1 626
1 657
1 694
1 717
1 733
1 782
1 783
1 884
1 1034
1 1261
2 25
2 862
2 912
2 1369
3 1365
4 970
5 113
5 422
5 505
5 578
5 716
5 725
5 753
5 808
5 838
5 950
5 1356
6 1401
6 1468
6 1474
6 1493
7 477
7 780
8 9
8 173
8 347
8 613
8 883
8 947
9 85
9 154
9 181
9 610
9 690
9 1138
9 1178
9 1354
10 468
10 730
10 882
10 902
10 954
10 1358
10 1438
11 276
11 776
11 824
11 877
11 1253
11 1271
11 1275
11 1349
12 195
12 581
12 1153
12 1283
13 122
13 191
13 322
13 356
13 398
13 641
13 646
13 1204
14 317
14 320
14 323
14 706
14 768
14 899
14 1043
15 16
15 499
15 1001
15 1141
16 223
16 299
16 536
16 553
16 619
16 627
16 770
16 888
16 1051
16 1096
17 167
17 175
17 223
17 510
17 616
17 1219
17 1224
17 1416
18 119
18 1463
19 270
19 453
19 464
19 601
19 1266
19 1332
20 360
20 364
20 394
20 615
20 764
20 1060
20 1077
20 1265
20 1266
20 1413
21 178
21 1472
23 325
23 342
23 346
23 706
23 841
23 888
23 920
23 1175
23 1195
24 50
24 322
24 325
24 542
24 1053
24 1147
24 1165
25 110
25 240
25 558
25 744
25 769
25 1428
26 28
26 325
26 473
26 542
26 631
26 634
26 732
26 798
26 1228
26 1265
26 1266
26 1271
26 1397
26 1426
27 208
27 462
27 552
27 996
27 1029
27 1137
27 1229
27 1362
28 29
28 157
28 1206
28 1397
29 425
29 1397
30 336
30 357
30 381
30 647
30 687
30 835
30 1060
30 1076
31 67
31 132
31 328
31 343
31 611
31 661
31 766
31 812
31 949
31 1338
32 215
32 343
32 372
32 810
32 1123
32 1376
33 106
33 195
33 342
33 346
33 508
33 934
33 1028
33 1283
33 1485
34 142
34 211
34 238
34 289
34 1036
35 150
35 220
35 247
35 255
35 482
35 500
35 649
35 653
35 772
35 838
35 1120
35 1250
35 1282
35 1338
36 154
36 275
36 304
36 425
36 1132
37 201
37 319
37 394
37 494
37 728
37 911
37 1077
37 1081
37 1240
37 1266
38 114
38 275
38 666
38 1108
38 1391
39 44
39 603
39 701
39 1070
39 1473
40 234
40 560
41 267
41 277
41 1170
42 181
42 395
42 495
42 646
42 855
42 1250
42 1593
42 1595
42 1628
42 1632
42 1685
42 1712
43 44
43 260
43 571
43 1404
44 555
44 1061
44 1093
45 227
45 229
45 334
45 335
45 338
45 887
45 977
45 1258
45 1427
46 114
46 163
46 974
46 1420
47 232
47 648
47 675
47 710
47 969
47 1390
48 80
48 362
48 695
48 804
48 910
48 1099
48 1212
48 1301
48 1460
49 228
49 264
49 607
49 690
49 1003
49 1260
50 247
50 291
50 317
50 607
50 1003
50 1350
50 1445
51 341
51 409
51 1134
51 1409
51 1529
52 53
52 87
52 154
52 242
52 401
52 800
52 1222
52 1263
52 1318
52 1379
53 64
53 485
53 517
53 841
53 992
53 1264
54 154
54 252
54 756
54 1013
54 1031
54 1070
54 1213
54 1265
54 1367
55 117
55 494
55 814
55 845
55 881
55 1113
55 1560
55 1563
55 1587
55 1600
55 1614
55 1708
55 1721
56 61
56 68
56 176
56 283
56 317
56 508
56 535
56 537
56 550
56 824
56 1348
57 288
57 453
57 486
57 1070
57 1435
58 177
58 1202
58 1290
59 367
59 439
59 760
59 851
59 896
59 1161
60 309
60 330
60 469
60 736
60 813
60 986
60 1008
60 1176
60 1212
60 1356
60 1462
60 1467
61 68
61 240
61 256
61 283
61 312
61 537
61 550
61 824
62 63
62 217
62 484
62 500
62 675
62 774
62 843
62 1018
62 1031
62 1086
62 1320
62 1416
63 217
63 500
64 366
64 493
64 563
64 692
64 714
64 744
64 745
64 936
65 102
65 143
65 333
65 785
65 1387
66 70
66 103
66 639
66 729
66 902
66 972
66 1464
67 140
67 343
67 680
67 681
68 223
68 283
68 636
68 667
68 788
68 824
68 1127
69 185
69 289
69 431
69 574
69 673
69 1143
69 1145
69 1150
69 1187
69 1262
69 1286
69 1420
70 154
70 333
70 338
70 480
70 525
70 939
70 1114
70 1186
70 1464
70 1494
71 140
71 336
71 412
71 592
71 1147
71 1371
72 232
72 287
72 289
72 591
72 831
72 1285
73 75
73 272
73 303
73 305
73 911
73 962
73 1055
73 1138
73 1284
73 1486
74 162
74 164
74 228
74 270
74 550
74 682
75 270
75 686
75 1042
75 1284
75 1486
76 237
76 274
76 447
76 1014
76 1197
76 1473
77 393
77 449
77 459
77 514
77 804
77 986
77 1099
77 1255
78 832
78 1096
78 1141
78 1168
79 311
79 1353
80 113
80 250
80 676
80 693
80 804
80 1067
80 1277
80 1403
80 1443
80 1462
81 314
81 510
81 604
81 606
81 689
81 946
82 84
82 1409
83 94
84 341
84 638
84 640
84 1178
84 1408
85 93
85 341
85 426
85 446
85 638
85 747
85 752
85 957
85 974
85 1032
85 1091
86 1416
87 88
87 91
87 92
87 114
87 401
87 970
87 1222
87 1379
87 1497
88 156
88 987
88 1216
88 1427
89 241
89 1053
89 1235
89 1244
89 1273
89 1275
90 143
90 408
90 579
90 994
90 1167
90 1385
90 1387
91 165
91 462
91 485
91 620
91 745
91 773
91 782
91 812
91 917
91 1023
91 1034
91 1125
91 1261
91 1479
91 1486
91 1497
92 977
92 978
92 1298
92 1404
93 638
93 640
93 810
94 98
94 508
94 542
94 599
94 975
94 1032
94 1044
94 1048
94 1152
95 409
95 845
95 974
96 257
96 562
96 699
96 821
96 946
96 1174
96 1287
96 1458
96 1459
97 103
97 639
97 1102
97 1161
97 1441
98 461
98 686
98 1037
98 1178
98 1257
99 332
99 407
99 694
99 709
99 787
99 1137
99 1207
99 1219
99 1224
101 588
101 1414
102 239
102 1306
103 122
103 161
103 268
103 373
103 426
103 642
103 752
103 1304
103 1464
104 205
104 969
104 1244
105 168
105 205
105 306
105 714
105 719
105 725
105 838
105 856
105 878
105 1209
105 1316
106 197
106 260
106 820
106 1028
106 1239
106 1426
107 111
107 120
107 375
107 393
107 429
107 579
107 850
107 1030
107 1143
107 1193
107 1361
107 1376
108 531
108 748
108 1093
109 110
109 196
109 201
109 463
109 714
109 828
110 175
110 201
110 542
110 552
110 602
110 698
110 744
110 769
110 1428
111 393
111 410
111 454
111 850
111 969
111 1117
111 1193
111 1255
111 1361
111 1375
111 1376
112 202
112 626
112 1209
112 1497
113 118
113 198
113 505
113 578
113 716
113 725
113 808
113 948
113 1082
113 1413
114 180
114 401
114 761
114 983
114 1222
114 1321
115 249
115 283
115 422
115 500
118 217
118 220
118 291
118 454
118 490
118 578
118 622
118 716
118 1031
118 1120
118 1358
119 572
119 690
119 821
119 827
119 847
119 855
119 932
119 969
119 1463
120 182
120 260
120 262
120 335
120 367
120 375
120 395
120 441
120 921
120 969
120 1028
120 1174
120 1179
120 1193
120 1375
120 1411
121 445
121 807
121 1178
121 1395
121 1396
122 124
122 472
122 642
122 729
122 845
122 973
122 1085
123 281
123 307
123 401
123 461
123 729
123 741
123 814
123 983
124 127
124 437
124 1156
125 486
125 546
125 733
125 874
125 1002
125 1198
125 1323
126 1325
127 335
127 437
127 494
127 729
127 1258
127 1402
128 282
128 769
128 1263
128 1295
128 1469
129 358
129 450
129 534
129 558
129 796
129 1083
129 1224
129 1486
130 158
130 416
130 735
130 963
130 973
130 1067
130 1164
130 1285
131 449
131 475
131 562
131 637
131 881
131 1705
132 168
132 169
132 323
132 372
132 919
132 962
132 1123
132 1302
132 1333
132 1338
132 1377
133 265
133 378
133 556
133 649
133 726
133 1009
133 1206
134 136
134 1026
134 1167
134 1355
135 1045
135 1222
135 1337
135 1354
135 1460
136 884
136 1167
136 1355
137 922
137 1132
137 1418
138 172
138 615
138 676
138 679
138 739
138 1076
139 467
139 709
140 680
140 735
140 1073
140 1160
140 1180
140 1196
140 1277
141 260
141 441
141 580
141 1168
142 270
142 731
143 553
143 1150
143 1274
144 254
144 303
144 683
144 1081
144 1225
144 1281
144 1344
144 1465
145 187
145 305
145 450
145 574
145 582
145 787
145 1048
145 1053
145 1148
145 1221
145 1243
145 1413
145 1475
146 578
146 772
146 1067
146 1176
147 788
147 1018
147 1169
148 333
148 875
148 1078
148 1181
148 1328
148 1385
148 1387
150 383
150 611
150 711
150 833
150 949
150 1165
150 1264
150 1338
150 1346
151 346
151 598
151 628
151 913
152 787
152 1200
152 1266
153 306
153 318
153 323
153 327
153 414
153 431
153 563
153 585
153 1004
154 227
154 308
154 610
154 703
154 821
154 1174
154 1318
155 298
155 308
155 417
155 534
155 570
155 899
155 903
155 958
155 1329
155 1350
156 505
156 622
156 1000
156 1063
156 1069
156 1299
157 1044
157 1061
157 1100
158 179
158 192
158 231
158 805
158 963
158 1164
158 1187
158 1285
159 358
159 551
159 568
159 1219
160 463
160 850
160 856
160 921
160 1143
160 1212
160 1267
160 1487
161 340
161 480
161 1183
161 1458
161 1480
162 189
162 332
162 580
162 607
162 1269
162 1362
163 585
163 978
164 201
164 202
164 330
164 332
164 352
164 625
164 1026
164 1168
165 399
165 544
165 619
165 673
165 766
165 1187
165 1261
166 169
166 323
166 634
166 745
166 768
166 812
166 1034
166 1071
166 1245
168 372
168 376
168 430
168 515
168 516
168 919
168 962
168 1189
168 1209
168 1370
168 1375
168 1376
168 1461
169 241
169 265
169 272
169 362
169 811
169 958
169 992
169 1089
169 1109
169 1170
169 1417
170 462
170 762
170 774
170 879
171 225
171 521
171 554
171 586
171 614
171 630
171 772
171 914
171 1059
171 1170
171 1202
171 1225
172 253
172 416
172 422
172 679
172 813
172 992
173 227
173 310
173 437
173 613
173 1258
175 201
175 318
175 489
175 602
175 616
175 694
175 744
175 999
175 1137
175 1224
175 1229
176 439
176 471
176 1480
177 713
177 778
177 1202
178 223
178 287
178 491
178 543
178 793
178 979
178 1157
179 247
179 374
179 454
179 649
179 716
179 948
179 1242
179 1282
179 1455
180 389
180 471
180 520
180 1037
181 182
181 395
181 587
181 604
181 606
181 610
181 995
181 1083
181 1463
182 250
182 441
182 649
183 1152
184 317
184 476
184 491
184 704
184 1133
184 1157
185 847
185 904
185 1187
185 1371
186 638
187 350
187 468
187 607
187 927
187 933
187 942
187 1025
187 1225
187 1273
187 1274
187 1316
187 1329
187 1413
187 1475
188 196
188 350
188 581
188 636
188 803
188 909
189 1236
189 1430
190 710
190 1030
190 1186
191 699
191 759
191 973
191 1161
191 1204
191 1261
192 248
192 252
192 555
192 558
192 818
192 1013
192 1018
192 1031
192 1196
192 1265
193 1161
194 226
194 468
194 519
194 717
194 940
194 941
195 350
195 790
195 1283
195 1381
196 508
196 636
196 788
196 909
196 999
196 1347
197 245
197 645
197 668
197 1000
197 1239
197 1346
198 213
198 214
198 454
198 459
198 579
198 716
198 753
198 806
198 838
198 950
198 1255
198 1403
199 304
199 637
199 644
199 1101
200 626
200 758
200 809
200 933
200 1381
201 299
201 399
201 914
201 999
201 1347
202 282
202 289
202 332
202 527
202 626
202 1127
203 466
203 504
203 659
203 661
203 794
203 1205
203 1234
203 1245
203 1333
203 1376
204 235
204 282
204 533
204 996
204 1129
204 1229
205 240
205 306
205 346
205 579
205 782
205 828
205 852
205 1035
205 1212
205 1355
206 458
206 914
206 1286
207 273
207 787
208 299
208 370
208 830
208 1229
208 1366
209 417
209 602
209 793
209 1115
209 1209
211 238
211 1158
212 402
212 906
212 907
212 949
212 1219
212 1220
212 1286
212 1469
213 369
213 454
213 459
213 514
213 578
213 716
213 833
213 1099
213 1302
213 1334
214 419
214 667
214 1040
215 323
215 343
215 369
215 372
215 449
215 459
215 711
215 718
215 833
215 1049
215 1123
215 1302
215 1356
216 217
216 342
216 371
216 410
216 571
216 702
216 992
216 1087
216 1140
216 1282
216 1358
216 1359
217 220
217 490
217 571
217 622
217 675
217 846
217 1031
217 1358
218 723
218 1063
218 1365
219 421
219 562
219 640
219 673
219 1047
219 1354
220 249
220 422
220 490
220 622
220 1031
220 1455
221 303
221 706
222 691
222 1494
223 299
223 383
223 478
223 979
223 1084
223 1237
224 421
225 508
225 599
225 715
225 819
225 825
225 945
225 1015
225 1115
225 1407
225 1425
226 342
226 717
226 815
226 941
227 229
227 230
227 1058
228 534
228 535
228 557
228 940
228 1189
228 1350
228 1367
229 230
229 827
229 887
229 1058
230 579
230 583
230 644
230 849
230 912
230 1101
230 1261
230 1449
231 428
231 484
231 725
231 805
231 843
231 961
231 1277
231 1285
232 556
232 590
232 675
232 710
232 835
233 488
233 495
233 823
233 926
233 1292
233 1429
234 790
234 1147
235 659
235 710
235 1295
236 597
236 682
236 1075
236 1158
237 274
237 424
237 447
237 1014
237 1197
238 866
238 872
238 967
239 357
239 633
239 933
239 1018
239 1060
239 1306
240 563
240 852
240 1261
240 1309
241 245
241 247
241 248
241 433
241 579
241 854
241 995
242 437
242 911
242 1379
243 645
243 1329
244 888
244 914
244 970
245 693
246 569
246 750
246 752
246 845
247 291
247 510
247 566
247 573
247 598
247 1145
247 1174
247 1239
248 371
248 590
248 649
248 702
248 835
248 843
248 872
248 961
248 1033
248 1087
248 1282
248 1346
248 1439
249 585
249 675
249 719
249 838
249 839
249 846
249 878
249 1330
249 1455
250 608
250 693
250 775
250 797
250 813
250 1004
250 1299
251 663
251 846
251 1155
252 555
252 1013
252 1060
252 1196
252 1299
252 1445
253 416
253 422
253 1067
254 399
254 401
254 952
254 990
254 1025
255 291
255 490
255 702
256 276
256 537
256 824
256 1208
256 1430
257 345
257 356
257 1459
258 1186
259 542
259 751
259 791
259 1400
260 273
260 277
260 441
260 580
260 1028
260 1482
261 700
261 1185
261 1365
261 1440
262 410
262 622
262 1013
262 1196
262 1361
262 1419
264 265
264 297
264 298
264 600
264 844
264 890
264 1080
264 1276
265 417
265 1026
265 1269
265 1469
266 639
266 1452
267 357
267 373
267 384
267 924
267 1044
267 1080
267 1081
267 1266
268 311
268 526
268 642
268 646
268 830
268 851
268 1183
269 879
269 1021
269 1261
270 701
270 832
270 1106
270 1165
270 1491
271 554
271 1279
271 1402
272 836
272 1089
273 410
273 555
273 556
273 605
273 731
273 1018
273 1031
273 1196
274 1014
274 1473
275 314
275 409
275 666
275 1108
275 1351
276 776
276 874
276 988
276 996
276 1077
276 1230
276 1253
276 1309
276 1474
277 326
277 663
277 710
277 1041
277 1070
279 558
279 903
279 911
279 1196
279 1244
279 1296
280 710
280 1078
280 1426
280 1473
281 426
281 752
281 1458
282 533
282 638
282 738
282 1075
282 1080
282 1469
283 519
283 557
283 607
283 724
284 1062
286 565
286 703
286 1045
286 1138
287 467
287 550
287 580
287 831
287 1285
287 1290
288 355
288 408
288 765
288 908
288 1014
288 1044
288 1226
288 1473
289 358
289 514
289 673
289 962
289 996
289 1090
291 482
291 502
291 510
291 563
291 566
291 675
291 716
291 733
291 778
291 884
291 888
291 1469
292 342
292 1181
293 606
293 1245
293 1385
295 729
295 1288
296 995
297 355
297 697
297 1031
297 1346
297 1393
298 317
298 374
298 450
298 535
298 599
298 1036
298 1070
299 560
299 970
299 1051
299 1209
299 1215
299 1313
300 1351
302 471
302 729
302 848
302 873
302 974
302 1172
302 1249
302 1415
303 305
303 612
303 672
303 706
303 1055
303 1059
303 1096
303 1122
304 627
304 1518
304 1555
305 357
305 358
305 360
305 364
305 394
305 787
305 911
305 1089
306 313
306 318
306 393
306 579
306 850
306 921
306 933
306 1082
306 1195
306 1361
307 421
307 461
307 472
307 729
307 1323
307 1354
307 1472
308 494
308 745
308 911
308 1200
308 1240
309 600
309 804
309 1110
309 1133
309 1252
309 1454
309 1458
311 606
311 896
311 973
311 1142
311 1323
311 1452
312 537
312 585
312 719
312 762
312 824
312 1053
312 1348
312 1350
313 318
313 510
313 585
313 919
313 954
313 1202
313 1255
313 1377
313 1390
314 901
314 1391
314 1395
314 1415
314 1485
315 461
315 761
315 1211
315 1418
316 332
316 619
316 711
316 916
316 1270
317 535
317 619
317 743
317 1195
317 1474
318 500
318 521
318 648
319 513
319 864
319 912
319 1074
319 1077
319 1179
319 1314
320 350
320 478
320 527
320 745
320 762
320 773
320 850
320 911
320 1158
321 747
321 1181
321 1309
321 1463
321 1477
321 1480
322 353
322 444
322 1172
322 1463
323 385
323 475
323 716
323 783
323 949
323 1001
323 1245
323 1338
324 381
324 687
324 1074
325 616
325 905
325 1165
325 1426
326 732
326 774
326 787
326 897
326 964
327 392
327 431
327 714
327 730
327 1033
327 1253
327 1342
328 357
329 350
329 366
329 782
329 812
329 1207
329 1342
330 476
330 478
330 516
330 986
330 1084
330 1252
330 1254
331 1247
331 1359
331 1416
331 1460
332 370
332 489
332 492
332 552
332 952
332 1264
332 1267
333 484
333 586
333 774
333 784
333 785
333 835
333 866
333 1057
333 1225
333 1228
333 1328
333 1385
335 752
335 827
335 887
335 1012
336 1242
336 1279
336 1359
337 441
337 1331
339 1030
341 347
341 409
341 520
341 528
341 1058
341 1257
341 1260
341 1409
342 566
342 730
342 815
342 849
342 861
342 920
342 934
342 1013
342 1087
342 1118
342 1242
342 1358
343 810
343 938
343 1065
343 1365
343 1417
344 386
344 447
344 792
345 401
345 663
345 752
345 1011
345 1101
345 1260
345 1321
345 1451
346 788
346 809
346 861
347 507
348 460
348 1156
349 658
350 927
350 941
350 1086
350 1093
351 1171
353 474
353 748
353 752
353 848
353 881
353 1126
354 550
354 652
354 1079
355 408
355 889
355 897
355 1014
355 1044
355 1152
356 697
356 841
356 1292
356 1300
356 1373
357 612
357 652
357 891
357 1344
357 1371
358 787
358 839
358 1113
358 1125
358 1244
359 513
359 911
359 1016
359 1053
359 1077
359 1103
360 911
360 924
360 999
360 1089
360 1380
360 1387
362 459
362 485
362 562
362 620
362 627
362 812
362 938
362 1231
363 1407
364 612
364 924
364 1089
365 522
365 583
365 1108
366 374
366 559
366 581
366 819
366 1124
366 1316
367 373
367 395
367 397
367 1213
367 1292
367 1373
368 596
368 608
368 727
368 820
368 966
368 1073
368 1367
369 372
369 383
369 479
369 483
369 661
369 711
369 718
369 794
369 833
369 1074
369 1123
369 1253
369 1278
369 1330
370 833
370 1051
370 1107
370 1230
370 1389
371 1033
371 1087
371 1117
371 1282
371 1346
371 1358
371 1439
372 915
372 962
372 1099
372 1123
372 1467
373 395
373 397
373 837
373 1156
373 1384
374 762
374 941
374 1279
375 515
375 921
375 969
375 1193
375 1248
375 1251
375 1361
375 1375
375 1376
375 1466
376 438
376 451
376 508
376 550
376 694
376 849
376 1251
376 1481
377 655
378 655
378 1206
378 1398
379 836
379 917
379 1344
379 1431
380 508
380 755
380 1431
381 447
381 647
381 687
381 889
381 1074
382 383
383 430
383 611
383 635
383 711
383 718
383 794
383 833
383 1338
384 447
384 1021
385 711
385 1217
385 1263
385 1338
386 447
386 1249
386 1473
387 492
387 539
387 870
387 902
388 393
388 958
388 1433
388 1441
389 520
389 890
389 1106
390 846
390 910
390 918
390 919
390 1176
390 1252
390 1254
390 1330
390 1369
390 1375
392 733
392 746
392 936
392 971
392 1307
392 1342
392 1479
393 514
393 591
393 1082
393 1099
393 1255
394 692
394 1077
394 1165
394 1199
395 400
395 474
395 546
395 690
395 760
395 797
395 837
395 855
395 995
395 1179
395 1206
395 1496
396 414
396 551
396 615
396 700
396 841
396 854
396 1175
397 400
397 653
397 995
397 1496
398 641
398 653
398 688
398 756
398 1085
398 1204
399 401
399 544
399 597
399 619
399 700
399 970
399 1023
400 855
401 566
401 569
401 589
401 663
401 1222
401 1260
401 1379
402 662
403 628
403 641
403 748
403 1250
403 1261
403 1394
404 526
404 1045
404 1215
404 1404
404 1464
404 1493
405 699
405 1050
406 879
406 941
406 1447
407 616
407 713
407 941
407 1219
407 1224
407 1342
408 412
408 576
408 927
408 1197
408 1249
408 1251
408 1357
408 1484
409 520
409 686
409 1091
409 1134
409 1409
409 1586
410 796
410 919
410 1018
410 1031
410 1033
410 1087
410 1117
410 1196
410 1232
410 1255
410 1282
410 1358
411 1086
411 1320
411 1455
412 579
412 1063
412 1147
412 1365
412 1371
413 482
413 565
413 622
413 782
413 863
413 878
413 1034
414 585
414 987
414 1232
415 665
415 1030
415 1436
416 422
416 467
416 802
416 805
416 897
416 950
416 964
416 1067
416 1147
417 825
417 1272
417 1465
418 665
418 739
419 1040
419 1110
420 610
420 1203
420 1506
421 638
421 1298
421 1472
422 578
422 950
422 1030
423 912
423 1112
423 1323
423 1459
424 864
424 1170
424 1249
425 693
425 1244
426 471
426 752
426 827
426 847
426 974
427 575
427 861
427 864
427 997
428 649
429 575
429 730
429 866
429 872
429 1181
429 1359
429 1469
430 516
430 962
430 1189
430 1248
430 1302
430 1326
430 1461
431 460
431 533
431 569
431 1019
431 1286
431 1324
431 1329
431 1400
431 1478
432 860
433 699
434 472
434 473
434 797
434 798
434 874
435 1186
435 1206
436 438
437 472
437 751
437 848
437 1222
437 1257
438 881
438 1011
438 1152
439 471
439 480
439 666
441 590
441 1226
441 1309
441 1317
442 621
442 714
442 1388
443 1156
444 510
444 933
444 1155
444 1174
444 1319
444 1378
446 1020
447 792
447 889
448 533
448 826
448 1005
448 1051
448 1150
448 1207
448 1445
448 1497
449 514
449 562
449 1099
449 1285
449 1376
449 1466
449 1467
450 533
450 764
450 815
450 826
450 838
450 1028
450 1048
450 1158
450 1207
450 1436
451 480
451 666
451 674
451 684
452 621
452 1157
452 1388
453 482
453 815
453 900
453 913
454 459
454 515
454 716
454 833
454 850
454 949
454 1082
454 1099
454 1255
454 1282
454 1334
454 1466
456 549
456 1251
457 881
457 1322
457 1412
457 1503
457 1507
457 1521
457 1659
458 1060
458 1202
459 515
459 541
459 611
459 711
459 833
459 878
459 949
459 1082
459 1107
459 1255
459 1280
459 1488
460 542
460 563
460 615
460 927
460 941
460 1167
460 1421
461 729
461 761
461 983
461 1318
462 782
462 930
462 1023
462 1034
462 1125
462 1410
462 1486
462 1497
463 719
463 723
463 725
463 944
463 1063
463 1120
463 1147
464 627
464 832
464 1146
466 899
466 1227
466 1234
466 1417
467 478
467 730
467 762
467 944
467 1309
467 1355
467 1361
468 508
468 717
468 775
468 1482
469 1352
469 1368
470 1321
470 1503
471 472
471 641
471 752
471 847
471 1414
472 480
472 520
472 565
472 641
472 752
472 798
472 1104
472 1161
473 922
473 1179
473 1271
474 528
474 837
474 893
474 1074
474 1126
475 480
475 562
475 637
476 704
476 736
476 928
476 1215
477 481
477 555
477 1265
477 1393
478 679
478 945
478 1084
479 483
479 665
479 711
479 1253
479 1329
479 1330
479 1461
480 506
480 666
480 974
480 1412
481 1299
481 1306
481 1393
481 1397
482 762
482 838
482 839
482 1033
482 1117
482 1279
482 1484
483 552
483 585
483 665
483 682
483 846
483 1253
483 1330
484 769
484 774
484 785
484 835
484 1057
485 527
485 783
485 810
485 812
485 1209
485 1447
486 1026
486 1047
488 642
488 823
488 1429
489 1220
489 1497
490 701
490 924
490 1120
491 621
491 1157
492 507
492 789
492 952
492 1407
493 543
493 713
493 714
493 744
493 745
493 1097
493 1239
493 1394
494 911
494 1260
495 726
495 829
495 934
495 1095
495 1107
495 1323
495 1429
496 568
496 1171
497 1342
497 1352
498 713
498 868
498 1049
498 1107
499 541
499 940
500 521
500 772
500 798
500 1239
501 502
501 505
501 1427
502 510
502 646
502 884
502 980
502 987
502 1145
502 1150
502 1208
502 1228
502 1250
503 1517
504 527
504 801
504 888
504 1096
505 725
505 1299
506 974
506 1304
507 564
507 932
507 1253
507 1431
509 629
510 653
510 717
510 1046
510 1208
511 845
512 1044
513 732
513 1249
514 804
514 977
514 1099
514 1117
514 1255
514 1361
514 1467
515 578
515 850
515 1099
515 1117
515 1255
515 1353
515 1375
516 668
516 919
516 1189
516 1375
516 1377
516 1461
516 1466
517 579
518 583
519 557
519 607
519 920
519 1489
520 686
520 976
520 1256
520 1409
521 882
521 933
521 1124
521 1140
521 1155
521 1416
522 1108
525 1331
526 588
526 973
526 981
526 1218
527 626
527 758
527 791
527 801
527 826
527 936
527 1281
528 626
528 975
528 1126
528 1184
532 646
533 670
533 851
533 925
533 944
533 1291
533 1295
533 1349
533 1469
534 607
534 940
534 1003
534 1097
534 1189
534 1264
534 1350
535 607
535 942
535 956
535 1003
535 1039
535 1329
535 1350
535 1431
536 1278
536 1283
537 563
537 683
537 824
537 1019
537 1057
537 1348
537 1490
538 874
538 1304
538 1384
539 551
539 902
539 933
540 557
540 825
540 970
540 1051
541 1038
541 1055
541 1154
541 1211
541 1296
542 710
542 912
542 1155
542 1165
542 1421
542 1473
543 1388
544 782
544 1036
544 1038
544 1055
544 1128
544 1486
546 642
546 973
546 1323
546 1452
547 702
547 1004
547 1010
547 1303
549 938
549 1042
549 1084
549 1245
549 1417
550 736
550 1115
550 1158
550 1404
551 615
551 902
551 1175
552 894
552 1201
552 1329
553 600
553 1201
553 1281
554 556
554 559
554 598
554 665
554 1113
555 1013
555 1170
555 1196
555 1299
555 1397
556 559
556 598
557 607
557 711
557 940
557 1003
557 1127
558 585
558 634
558 903
558 1070
558 1196
558 1296
559 598
559 1336
559 1450
559 1453
560 864
560 970
560 1016
560 1194
560 1379
561 655
562 637
562 658
562 699
562 854
563 733
563 764
563 828
563 1023
565 662
565 703
565 749
565 863
565 1136
565 1339
565 1605
566 649
566 849
566 1369
567 682
567 1289
568 717
568 870
568 1171
568 1407
569 572
569 658
569 1222
571 727
571 882
571 1140
571 1358
572 690
572 724
572 845
572 946
572 1131
572 1280
573 649
573 772
573 1187
573 1226
573 1303
573 1317
574 1005
574 1047
574 1186
574 1206
574 1286
575 732
575 861
575 1181
576 581
576 736
576 1286
576 1390
576 1468
576 1489
577 637
577 983
577 1418
578 716
579 723
579 818
579 949
580 1000
580 1168
580 1468
581 715
581 736
581 738
581 815
581 1356
581 1381
582 1107
582 1411
583 589
583 613
583 741
583 742
583 807
583 887
584 1220
585 719
585 838
585 846
585 919
585 1202
585 1317
585 1330
586 785
586 1150
587 1142
588 627
588 741
588 853
588 886
588 887
588 1183
588 1203
589 887
589 1198
589 1458
589 1459
590 727
590 731
590 843
590 1033
590 1242
590 1282
590 1439
591 687
591 815
591 1001
591 1074
592 705
592 754
592 1285
592 1310
593 970
596 727
596 882
596 884
596 1140
596 1235
596 1296
596 1496
597 619
597 970
597 1379
598 767
598 826
598 893
598 1147
598 1296
598 1336
598 1450
598 1453
599 975
599 1329
600 899
600 1032
600 1088
600 1133
602 953
602 1428
603 1251
604 606
604 741
604 880
606 741
606 880
606 1203
606 1250
606 1452
607 796
607 940
607 1003
607 1039
607 1097
608 867
608 1004
608 1009
608 1303
609 1389
610 690
610 1079
610 1138
610 1203
611 661
611 711
611 794
611 1338
612 1351
613 638
613 895
614 629
614 630
614 947
614 1150
614 1170
614 1377
615 764
615 839
615 843
615 1057
615 1070
615 1077
616 694
616 713
616 820
616 1159
616 1219
616 1224
617 1097
619 700
620 626
620 1042
620 1065
620 1279
620 1377
621 676
621 679
621 1157
621 1245
621 1388
622 905
622 1299
622 1358
623 860
624 692
624 730
624 762
624 1165
624 1180
624 1264
624 1355
624 1361
625 1233
626 936
626 992
626 1032
626 1084
626 1217
627 756
627 1133
628 746
628 878
628 964
630 1150
631 780
631 872
631 914
631 1181
631 1265
631 1420
632 1473
633 1060
633 1072
634 1006
634 1071
634 1089
634 1266
635 931
635 1366
636 706
636 788
636 888
636 1195
636 1210
636 1370
637 814
637 957
637 983
637 1098
637 1190
638 919
638 1026
639 1395
639 1396
639 1441
640 800
640 863
640 886
640 1105
640 1318
641 646
641 653
641 688
641 946
641 1204
642 973
642 1002
642 1213
642 1373
642 1434
643 1322
643 1377
645 646
645 790
645 1047
645 1286
645 1303
646 1085
646 1293
646 1452
647 687
647 868
647 950
647 1069
647 1074
647 1110
647 1317
648 649
649 1226
652 807
652 881
652 1351
653 655
653 797
653 946
653 1161
653 1174
655 674
655 973
655 1136
655 1384
656 1325
657 1212
657 1262
657 1368
658 699
658 1095
658 1287
659 1019
659 1093
659 1290
660 1342
661 672
661 718
661 794
661 1234
661 1333
661 1376
661 1417
662 1379
663 814
663 1178
663 1220
663 1260
665 997
665 1029
665 1269
666 1108
667 954
667 1118
667 1341
667 1416
669 1400
670 822
670 1142
670 1319
672 913
672 1483
673 1187
673 1354
674 854
674 1465
675 1086
675 1358
675 1439
675 1455
676 679
676 1076
676 1308
676 1462
678 1452
679 1308
681 1121
682 686
683 738
683 1081
683 1339
683 1456
684 939
684 1440
684 1444
685 1031
686 1221
686 1284
686 1307
686 1396
686 1409
686 1437
687 1074
687 1086
689 724
689 1392
690 1058
690 1477
690 1480
691 1133
691 1308
691 1494
692 714
692 1398
693 804
693 1346
694 733
694 1207
694 1220
695 811
695 1466
696 761
697 699
698 744
698 1061
698 1093
698 1428
699 854
700 703
700 745
700 812
700 1023
700 1136
701 1106
701 1189
701 1245
702 835
702 961
702 1010
702 1439
703 863
703 1162
703 1448
704 1133
705 735
705 754
705 963
705 1334
705 1352
705 1403
706 788
706 1055
709 712
709 878
709 1082
709 1276
709 1376
710 715
710 737
711 718
711 794
711 832
711 833
711 949
711 1278
711 1302
711 1330
711 1338
711 1447
712 1096
712 1483
713 744
713 769
713 861
713 980
713 1224
713 1469
714 783
714 856
714 1316
715 815
715 1015
716 822
716 838
716 948
716 1082
716 1338
716 1353
716 1413
717 757
717 1023
717 1044
717 1046
717 1171
717 1343
718 1278
718 1338
719 725
719 838
719 878
719 948
719 1026
719 1353
719 1413
722 1058
723 917
723 1177
723 1365
723 1371
725 805
725 808
725 822
725 878
725 948
725 961
725 1039
725 1353
725 1419
725 1484
727 730
727 866
727 934
727 1028
728 789
728 1269
729 972
729 1185
729 1312
729 1424
729 1442
730 809
730 867
730 1004
730 1009
730 1033
730 1087
730 1343
731 1170
732 897
732 999
732 1027
732 1060
732 1071
732 1072
732 1241
732 1317
733 746
733 782
733 884
733 1023
733 1034
733 1261
733 1342
734 910
734 1149
734 1252
734 1297
734 1376
734 1462
735 805
735 963
735 1067
735 1164
736 906
736 986
736 1212
736 1297
736 1301
736 1369
736 1436
736 1462
736 1474
737 1004
737 1009
737 1330
737 1438
738 945
738 1038
738 1267
738 1345
738 1390
740 967
741 886
741 1131
741 1261
741 1304
741 1485
742 1050
743 850
743 1080
743 1193
744 769
744 812
744 1428
744 1469
745 766
745 773
745 782
745 812
745 888
745 1023
745 1034
745 1486
746 1029
746 1407
747 1477
748 854
748 934
748 1009
749 1037
749 1400
750 845
751 1400
752 797
752 827
752 847
752 874
752 974
753 755
753 808
753 822
753 838
753 839
753 1067
753 1334
754 906
754 1334
754 1352
754 1403
756 1204
756 1211
758 996
758 1038
758 1124
758 1145
759 760
759 934
759 973
759 1204
760 896
761 926
761 1103
761 1211
761 1395
761 1408
761 1418
762 879
762 1309
762 1355
762 1484
763 765
763 901
764 1279
765 786
765 1109
765 1344
766 773
766 804
766 1109
767 784
767 902
767 931
767 1052
767 1070
767 1197
767 1272
767 1274
768 812
768 1101
768 1113
768 1139
769 1428
770 904
770 911
770 1005
770 1018
770 1047
771 890
771 1016
771 1041
772 1120
772 1334
773 782
773 812
773 1023
773 1125
774 835
774 843
774 1031
774 1057
774 1060
774 1385
775 1004
775 1180
776 877
776 1271
776 1349
778 779
778 877
778 899
778 999
778 1202
778 1271
778 1438
779 924
779 999
779 1086
779 1241
779 1380
780 1196
781 1027
781 1225
781 1228
781 1273
781 1402
781 1405
782 1023
782 1034
782 1125
782 1486
782 1497
783 812
783 1173
783 1253
783 1447
784 785
784 803
784 818
784 1057
785 919
785 1057
785 1150
786 1339
787 904
787 1025
787 1266
787 1273
788 1342
788 1482
789 874
789 901
789 932
789 1336
789 1350
789 1492
790 1080
790 1220
790 1390
791 1109
791 1190
791 1270
791 1379
791 1400
792 1121
792 1404
793 813
793 1372
793 1403
794 1333
795 1020
796 1004
796 1026
796 1115
796 1345
796 1367
796 1489
796 1490
797 798
797 855
797 947
797 1385
797 1397
798 893
798 904
798 1005
800 1032
800 1379
803 1112
803 1240
803 1289
803 1300
803 1314
803 1385
803 1426
804 1099
804 1239
804 1255
804 1345
804 1375
804 1376
805 948
805 963
805 1067
805 1164
805 1285
806 910
806 950
806 1110
806 1176
806 1252
806 1254
806 1297
806 1301
806 1403
807 881
807 1395
807 1396
807 1400
807 1597
808 1413
809 1115
809 1381
809 1419
810 1100
810 1252
810 1280
811 1417
812 949
812 1023
812 1034
812 1071
812 1302
812 1428
812 1447
813 1110
813 1376
813 1454
814 885
814 983
815 1484
818 948
818 1282
819 1114
819 1425
819 1547
819 1617
820 919
820 1375
821 886
821 946
821 1186
821 1415
821 1427
821 1445
821 1463
822 944
822 948
822 961
823 1429
824 1230
824 1348
825 998
825 1212
825 1489
825 1637
826 925
826 928
827 830
827 887
827 1458
827 1463
828 838
828 1316
828 1462
829 1474
830 1079
830 1458
832 1184
832 1367
832 1376
832 1432
832 1489
833 949
833 1123
833 1143
833 1150
833 1229
833 1338
834 927
834 994
834 1119
835 843
835 846
835 1057
836 1042
836 1112
836 1200
837 895
837 1276
837 1384
838 839
838 846
838 1338
838 1346
838 1488
839 1165
839 1338
840 1192
841 1175
842 1313
843 1439
845 853
845 1156
846 919
846 1057
846 1155
846 1328
846 1330
846 1338
846 1488
848 974
848 976
848 1261
848 1442
848 1446
849 1074
849 1171
849 1300
850 921
850 969
850 1193
850 1255
851 896
851 1161
851 1470
852 1121
854 912
855 884
855 1179
855 1292
855 1311
855 1328
855 1382
855 1496
857 1166
858 1126
860 973
860 1213
860 1374
860 1452
861 1453
862 1260
863 1136
863 1339
864 1062
864 1170
865 942
865 1020
866 966
866 1028
866 1273
866 1275
866 1435
867 1022
867 1461
868 1069
868 1119
870 988
870 1043
872 1273
872 1275
872 1282
874 1001
874 1079
874 1274
875 1179
875 1243
875 1385
876 968
876 1494
877 1074
877 1158
877 1253
877 1271
877 1349
877 1386
878 1057
878 1410
879 1027
879 1271
879 1425
880 1178
881 983
881 1011
882 954
882 1008
882 1028
882 1140
882 1155
882 1226
882 1308
882 1410
882 1484
883 1457
883 1480
884 1208
884 1315
886 887
886 983
886 1318
887 1257
887 1431
888 916
888 951
888 1152
888 1203
889 917
889 1197
889 1249
889 1311
889 1485
890 1309
890 1473
891 1016
891 1041
892 1008
892 1305
893 1102
893 1241
896 1161
896 1323
896 1452
896 1705
897 964
897 1016
899 1343
900 1151
901 1319
901 1398
901 1401
902 994
902 1018
902 1046
902 1283
902 1320
904 1005
904 1047
904 1078
904 1227
904 1270
905 1225
905 1228
906 986
906 1084
906 1252
906 1297
906 1325
906 1474
907 1219
908 1200
910 1123
910 1176
910 1212
910 1301
910 1369
910 1372
910 1462
911 1077
911 1089
911 1125
911 1240
911 1243
911 1266
912 1101
912 1184
914 956
914 1021
914 1072
915 1376
916 1195
917 1065
917 1177
917 1245
917 1249
917 1365
917 1370
917 1371
918 1252
918 1369
919 962
919 969
919 1158
919 1202
919 1375
919 1390
920 934
921 962
921 1193
921 1212
921 1269
921 1345
921 1375
921 1376
921 1466
922 1218
922 1414
922 1464
924 999
924 1093
924 1199
924 1241
924 1436
925 928
925 1244
925 1269
925 1295
926 1001
928 1081
928 1121
928 1295
929 1493
931 1052
932 1244
932 1263
932 1463
933 1025
933 1093
933 1195
933 1253
936 971
936 1019
936 1249
936 1281
936 1307
938 1417
939 1261
939 1263
939 1384
940 1003
940 1026
940 1189
940 1264
940 1350
941 1148
942 1039
942 1329
943 1156
944 1063
944 1069
944 1082
944 1255
944 1366
944 1442
945 1158
946 947
946 1101
946 1260
948 961
948 1404
949 1255
950 1403
950 1404
952 1165
952 1264
952 1379
952 1497
953 1100
953 1325
953 1388
954 956
954 1438
955 1073
955 1367
956 1014
956 1089
957 1134
957 1408
957 1409
958 1036
961 1259
961 1439
962 1036
962 1125
962 1375
962 1377
963 1067
963 1164
964 1016
964 1125
964 1170
965 1366
966 1113
966 1114
967 1340
968 1362
968 1494
969 1117
969 1118
969 1193
969 1345
969 1376
970 1051
970 1313
970 1479
971 1049
971 1267
971 1281
971 1307
972 1251
972 1422
973 977
973 1323
974 1172
974 1420
975 1073
975 1097
975 1119
975 1187
976 1139
976 1207
976 1261
977 978
977 1098
977 1401
977 1405
978 1478
979 1042
979 1051
980 987
980 997
980 1145
980 1208
981 1132
981 1292
981 1464
983 1298
983 1318
986 1254
986 1297
986 1301
987 1145
987 1208
988 1230
989 1357
990 1177
991 1437
993 1118
994 1121
995 1306
995 1454
995 1492
995 1496
996 1165
996 1253
997 1155
997 1308
999 1347
999 1380
1000 1218
1000 1468
1001 1272
1002 1395
1002 1396
1002 1434
1002 1449
1003 1097
1003 1114
1003 1350
1004 1009
1004 1241
1004 1303
1004 1330
1005 1047
1005 1053
1006 1032
1006 1272
1006 1447
1007 1115
1007 1177
1007 1194
1007 1305
1008 1266
1008 1276
1008 1305
1009 1303
1009 1330
1009 1419
1010 1229
1010 1303
1011 1458
1012 1293
1012 1393
1013 1018
1013 1180
1013 1196
1014 1197
1014 1199
1016 1311
1016 1382
1017 1113
1017 1351
1018 1028
1018 1031
1018 1261
1018 1306
1018 1320
1019 1290
1020 1027
1020 1329
1021 1077
1021 1317
1023 1034
1023 1125
1023 1452
1023 1465
1023 1486
1023 1497
1024 1463
1025 1031
1025 1225
1025 1475
1027 1090
1027 1230
1027 1329
1028 1419
1030 1290
1031 1181
1031 1283
1031 1320
1032 1222
1032 1470
1033 1242
1033 1244
1033 1279
1033 1282
1033 1346
1033 1439
1033 1484
1034 1071
1034 1125
1034 1486
1035 1321
1036 1210
1037 1135
1037 1178
1037 1190
1037 1318
1038 1211
1040 1247
1040 1454
1042 1298
1045 1222
1045 1354
1045 1448
1045 1497
1047 1053
1047 1435
1048 1125
1048 1159
1048 1191
1048 1486
1050 1108
1050 1424
1050 1446
1050 1485
1052 1251
1052 1357
1053 1113
1053 1148
1053 1181
1053 1387
1054 1321
1054 1451
1055 1059
1055 1128
1057 1279
1058 1409
1058 1440
1059 1122
1059 1165
1059 1209
1059 1296
1059 1313
1059 1339
1060 1072
1060 1076
1060 1196
1062 1170
1063 1147
1064 1365
1064 1399
1064 1404
1067 1164
1067 1282
1069 1317
1070 1077
1071 1296
1073 1076
1073 1097
1073 1367
1073 1489
1074 1275
1077 1241
1077 1266
1078 1204
1078 1213
1078 1328
1078 1411
1080 1114
1080 1336
1080 1371
1080 1469
1081 1243
1081 1339
1081 1386
1081 1389
1082 1086
1082 1255
1083 1251
1084 1227
1084 1339
1085 1293
1086 1283
1086 1416
1086 1455
1087 1232
1087 1282
1087 1358
1088 1093
1088 1133
1090 1241
1090 1286
1093 1269
1093 1340
1093 1381
1094 1249
1095 1105
1095 1172
1096 1483
1097 1133
1097 1429
1098 1103
1099 1255
1099 1356
1099 1376
1099 1466
1099 1467
1101 1260
1102 1440
1102 1452
1102 1481
1104 1108
1104 1258
1105 1318
1106 1252
1106 1276
1107 1181
1108 1257
1108 1414
1108 1418
1108 1424
1109 1365
1110 1454
1111 1448
1113 1139
1113 1203
1113 1207
1114 1303
1115 1151
1115 1194
1117 1232
1117 1262
1117 1336
1117 1361
1117 1484
1118 1419
1119 1164
1119 1353
1120 1212
1120 1358
1121 1122
1121 1209
1121 1210
1122 1351
1123 1302
1123 1376
1124 1195
1124 1334
1124 1416
1125 1486
1126 1138
1126 1172
1126 1178
1126 1257
1126 1382
1127 1154
1127 1276
1129 1276
1129 1497
1131 1134
1131 1183
1132 1321
1132 1451
1132 1464
1133 1326
1134 1257
1134 1409
1135 1156
1135 1400
1135 1437
1136 1211
1136 1430
1137 1159
1137 1229
1137 1362
1137 1416
1140 1155
1140 1358
1142 1470
1143 1150
1145 1208
1145 1253
1147 1149
1147 1366
1147 1371
1148 1181
1148 1300
1149 1176
1149 1252
1149 1297
1149 1462
1150 1402
1151 1276
1152 1210
1154 1431
1155 1410
1156 1163
1156 1384
1156 1430
1156 1432
1156 1493
1157 1388
1157 1427
1159 1224
1159 1362
1159 1416
1161 1218
1161 1323
1161 1464
1162 1448
1163 1493
1164 1282
1165 1199
1165 1264
1165 1317
1165 1473
1168 1314
1168 1484
1170 1197
1171 1419
1172 1178
1172 1378
1172 1492
1172 1496
1176 1297
1176 1301
1176 1372
1176 1375
1176 1462
1177 1194
1178 1252
1178 1318
1179 1250
1182 1382
1182 1465
1183 1395
1183 1396
1183 1414
1184 1224
1184 1428
1185 1459
1186 1261
1187 1317
1188 1261
1189 1248
1189 1326
1189 1461
1190 1400
1192 1432
1192 1443
1193 1461
1193 1466
1194 1305
1195 1335
1196 1265
1197 1199
1198 1203
1199 1286
1200 1244
1200 1266
1200 1306
1200 1435
1201 1457
1202 1225
1202 1317
1202 1402
1203 1458
1204 1250
1204 1457
1206 1478
1206 1496
1209 1339
1211 1294
1211 1304
1212 1462
1213 1374
1215 1217
1216 1288
1217 1220
1217 1240
1217 1386
1218 1468
1219 1221
1219 1336
1220 1336
1220 1386
1221 1273
1221 1300
1221 1413
1222 1318
1222 1458
1223 1276
1224 1336
1225 1402
1225 1405
1225 1475
1226 1317
1226 1374
1228 1413
1228 1475
1230 1340
1231 1237
1232 1282
1232 1361
1234 1333
1235 1367
1237 1333
1241 1246
1242 1283
1242 1439
1243 1385
1243 1394
1244 1387
1244 1394
1244 1397
1244 1470
1245 1280
1245 1338
1247 1334
1248 1345
1251 1404
1252 1369
1252 1372
1253 1278
1253 1330
1254 1369
1255 1466
1255 1467
1257 1260
1260 1409
1260 1684
1261 1288
1261 1485
1262 1326
1263 1379
1263 1480
1264 1267
1265 1266
1265 1334
1265 1393
1265 1413
1267 1360
1267 1431
1269 1348
1269 1462
1271 1349
1271 1397
1272 1497
1273 1397
1273 1435
1274 1473
1275 1426
1275 1435
1276 1329
1276 1437
1277 1334
1278 1330
1279 1431
1281 1307
1282 1346
1282 1358
1282 1439
1283 1341
1284 1486
1285 1459
1285 1474
1286 1400
1287 1288
1287 1458
1287 1459
1289 1300
1289 1314
1290 1362
1291 1295
1291 1487
1292 1429
1293 1497
1295 1487
1297 1462
1298 1318
1299 1428
1299 1453
1300 1413
1301 1372
1301 1462
1302 1353
1304 1418
1307 1339
1309 1463
1309 1474
1309 1477
1309 1480
1311 1382
1316 1466
1318 1351
1319 1378
1319 1401
1320 1455
1321 1451
1324 1483
1326 1489
1328 1385
1329 1330
1329 1349
1329 1350
1330 1338
1333 1461
1334 1359
1336 1450
1336 1453
1337 1340
1337 1460
1338 1358
1340 1429
1342 1445
1343 1346
1345 1375
1345 1376
1345 1467
1346 1439
1353 1403
1353 1413
1355 1466
1356 1467
1357 1361
1358 1359
1358 1439
1361 1375
1361 1484
1365 1370
1365 1417
1367 1489
1368 1369
1369 1375
1370 1371
1370 1461
1370 1466
1372 1375
1374 1469
1375 1376
1375 1466
1377 1466
1382 1412
1383 1426
1385 1387
1385 1426
1388 1454
1391 1395
1392 1478
1395 1464
1397 1411
1398 1401
1398 1436
1402 1405
1407 1469
1408 1414
1408 1550
1411 1481
1414 1415
1414 1452
1414 1464
1414 1496
1415 1485
1418 1424
1419 1484
1420 1431
1420 1436
1422 1427
1423 1427
1425 1657
1426 1435
1430 1468
1445 1490
1450 1453
1451 1464
1458 1459
1459 1674
1459 1704
1461 1467
1461 1468
1463 1477
1463 1480
1466 1467
1466 1468
1467 1468
1467 1474
1468 1474
1477 1480
1481 1485
1495 1545
1495 1594
1495 1609
1498 1598
1498 1616
1498 1648
1498 1660
1498 1711
1498 1716
1499 1528
1499 1532
1499 1671
1500 1506
1501 1622
1501 1638
1501 1650
1501 1704
1501 1706
1502 1559
1502 1560
1502 1561
1502 1611
1502 1708
1503 1570
1504 1526
1504 1558
1504 1616
1504 1631
1504 1659
1504 1693
1504 1709
1504 1711
1504 1716
1505 1700
1506 1511
1506 1516
1506 1586
1506 1593
1506 1595
1506 1631
1506 1706
1506 1708
1507 1518
1507 1528
1507 1601
1507 1654
1507 1656
1507 1673
1507 1689
1507 1694
1508 1559
1508 1578
1508 1616
1508 1627
1508 1635
1509 1511
1509 1546
1509 1624
1510 1521
1510 1595
1510 1598
1510 1613
1510 1692
1511 1517
1511 1520
1511 1528
1511 1565
1511 1598
1511 1601
1511 1662
1513 1615
1515 1529
1515 1581
1515 1588
1515 1595
1515 1667
1515 1672
1515 1690
1515 1696
1516 1544
1516 1581
1516 1689
1516 1708
1517 1544
1517 1553
1517 1556
1517 1630
1517 1673
1518 1520
1518 1528
1518 1561
1518 1571
1518 1578
1518 1596
1518 1601
1518 1630
1518 1704
1518 1716
1519 1552
1519 1586
1519 1700
1520 1522
1520 1563
1520 1571
1520 1601
1520 1615
1520 1690
1520 1715
1521 1611
1521 1629
1521 1665
1521 1692
1522 1548
1522 1571
1522 1615
1522 1630
1522 1673
1522 1677
1522 1704
1523 1633
1523 1693
1523 1695
1524 1526
1524 1547
1524 1569
1524 1618
1524 1656
1524 1657
1524 1659
1524 1675
1524 1693
1524 1695
1524 1707
1525 1531
1525 1579
1525 1655
1525 1710
1526 1558
1526 1656
1526 1659
1526 1693
1526 1699
1526 1709
1527 1529
1527 1564
1528 1555
1528 1561
1528 1585
1528 1599
1528 1601
1528 1616
1528 1639
1528 1673
1529 1546
1529 1548
1529 1550
1529 1566
1529 1581
1529 1588
1529 1592
1529 1605
1529 1652
1529 1654
1529 1677
1529 1689
1529 1690
1530 1562
1530 1564
1531 1664
1532 1652
1533 1580
1533 1684
1534 1541
1535 1668
1536 1539
1536 1563
1536 1571
1536 1590
1536 1611
1536 1614
1536 1641
1536 1643
1536 1644
1536 1721
1537 1549
1537 1621
1538 1542
1539 1541
1539 1543
1539 1569
1539 1583
1539 1590
1539 1607
1539 1618
1539 1620
1539 1687
1539 1707
1539 1715
1540 1628
1541 1554
1543 1583
1543 1606
1543 1687
1544 1580
1544 1584
1544 1642
1544 1660
1544 1707
1544 1708
1544 1717
1545 1546
1545 1550
1545 1555
1545 1571
1545 1594
1545 1609
1545 1623
1545 1652
1545 1722
1546 1571
1546 1573
1546 1574
1546 1612
1546 1623
1546 1652
1546 1654
1546 1655
1546 1672
1546 1680
1546 1691
1547 1569
1547 1583
1547 1618
1547 1631
1547 1651
1547 1657
1548 1581
1548 1587
1548 1615
1548 1646
1548 1677
1548 1720
1549 1553
1549 1556
1549 1611
1550 1559
1550 1564
1550 1586
1550 1700
1551 1562
1551 1567
1551 1570
1551 1605
1551 1658
1551 1668
1552 1556
1552 1588
1552 1613
1552 1620
1552 1643
1552 1646
1552 1654
1552 1690
1552 1722
1553 1555
1553 1559
1553 1605
1553 1620
1553 1665
1553 1681
1553 1722
1554 1577
1554 1657
1555 1573
1555 1578
1555 1588
1555 1605
1555 1620
1555 1642
1556 1571
1556 1578
1556 1616
1556 1620
1556 1652
1556 1665
1556 1674
1556 1721
1557 1610
1557 1635
1557 1655
1558 1656
1559 1560
1559 1561
1559 1596
1559 1620
1559 1623
1559 1644
1559 1652
1559 1673
1559 1674
1559 1722
1560 1561
1560 1658
1560 1673
1560 1677
1561 1571
1561 1585
1561 1658
1561 1673
1561 1716
1561 1721
1562 1564
1562 1589
1562 1595
1562 1596
1562 1620
1562 1653
1562 1661
1562 1668
1562 1672
1562 1705
1562 1722
1563 1600
1563 1613
1563 1623
1563 1652
1563 1654
1563 1661
1563 1673
1563 1705
1563 1719
1563 1721
1564 1589
1564 1676
1565 1601
1566 1569
1566 1601
1566 1621
1566 1637
1566 1648
1566 1686
1566 1703
1567 1570
1567 1587
1567 1605
1567 1658
1567 1668
1568 1570
1568 1588
1569 1585
1569 1589
1569 1637
1569 1659
1569 1707
1570 1605
1570 1614
1570 1642
1570 1658
1570 1668
1571 1630
1571 1652
1571 1704
1572 1590
1572 1657
1572 1685
1573 1574
1573 1588
1573 1600
1573 1622
1573 1650
1573 1661
1573 1680
1573 1708
1574 1575
1574 1631
1574 1661
1574 1668
1574 1708
1575 1613
1575 1660
1576 1666
1576 1707
1577 1651
1579 1636
1579 1645
1579 1687
1580 1601
1580 1697
1580 1717
1581 1588
1581 1670
1582 1707
1584 1585
1584 1715
1585 1601
1585 1623
1585 1654
1585 1673
1585 1708
1586 1592
1586 1624
1586 1626
1586 1691
1587 1588
1587 1677
1587 1690
1588 1605
1588 1620
1588 1623
1588 1646
1588 1654
1588 1677
1588 1689
1588 1690
1588 1696
1588 1722
1589 1665
1589 1703
1589 1722
1590 1618
1590 1659
1590 1707
1591 1607
1591 1608
1591 1682
1592 1605
1592 1644
1593 1645
1593 1664
1593 1708
1594 1667
1595 1596
1595 1641
1595 1700
1596 1597
1596 1598
1596 1613
1596 1615
1596 1641
1596 1665
1596 1676
1598 1616
1598 1683
1598 1709
1599 1601
1599 1627
1599 1630
1600 1650
1601 1638
1601 1673
1601 1677
1601 1716
1602 1633
1602 1699
1604 1694
1604 1695
1605 1665
1605 1668
1605 1677
1606 1651
1607 1622
1607 1650
1607 1708
1608 1613
1609 1689
1610 1623
1610 1635
1610 1646
1610 1670
1610 1673
1610 1701
1610 1703
1610 1715
1611 1639
1613 1615
1613 1700
1613 1704
1613 1722
1614 1646
1614 1668
1615 1667
1615 1677
1616 1709
1617 1633
1617 1642
1617 1656
1617 1657
1617 1687
1617 1699
1617 1706
1618 1645
1618 1707
1619 1629
1620 1722
1622 1650
1622 1661
1622 1670
1622 1705
1623 1646
1623 1652
1623 1654
1623 1655
1623 1661
1623 1690
1623 1708
1623 1721
1623 1722
1626 1714
1627 1650
1627 1690
1627 1704
1627 1705
1629 1640
1631 1666
1631 1706
1635 1703
1636 1656
1636 1657
1636 1697
1637 1656
1637 1699
1637 1707
1639 1646
1639 1671
1639 1704
1640 1665
1641 1672
1641 1703
1641 1720
1642 1648
1642 1658
1643 1685
1643 1690
1643 1714
1643 1715
1645 1711
1646 1654
1646 1668
1646 1689
1646 1690
1647 1648
1648 1684
1648 1711
1649 1684
1649 1701
1650 1660
1650 1661
1650 1670
1650 1705
1650 1715
1651 1707
1652 1660
1652 1722
1654 1673
1654 1690
1654 1716
1655 1675
1655 1680
1655 1718
1655 1721
1656 1657
1656 1709
1657 1659
1658 1668
1659 1693
1659 1709
1660 1699
1660 1711
1660 1721
1661 1667
1661 1705
1661 1708
1664 1708
1665 1705
1666 1669
1666 1687
1666 1706
1666 1708
1666 1710
1668 1690
1669 1706
1670 1689
1673 1716
1674 1683
1676 1715
1677 1690
1684 1701
1684 1703
1685 1687
1685 1706
1686 1705
1686 1714
1687 1706
1687 1710
1690 1696
1694 1695
1700 1720
1704 1721
1705 1721
1706 1708
1708 1721
1715 1721
1717 1722
