#num-nodes
380
#num-links
1531
#links
0 8
0 95
0 172
0 284
1 70
1 77
1 93
1 189
1 215
1 228
1 310
1 369
2 4
2 87
2 101
2 157
2 169
2 222
2 245
2 263
2 333
2 335
2 341
2 342
3 5
3 55
3 59
3 84
3 100
3 126
3 213
4 65
4 87
4 101
4 126
4 170
4 207
4 326
4 333
4 341
4 368
5 59
5 84
5 100
5 163
6 22
6 78
6 136
6 141
6 186
6 254
6 338
6 377
6 378
7 40
7 90
7 133
7 136
7 152
7 164
7 193
7 222
7 236
7 254
7 309
8 68
8 166
8 335
9 22
9 28
9 78
9 113
9 141
9 154
9 200
9 254
9 263
9 270
9 293
9 295
9 375
9 379
10 35
10 38
10 43
10 48
10 78
10 80
10 102
10 136
10 141
10 182
10 254
10 258
10 290
10 296
10 325
10 328
10 338
10 361
10 364
10 377
11 18
11 34
11 35
11 58
11 64
11 148
11 162
11 206
11 254
11 260
11 321
12 20
12 143
12 161
12 251
13 15
13 57
13 93
13 138
13 158
13 204
13 249
13 279
13 288
13 343
13 379
14 173
15 93
15 127
15 138
15 204
15 288
15 318
15 376
15 379
16 62
16 81
16 92
16 125
16 129
16 157
16 177
16 226
16 303
16 318
16 333
17 223
17 261
18 34
18 64
18 103
18 136
18 144
18 148
18 196
18 220
18 254
18 294
19 94
19 105
19 130
19 209
19 286
19 287
19 324
19 328
20 51
20 66
20 119
20 140
20 180
20 191
20 265
21 190
21 285
22 35
22 141
22 164
22 186
22 254
22 270
22 272
22 291
22 296
22 349
22 378
23 36
23 65
23 84
23 92
23 126
23 177
23 307
23 368
24 60
24 105
24 176
24 194
24 275
25 44
25 48
25 49
25 133
25 210
25 332
25 347
25 359
26 63
26 148
26 160
26 294
26 336
27 37
27 205
27 351
28 141
28 173
28 195
28 210
28 254
28 301
28 361
29 44
29 71
29 156
29 180
29 272
29 296
29 304
29 309
30 127
30 276
30 326
30 352
31 47
31 122
31 129
31 187
31 217
31 245
31 252
31 289
31 297
31 333
33 56
33 67
33 146
33 155
33 226
33 273
33 286
33 360
34 64
34 89
34 148
34 183
34 206
34 254
34 294
35 38
35 80
35 126
35 171
35 186
35 260
35 273
35 286
36 49
36 65
36 84
36 108
36 126
36 170
36 177
36 266
36 327
36 347
36 368
37 41
37 87
37 139
37 145
37 173
37 251
37 257
37 344
38 43
38 141
38 270
38 296
38 325
38 338
39 89
39 116
39 122
39 134
39 179
39 187
39 204
40 71
40 164
40 180
40 182
40 236
40 254
40 309
40 359
40 361
41 108
41 170
41 225
41 251
42 66
42 149
42 159
42 165
42 256
42 257
42 267
42 319
42 320
42 332
42 345
42 354
42 355
42 370
43 78
43 118
43 141
43 171
43 253
43 254
43 258
43 304
43 325
43 338
43 377
43 379
44 156
44 164
44 180
44 210
44 236
44 309
44 359
45 77
45 99
45 101
45 115
45 129
45 177
46 70
46 128
46 202
46 242
47 129
47 245
48 102
48 250
48 265
48 270
48 290
48 346
48 359
48 361
49 92
49 126
49 210
49 347
49 361
50 108
50 153
50 170
50 205
50 207
50 225
50 243
50 246
50 257
50 327
50 329
51 88
51 120
51 161
51 191
51 212
51 314
51 339
51 355
52 65
52 92
52 226
52 333
52 335
52 342
53 93
53 115
53 189
53 211
53 215
53 252
53 343
53 361
53 376
54 57
54 116
54 127
54 135
54 158
54 217
54 249
54 288
54 330
54 365
54 367
54 372
54 379
55 59
56 74
56 117
56 159
56 165
56 190
56 286
57 93
57 116
57 127
57 135
57 158
57 193
57 222
57 249
57 288
57 318
57 379
58 98
58 156
58 164
58 183
58 260
58 309
59 84
59 100
59 107
59 278
60 105
60 132
60 176
60 212
60 223
60 264
60 275
60 306
60 356
61 188
61 203
61 215
61 228
61 244
61 300
62 203
62 204
62 217
62 226
62 238
62 244
62 255
62 276
62 303
62 335
63 64
63 160
63 184
63 280
64 96
64 148
64 160
64 206
64 254
64 294
64 336
65 81
65 108
65 126
65 170
65 209
65 287
65 301
65 324
65 368
66 82
66 88
66 106
66 119
66 154
66 209
66 257
66 261
66 314
66 319
66 370
67 76
67 82
67 196
67 286
67 307
67 349
68 166
68 247
69 356
70 112
70 120
70 130
70 151
70 202
70 231
70 248
70 315
71 144
71 156
71 180
71 182
71 210
71 272
71 286
71 307
71 309
71 349
72 77
72 83
72 129
72 179
72 187
72 204
72 217
72 230
72 300
72 303
72 308
72 372
73 251
73 292
73 319
73 323
73 337
73 357
74 117
74 358
75 102
75 110
75 143
75 191
75 194
75 235
75 265
75 287
75 328
75 379
76 217
77 93
77 127
77 136
77 189
77 192
77 211
77 215
77 228
77 281
77 303
77 310
77 369
78 141
78 253
78 296
78 325
78 361
78 364
79 82
79 85
79 97
79 119
79 120
79 124
79 149
79 190
79 199
79 224
79 227
79 271
79 274
79 349
80 141
80 171
80 186
80 258
80 262
80 270
80 338
80 364
80 377
81 92
81 156
81 273
81 331
82 100
82 134
82 144
82 174
82 179
82 220
82 226
82 307
82 322
82 330
82 367
83 125
83 129
83 222
83 245
83 248
83 268
83 333
83 335
83 342
84 126
84 253
84 307
85 124
85 199
85 251
85 274
85 370
86 116
86 134
86 179
86 248
86 278
86 308
86 367
87 101
87 152
87 200
87 207
87 239
87 250
87 312
87 317
87 326
87 341
88 105
88 159
88 176
88 261
88 280
88 314
88 370
89 96
89 148
89 213
89 232
89 249
89 278
89 281
90 96
90 136
90 296
91 174
91 208
91 219
91 255
91 269
91 286
91 371
92 118
92 137
92 337
92 354
93 102
93 116
93 135
93 138
93 189
93 193
93 215
93 228
93 240
93 249
93 304
93 310
93 369
93 379
94 143
94 194
94 209
94 212
94 287
94 324
95 172
95 284
96 160
96 182
96 232
97 119
97 199
97 224
97 271
97 315
98 144
98 162
98 183
98 260
98 273
98 321
98 322
99 157
99 203
99 215
99 244
99 300
99 365
100 117
100 128
100 175
100 278
100 283
100 307
100 321
100 332
101 152
101 239
101 312
101 317
101 326
101 341
102 133
102 182
102 186
102 194
102 250
102 252
102 270
102 290
102 359
102 361
102 368
103 131
103 144
103 183
103 254
103 366
104 105
105 132
105 176
105 212
105 223
105 257
105 305
105 346
105 356
106 112
106 113
106 114
106 130
106 154
106 167
106 168
106 191
106 265
106 293
106 366
107 162
107 174
107 255
107 371
108 126
108 170
108 226
108 329
108 368
109 113
109 154
109 167
109 263
109 375
110 143
110 194
110 233
110 235
110 240
110 248
110 265
110 328
110 339
110 364
111 136
111 144
111 160
111 195
111 301
111 313
111 331
111 332
112 130
112 151
112 202
112 254
112 292
112 295
112 298
113 154
113 168
113 263
113 265
113 293
113 295
113 324
113 374
114 130
114 202
114 293
115 122
115 129
115 163
115 185
115 187
115 217
115 240
115 247
115 250
116 135
116 138
116 158
116 193
116 204
116 222
116 235
116 249
116 265
116 288
116 318
116 343
116 373
117 197
118 173
118 253
118 254
118 296
118 325
119 191
119 199
119 224
119 274
119 319
119 350
120 167
120 184
120 286
120 315
120 366
121 134
121 367
122 192
122 215
122 252
122 348
123 200
123 282
123 283
123 368
124 174
124 358
125 129
125 142
125 147
125 187
125 222
125 303
125 333
125 342
126 170
126 177
126 266
126 327
126 342
126 347
126 368
127 135
127 158
127 192
127 230
127 240
127 268
127 281
127 318
127 365
127 379
128 131
128 166
128 168
128 242
129 147
129 208
129 245
129 249
129 303
129 333
130 151
130 202
130 315
131 242
131 255
132 137
132 145
132 223
132 329
133 140
133 164
133 180
133 182
133 210
133 236
133 250
133 279
133 339
133 347
133 359
134 179
134 204
134 330
134 367
134 372
135 158
135 193
135 222
135 249
135 281
135 288
135 318
135 376
136 164
136 183
136 220
136 254
136 307
137 145
137 261
137 264
137 314
137 354
138 193
138 204
138 240
138 249
138 288
138 318
138 376
138 379
139 205
139 246
140 143
140 236
140 250
140 258
140 304
140 337
140 339
140 357
141 182
141 254
141 258
141 270
141 291
141 296
141 325
141 338
141 364
141 377
141 378
142 266
142 336
142 342
142 360
143 191
143 194
143 197
143 233
143 235
143 236
143 265
143 328
143 378
144 173
144 220
144 321
145 257
145 270
145 299
145 344
145 354
146 198
146 201
147 157
147 187
147 252
147 303
147 333
148 206
148 213
148 220
148 263
148 294
149 291
149 344
150 266
150 313
151 216
151 299
151 302
152 207
152 281
152 317
152 326
152 341
154 167
154 263
154 265
154 293
154 295
154 315
154 366
154 374
154 375
155 168
155 208
155 226
155 269
155 273
155 360
155 371
156 216
156 236
156 272
156 307
156 309
156 325
156 366
157 169
157 187
157 203
157 222
157 268
157 300
157 335
158 179
158 192
158 204
158 249
158 279
158 288
158 318
158 352
158 376
158 379
159 280
159 375
160 232
161 212
161 259
162 168
162 183
162 260
162 321
162 322
162 349
163 179
163 185
163 247
163 248
163 330
164 180
164 186
164 236
164 253
164 254
164 346
165 257
165 305
165 370
166 168
166 174
166 242
166 286
166 335
168 208
168 220
168 324
169 177
169 217
169 226
169 300
169 333
169 342
170 207
170 226
170 329
170 333
170 368
171 240
171 258
171 325
171 338
171 377
172 284
173 253
173 254
173 327
174 255
175 297
175 321
175 322
176 275
176 356
177 187
177 281
177 313
178 202
178 358
179 204
179 244
179 247
179 281
179 367
179 372
180 182
180 189
180 253
180 309
180 310
180 359
180 364
181 184
181 196
181 273
181 286
181 360
182 279
182 296
183 297
184 231
184 285
184 286
184 334
185 217
185 247
185 372
186 236
186 270
186 291
186 377
186 378
187 204
187 228
187 303
187 308
187 372
188 238
188 244
188 300
188 365
189 215
189 228
189 310
189 325
189 369
191 194
191 328
191 374
192 230
192 303
192 318
193 222
193 249
193 250
193 279
193 304
193 318
193 343
193 373
194 233
194 235
194 265
194 328
195 301
195 347
196 273
196 286
196 322
196 349
197 272
198 212
198 256
199 224
199 237
199 274
199 315
200 239
200 312
201 229
202 248
203 204
203 238
203 244
203 276
203 300
203 365
204 249
204 288
204 303
204 352
204 372
204 379
205 243
205 246
205 257
205 329
205 340
206 294
207 239
207 329
207 341
207 368
208 219
208 269
209 287
209 291
209 315
209 324
210 253
210 262
210 346
210 347
210 359
210 361
211 215
211 248
211 252
211 279
211 343
211 348
212 223
213 229
213 230
213 232
213 245
213 281
213 285
214 352
215 228
215 249
215 300
215 310
215 348
215 369
216 309
216 369
217 222
217 232
217 234
217 289
218 361
219 255
219 286
219 315
219 371
220 227
220 260
220 349
221 374
222 303
223 305
223 346
223 356
224 271
224 274
224 286
225 246
225 282
225 324
226 260
226 368
226 372
227 262
227 271
228 303
228 310
228 335
228 369
230 278
230 373
232 335
233 235
233 265
235 265
235 328
235 376
236 309
236 359
236 361
238 276
238 365
239 303
239 312
239 341
240 249
240 288
241 242
242 371
243 246
243 290
243 361
244 300
244 303
245 268
245 336
245 367
246 257
246 261
246 329
246 340
246 358
249 288
249 311
249 318
249 376
249 379
250 270
250 279
250 311
250 312
250 341
250 343
250 359
250 378
251 292
251 337
252 290
252 300
252 343
252 348
252 361
253 258
253 290
253 292
253 336
253 337
254 295
254 325
254 338
254 364
255 286
255 349
257 267
257 319
257 332
257 345
257 368
258 304
258 325
258 338
258 364
258 377
258 378
259 292
259 302
259 323
259 350
260 309
261 314
261 354
261 356
261 370
263 295
263 323
263 366
263 374
263 375
264 354
265 328
265 376
266 301
266 313
266 336
267 271
267 280
267 339
267 357
267 362
267 370
268 279
268 376
269 286
269 360
269 371
270 291
270 344
271 332
272 309
273 286
273 322
276 365
277 315
278 281
278 308
278 373
279 312
279 343
279 376
279 379
280 314
280 350
280 355
280 362
280 370
281 372
282 283
282 327
283 352
285 334
286 315
286 349
286 360
287 324
287 328
288 318
288 376
288 379
290 319
290 332
290 355
290 356
290 359
290 361
291 344
292 299
292 319
292 323
292 337
292 357
293 295
293 366
293 374
293 375
295 299
295 323
295 366
295 374
296 304
296 336
298 299
299 302
299 323
299 337
300 342
300 365
301 331
301 346
302 366
304 361
304 378
305 329
305 362
305 370
307 309
307 349
310 325
310 343
310 369
311 312
314 370
316 332
317 326
317 341
319 320
319 323
319 332
319 337
319 345
319 355
319 356
319 357
319 378
320 332
320 345
320 355
321 322
323 337
323 357
325 338
325 377
325 379
326 341
328 339
330 367
332 345
332 355
332 378
333 342
336 342
336 378
337 357
338 364
338 377
338 378
340 356
343 379
345 355
346 359
346 361
355 378
359 361
360 371
362 370
364 378
366 374
366 375
367 372
374 375
376 379
377 378
