#num-nodes
900
#num-links
1648
#links
0 97
0 99
0 166
0 376
3 12
4 24
4 139
4 172
4 276
4 403
4 413
5 39
5 43
5 100
5 149
5 205
5 292
5 295
5 337
5 406
7 131
9 24
9 61
9 97
9 122
9 137
9 139
9 154
9 156
9 160
9 165
9 204
9 367
9 376
9 392
9 409
9 412
9 420
10 123
10 257
12 419
13 14
13 131
13 212
13 393
14 63
14 166
17 41
17 161
17 294
17 345
17 383
17 437
18 311
19 106
19 138
19 229
19 351
19 358
19 371
20 27
21 122
21 283
22 203
22 291
22 301
22 320
24 139
24 142
24 172
24 413
25 136
25 313
26 144
26 179
26 279
28 37
28 453
29 180
29 249
29 459
29 460
30 431
31 260
31 311
32 150
33 79
35 240
35 291
35 388
36 149
38 40
38 166
39 100
39 133
39 298
39 356
41 53
41 294
41 345
43 174
43 316
43 343
43 381
44 130
44 291
44 320
46 137
46 156
46 277
47 90
47 102
47 136
47 141
47 143
47 306
47 446
47 447
48 59
48 229
49 215
49 387
51 148
51 152
51 298
51 329
51 337
51 360
51 427
51 450
52 178
52 311
52 313
53 294
54 121
54 176
54 178
54 260
54 313
55 194
55 241
55 456
56 178
56 264
56 313
56 447
57 174
57 343
57 381
57 408
58 94
58 172
58 174
58 184
59 320
60 73
60 83
60 117
60 152
60 171
60 192
60 342
60 389
60 398
60 402
60 426
60 441
60 452
61 392
61 409
63 166
64 142
64 352
66 113
66 235
67 194
67 362
68 115
68 305
68 428
68 450
69 282
70 394
71 217
71 394
73 204
73 349
73 398
73 426
74 127
74 283
74 434
74 444
75 80
75 86
75 116
75 182
75 223
76 100
76 133
76 248
76 287
76 428
76 453
80 95
80 129
80 210
81 422
81 430
81 433
81 451
82 88
82 284
83 117
83 381
83 389
83 398
83 402
83 441
83 452
84 288
84 331
84 368
84 441
85 223
86 223
86 455
87 129
87 353
88 180
88 222
88 245
88 284
88 291
89 282
89 420
90 286
90 306
93 106
94 383
94 435
95 617
96 450
97 137
97 156
97 225
97 289
97 367
97 376
97 392
99 280
100 133
100 453
101 161
101 282
101 319
102 119
103 287
103 419
103 428
103 505
104 110
105 225
106 123
106 323
106 438
107 294
107 330
107 372
107 393
107 408
107 413
108 153
108 182
108 199
108 214
109 237
110 298
111 274
111 317
112 274
112 317
112 406
113 182
113 235
113 376
117 152
117 192
117 260
117 389
117 398
117 406
117 441
118 293
118 399
118 400
119 260
119 297
119 446
120 126
120 128
120 160
120 188
120 244
120 272
120 293
120 352
121 125
121 242
121 313
121 445
124 232
124 263
124 293
124 296
124 339
124 407
124 421
125 176
126 269
126 315
126 352
128 172
128 214
128 216
129 193
129 210
129 237
129 393
131 210
131 237
131 241
131 355
131 393
132 311
133 248
133 273
133 287
133 356
135 463
136 238
136 321
137 156
137 165
137 235
137 289
137 292
137 295
137 376
137 392
137 412
138 235
138 238
138 252
138 320
139 142
139 172
139 413
140 257
142 315
142 352
142 388
142 413
143 227
143 263
143 264
143 293
143 405
143 426
144 276
144 283
144 403
147 238
147 359
148 194
148 241
148 273
148 329
148 337
148 360
148 390
148 427
148 456
149 214
149 263
149 369
150 403
150 411
152 262
152 342
152 389
152 402
152 426
152 427
154 392
155 203
155 215
156 165
156 235
156 289
156 292
156 295
156 376
156 392
160 277
160 293
160 343
160 455
161 282
161 437
162 230
162 389
162 398
162 452
163 177
165 166
165 376
165 392
165 409
165 412
165 420
166 289
166 367
166 375
166 395
166 412
169 412
171 172
171 174
171 205
171 316
171 343
171 364
171 389
171 398
171 416
171 422
171 426
171 441
171 452
172 205
172 244
172 343
172 407
172 436
172 443
173 407
173 426
174 188
174 272
174 339
174 343
174 364
174 436
176 199
176 239
176 454
178 180
178 239
178 291
178 313
178 432
178 460
180 182
180 223
180 245
180 262
180 284
180 299
180 385
180 460
181 311
182 245
182 250
182 260
182 284
182 299
182 432
184 448
185 617
188 244
188 272
188 292
188 339
188 343
189 249
189 350
192 348
192 389
192 397
192 398
192 426
192 441
192 452
193 319
194 212
194 271
194 286
194 298
194 362
194 443
196 329
196 427
196 441
197 210
197 417
198 418
199 306
202 301
202 339
203 306
203 320
203 340
204 392
204 398
204 409
204 420
204 431
205 292
205 316
206 229
210 393
212 214
212 287
212 357
212 405
212 428
212 456
214 215
214 240
214 276
214 369
214 403
214 428
214 459
215 219
215 257
215 293
215 403
215 434
219 298
219 456
220 257
221 238
223 240
227 448
228 247
229 350
229 444
230 239
230 327
230 348
230 389
232 263
232 286
232 329
232 339
232 421
234 241
235 376
235 409
236 345
236 411
237 393
238 335
238 351
239 357
241 264
241 360
241 372
241 405
242 257
242 313
242 460
244 248
244 272
244 381
244 422
245 249
245 257
245 284
245 299
246 274
246 320
248 356
248 453
249 350
249 399
250 385
250 873
257 432
257 434
258 385
260 306
262 284
262 299
263 379
263 421
264 298
264 360
264 362
264 363
264 377
264 378
264 379
264 405
267 296
267 359
267 405
271 362
272 343
273 427
273 428
273 450
274 404
276 280
282 384
284 299
284 385
284 387
285 456
286 362
286 408
286 421
287 405
287 408
287 421
287 428
287 450
287 453
288 368
291 320
291 340
292 294
292 295
292 420
292 422
293 359
294 295
294 311
294 437
295 422
296 405
297 438
298 405
298 409
298 421
298 443
298 460
299 385
299 387
299 432
299 460
301 332
305 424
305 428
305 450
306 339
306 387
306 405
306 447
312 405
313 445
314 449
314 456
317 350
318 346
318 409
319 345
321 364
321 402
321 449
329 360
329 421
329 453
333 362
337 427
339 405
342 402
343 436
344 351
345 408
345 424
346 409
347 385
348 397
354 427
354 428
354 453
356 453
357 447
359 456
360 427
362 443
364 448
367 376
367 392
368 446
372 408
372 414
376 412
377 403
381 448
383 435
385 387
385 460
387 460
388 455
388 457
389 397
389 398
389 402
389 441
389 452
392 409
392 412
392 420
396 436
398 402
398 441
398 452
399 400
402 405
402 441
403 459
405 456
407 408
407 413
408 409
408 428
409 412
409 420
410 868
412 420
414 442
421 456
422 430
422 433
422 451
427 450
428 450
433 451
437 439
441 452
445 459
446 447
450 453
466 468
466 471
466 684
466 720
466 783
467 513
467 567
467 570
467 584
467 703
468 684
468 687
468 720
468 783
468 820
469 691
469 876
470 569
470 775
470 869
472 518
472 588
472 644
472 652
472 785
473 511
473 576
473 617
473 671
473 788
475 670
475 868
476 669
476 733
476 822
476 829
476 870
476 893
477 482
478 550
478 561
478 610
478 682
478 884
479 489
479 579
479 586
479 640
479 651
479 655
479 656
479 753
480 487
480 600
480 772
480 886
481 662
481 737
481 819
482 576
482 585
482 602
482 711
483 536
483 556
483 604
483 766
483 782
483 826
484 511
484 671
485 688
485 775
485 783
485 857
485 890
486 591
486 655
486 707
486 736
486 743
486 764
486 782
486 816
486 827
487 600
487 886
488 510
488 658
488 660
488 696
488 778
488 781
488 787
488 865
489 563
489 580
489 655
490 532
490 648
491 881
492 520
493 564
493 620
493 683
493 704
493 836
494 501
494 671
494 811
494 842
494 873
495 587
496 659
496 754
496 851
497 659
497 705
497 765
497 851
499 621
500 651
500 656
501 759
501 786
501 811
502 767
503 682
504 526
504 617
504 783
504 817
504 835
505 683
505 836
506 622
507 553
507 646
507 662
507 722
507 736
507 770
507 830
507 858
507 876
507 882
508 822
508 870
509 618
509 621
509 691
509 736
509 743
510 567
510 665
510 696
510 709
510 776
510 778
510 781
510 799
510 894
511 528
511 617
511 671
511 708
511 788
513 567
513 584
513 684
513 790
515 642
515 662
515 737
515 839
517 523
517 616
517 618
517 629
517 690
517 795
517 819
517 838
517 893
518 652
518 735
518 760
518 797
518 815
519 525
519 556
519 680
519 723
519 761
519 794
519 798
519 838
519 875
519 884
519 888
519 889
519 893
520 707
520 827
521 671
522 751
522 825
523 591
523 712
523 722
523 743
523 770
523 796
523 830
523 832
524 556
524 604
524 635
524 795
525 586
525 634
525 646
525 694
525 700
525 748
526 628
526 639
526 842
526 867
526 899
528 585
528 648
528 671
528 761
530 692
530 701
530 724
530 880
531 615
531 736
531 841
531 863
532 660
532 665
532 693
532 699
532 709
532 778
532 781
532 787
532 799
532 869
533 594
533 629
533 740
535 575
535 753
535 757
535 856
535 874
536 540
536 569
536 621
536 887
537 648
537 769
538 604
538 635
538 685
538 716
538 732
538 827
538 862
540 553
540 681
540 764
540 795
540 819
540 887
541 725
543 868
545 768
545 852
547 891
548 586
549 558
549 857
550 557
550 561
550 610
551 623
551 649
551 667
551 686
551 739
551 885
553 586
553 622
553 662
553 758
554 757
555 560
555 660
555 799
555 850
556 580
556 635
556 707
556 795
556 858
556 862
556 866
557 561
557 565
557 580
557 591
557 707
557 736
557 782
557 819
559 585
559 626
559 712
559 740
559 744
559 806
559 899
560 655
560 664
560 834
560 878
561 646
562 587
562 590
562 649
562 739
562 885
562 896
564 573
564 779
565 591
565 707
565 736
565 764
565 782
565 816
566 640
566 645
566 690
566 709
566 781
567 570
567 584
567 742
567 751
568 634
569 665
569 760
569 785
569 892
570 584
571 582
571 624
571 674
571 807
573 575
573 859
575 686
577 606
577 667
577 721
577 863
578 639
578 761
578 818
580 827
581 682
581 788
582 624
582 674
582 793
582 807
583 719
584 735
585 626
585 873
586 642
586 664
586 681
586 758
587 676
587 686
587 896
588 652
588 753
588 760
588 771
588 797
588 892
589 686
589 714
589 877
590 649
591 707
591 736
591 738
591 752
591 764
591 778
591 782
591 816
591 819
591 827
591 862
591 866
592 690
592 693
592 704
592 731
592 741
592 777
592 809
592 840
592 852
592 853
594 740
594 773
598 861
599 633
599 653
599 812
599 818
600 772
600 790
600 886
601 861
604 743
604 826
605 869
606 753
606 768
606 828
606 898
607 758
608 751
608 813
609 626
609 672
610 638
610 661
610 763
610 803
610 889
611 677
613 763
613 880
614 682
614 766
614 858
614 876
614 882
616 630
616 690
616 790
617 788
618 729
618 893
619 646
620 704
620 854
621 796
622 634
622 694
622 741
622 758
624 630
624 674
624 807
625 673
626 712
626 744
626 806
626 867
626 899
628 657
628 677
628 708
628 712
628 744
628 759
628 811
628 899
629 638
629 646
630 652
630 778
630 790
631 687
631 696
631 709
631 865
631 879
632 645
632 699
632 721
632 802
632 872
632 894
634 638
634 693
634 694
634 700
634 704
634 741
635 862
638 740
639 653
639 842
639 880
641 645
642 651
642 656
642 839
642 845
644 785
644 833
645 721
645 756
645 809
646 691
646 748
646 795
647 899
648 769
649 713
649 721
649 739
649 885
649 896
650 786
651 656
651 662
651 884
652 695
652 753
652 771
652 790
652 797
653 702
653 818
653 884
655 656
655 758
656 682
656 834
656 884
657 675
657 713
657 739
657 747
657 789
657 867
658 696
658 760
658 815
659 705
659 765
659 821
659 851
660 665
660 696
660 778
660 781
660 787
660 799
661 669
661 870
661 893
662 737
662 748
662 766
662 834
662 853
663 774
663 828
664 827
665 699
665 709
665 776
665 781
665 787
665 799
665 865
666 845
667 706
667 721
667 828
667 843
667 885
668 796
668 832
668 848
669 829
669 870
669 893
672 880
672 895
673 702
673 725
673 745
674 775
674 807
676 734
676 739
676 787
676 877
677 763
677 811
677 880
677 899
679 720
679 767
679 768
680 723
680 728
680 731
680 745
680 798
680 818
680 838
680 884
680 888
680 889
681 748
681 758
681 764
681 778
681 795
681 887
681 897
683 704
683 779
683 835
684 783
685 740
685 867
686 687
686 799
686 896
687 726
687 760
687 790
687 823
688 756
688 857
689 842
689 880
689 896
690 731
690 838
690 853
691 732
691 743
691 795
691 830
691 862
691 865
691 866
693 741
693 797
693 849
693 882
695 696
695 760
696 768
696 780
697 728
697 794
697 889
699 709
699 776
699 780
699 781
699 787
699 799
701 719
701 821
702 725
702 746
703 726
703 753
703 760
703 785
703 790
703 869
704 779
704 890
705 719
705 756
705 851
707 736
707 738
707 752
707 764
707 782
709 776
709 781
709 787
709 799
709 894
712 759
712 786
712 806
712 811
712 867
715 725
717 864
718 841
718 868
719 751
719 785
719 837
719 879
719 892
720 726
720 813
720 849
721 767
721 810
721 828
721 898
722 796
722 830
722 876
723 884
726 820
726 869
728 794
731 753
731 852
731 853
731 881
731 890
732 743
732 862
735 760
735 797
735 894
736 738
736 782
736 816
736 819
736 826
736 850
736 866
737 819
738 782
738 816
738 819
738 832
738 850
738 866
740 808
742 853
743 850
743 862
744 811
744 867
744 899
745 814
746 862
746 897
748 764
748 819
748 887
749 753
749 785
751 799
752 827
753 771
753 785
753 809
754 872
756 857
756 890
757 856
757 885
759 789
759 811
760 771
760 797
760 815
761 812
761 842
761 846
761 873
763 842
763 880
763 899
764 778
764 795
764 819
764 887
765 851
766 858
767 871
767 898
768 871
768 892
769 784
769 788
769 792
769 867
771 797
772 886
775 852
775 853
775 854
775 869
776 781
776 787
776 799
776 849
776 865
776 883
776 894
778 787
778 799
778 865
779 836
780 781
780 785
780 835
781 787
781 799
781 849
781 865
782 816
782 826
782 832
783 846
785 799
785 869
787 799
787 865
788 873
789 811
789 867
790 890
793 836
794 889
795 819
796 830
796 832
796 848
797 815
798 884
799 816
799 865
799 894
802 813
802 892
803 875
809 894
810 813
811 845
811 873
811 899
814 868
816 832
816 850
819 862
821 857
821 863
821 881
821 899
827 862
828 846
828 863
829 870
829 893
830 832
830 876
832 862
834 882
834 897
838 888
841 868
841 889
842 873
842 899
844 863
852 857
854 892
858 866
858 876
865 883
870 893
871 872
873 899
889 893
