#num-nodes
427
#num-links
702
#links
0 1
0 184
0 212
0 232
0 261
0 266
0 273
1 184
1 212
1 273
2 30
2 133
3 80
3 316
4 102
5 116
5 181
5 198
6 179
6 267
6 317
7 195
8 194
8 251
8 273
9 51
9 84
9 174
9 215
9 272
9 317
9 423
10 227
11 118
11 200
11 271
12 187
13 106
13 108
13 145
13 212
13 223
13 283
14 268
15 117
16 242
16 282
18 180
19 27
19 126
19 191
19 207
20 40
21 24
21 127
21 275
22 114
22 189
23 120
23 173
23 181
23 300
24 84
24 104
24 264
24 289
24 290
24 313
26 64
26 70
26 204
27 168
27 191
27 309
28 80
28 210
28 212
28 229
28 254
28 287
28 328
30 99
30 199
30 233
30 275
32 95
32 110
32 308
33 51
33 308
33 423
35 72
35 146
35 258
35 267
36 141
36 176
36 187
37 40
37 117
37 135
37 166
37 192
37 245
37 268
37 281
37 302
40 245
41 87
41 169
41 243
41 251
41 254
42 130
42 260
43 151
44 53
44 254
44 279
45 171
45 183
45 275
46 188
47 103
47 123
47 128
47 159
48 80
48 184
48 255
48 274
49 51
49 100
49 165
49 218
49 310
49 317
49 323
49 326
50 92
50 174
51 79
51 109
51 113
51 129
51 178
51 218
51 249
52 172
52 181
53 216
53 298
53 317
54 199
54 231
54 232
54 323
55 117
56 231
56 241
56 306
57 136
58 126
58 284
58 319
59 178
59 219
59 326
60 190
60 201
60 245
60 257
61 137
62 78
62 116
62 146
62 148
62 154
62 170
62 258
62 322
63 115
63 196
63 211
63 248
64 112
64 136
64 240
64 248
65 140
65 188
65 270
65 298
65 316
66 117
66 193
67 82
67 88
67 194
67 306
68 223
68 239
69 129
69 186
69 232
69 321
70 141
70 159
70 240
70 297
71 263
72 179
72 267
72 317
73 260
74 91
74 228
77 99
77 130
78 146
78 148
79 127
79 143
79 169
79 215
79 297
80 110
80 145
80 212
80 232
80 261
80 269
80 270
81 150
81 155
81 268
82 88
82 107
82 161
82 240
82 265
82 306
82 313
83 126
83 135
83 168
83 234
83 253
84 181
84 275
85 110
85 322
86 158
86 232
86 317
87 119
87 169
87 243
88 259
88 265
89 222
89 239
89 286
90 105
90 267
90 316
91 121
91 259
92 178
92 279
92 310
93 261
93 266
93 273
94 185
96 139
96 193
97 143
97 175
97 297
97 322
98 154
99 100
99 150
99 216
99 233
99 317
100 150
100 218
100 233
101 128
101 236
102 158
103 123
103 128
104 219
104 289
104 290
104 301
106 108
106 283
106 293
107 112
107 154
107 172
107 209
107 297
107 315
108 140
108 143
108 212
108 269
108 283
108 304
109 170
109 179
110 180
110 278
112 194
112 315
113 276
114 120
114 173
114 221
114 250
114 288
115 196
116 146
117 166
117 190
117 192
117 224
117 297
118 247
120 155
120 221
120 250
120 296
120 319
120 320
121 161
121 238
121 279
123 128
124 189
124 191
124 297
124 303
125 288
126 187
126 248
126 327
127 272
127 303
127 317
128 204
128 236
129 249
129 321
130 292
131 234
132 248
133 147
133 266
133 268
133 272
134 157
134 180
135 139
135 166
135 224
135 245
135 297
136 219
136 258
136 264
136 270
137 141
137 205
138 139
139 166
139 185
140 172
140 269
140 270
140 316
141 168
141 187
141 236
142 194
142 195
142 245
142 281
142 309
143 175
143 194
143 251
143 297
145 212
145 304
146 165
146 258
147 247
148 223
149 248
150 177
150 181
150 229
150 278
152 258
152 264
152 265
154 165
154 170
154 258
154 270
155 189
155 213
155 268
155 275
155 296
157 180
157 240
158 178
159 172
159 282
159 294
159 308
160 240
161 216
161 256
165 274
165 310
165 326
167 304
168 187
168 260
169 178
169 243
170 298
171 223
172 175
172 209
172 306
173 221
173 320
173 391
174 223
174 275
175 194
175 215
175 297
176 230
176 319
177 243
178 206
178 218
178 317
178 386
179 296
179 317
180 271
181 198
181 274
181 276
181 281
182 268
182 314
183 299
184 186
184 212
184 255
184 261
185 309
186 255
187 260
187 281
187 302
189 197
189 209
189 213
189 312
190 260
191 214
191 253
192 248
192 302
193 320
194 251
194 273
194 321
195 262
196 211
197 303
200 276
201 205
201 217
202 222
202 239
202 240
204 260
206 238
206 254
208 284
209 299
210 330
212 216
212 227
212 283
212 304
213 303
214 246
214 297
216 249
216 256
218 317
219 258
219 289
222 239
222 286
228 314
229 232
229 286
229 297
229 424
231 304
231 319
232 261
232 273
232 317
234 246
234 248
234 253
235 282
237 256
237 288
238 289
240 294
240 299
241 298
242 281
245 246
245 248
245 281
245 302
248 281
248 307
249 251
249 275
249 296
249 322
250 296
251 321
254 297
256 300
256 317
256 320
257 260
258 264
258 265
258 313
259 264
260 308
262 281
264 265
264 290
265 313
266 299
266 318
267 329
268 271
268 272
269 270
270 298
274 310
274 314
274 361
275 295
276 320
282 320
283 304
289 290
289 313
296 300
297 300
299 301
305 416
308 314
310 323
310 326
314 317
332 346
332 350
332 394
333 342
333 382
333 389
333 394
333 415
334 379
335 367
336 338
336 346
336 371
336 389
336 412
336 418
337 348
337 395
337 425
338 412
340 352
342 382
342 394
342 401
342 407
342 415
342 418
343 415
344 358
346 347
346 350
346 384
346 394
346 412
346 418
346 420
347 383
348 396
348 425
349 424
349 425
349 426
350 372
350 397
350 415
350 418
350 421
350 425
351 364
352 397
354 366
356 409
358 408
361 376
361 385
361 410
361 419
362 410
362 419
364 368
369 377
369 423
370 397
371 376
371 416
371 425
372 407
376 419
376 425
377 380
377 423
378 414
379 408
379 413
380 403
380 408
380 423
382 394
382 415
383 394
384 386
384 394
384 418
385 425
386 392
386 401
394 407
394 415
394 418
394 425
395 425
396 421
401 407
401 421
401 425
403 413
403 423
405 406
405 410
406 410
406 419
408 413
408 423
410 419
411 423
412 419
417 422
417 425
419 425
421 424
421 425
