#num-nodes
1216
#num-links
3706
#links
0 92
0 141
0 142
0 258
0 312
0 435
0 484
0 878
0 931
0 947
1 27
1 67
1 79
1 346
1 358
1 522
1 541
1 548
1 734
1 767
1 826
1 932
2 12
2 50
2 86
2 493
2 805
2 1000
3 10
3 366
3 730
4 49
4 295
4 390
4 446
4 788
5 242
5 419
5 643
5 697
5 833
5 954
6 33
6 109
6 256
6 275
6 548
6 600
6 601
6 615
6 630
6 651
7 14
7 42
7 234
7 321
7 550
7 577
7 583
7 614
7 638
7 696
7 722
7 770
7 905
8 80
8 285
8 324
8 389
8 443
8 576
8 598
9 293
9 481
9 514
9 629
9 843
10 387
10 559
10 623
10 705
10 707
10 807
10 827
10 863
11 78
11 311
11 313
11 531
11 602
11 658
12 286
12 382
12 460
12 584
12 682
12 703
12 756
13 77
13 126
13 269
13 297
13 378
13 481
13 594
13 619
13 641
13 900
14 451
14 550
14 614
14 689
14 722
14 836
15 46
15 48
15 142
15 152
15 245
15 397
15 433
15 437
15 456
15 470
15 517
15 719
15 775
15 883
16 263
16 326
16 703
16 706
16 760
16 915
17 137
17 179
17 246
17 377
17 571
19 158
19 168
19 673
19 933
20 193
20 427
20 491
20 532
20 719
21 74
21 75
21 358
21 790
21 934
22 230
22 231
22 259
22 437
22 607
22 663
22 689
22 927
24 31
24 449
24 493
24 869
24 928
25 132
25 227
25 229
25 352
25 376
25 607
25 715
25 755
25 823
27 210
27 301
27 417
27 522
27 734
27 826
28 35
28 70
28 124
28 310
28 558
28 592
28 614
28 692
28 699
28 726
28 817
28 818
28 952
29 58
29 348
29 524
29 605
29 708
29 740
29 844
29 903
30 674
30 886
31 616
31 928
32 335
32 388
32 508
32 621
32 681
33 162
33 180
33 192
33 329
33 331
33 600
33 851
34 143
34 295
35 278
35 339
35 389
35 614
35 722
36 777
36 795
37 940
38 98
38 653
38 970
40 476
41 139
41 184
41 238
41 239
41 420
41 619
42 44
42 184
42 374
42 478
42 492
42 557
42 577
42 580
42 583
42 614
42 761
42 817
43 123
43 159
43 289
43 448
43 549
43 841
43 893
43 939
44 238
44 240
44 420
44 577
44 660
44 750
45 132
45 181
45 183
45 755
46 48
46 142
46 258
46 312
46 337
46 401
46 433
46 435
46 517
46 533
46 766
46 833
46 873
47 83
47 486
48 71
48 142
48 148
48 245
48 246
48 433
48 437
48 775
48 820
48 848
48 883
48 902
48 923
49 143
49 371
49 446
49 528
49 542
49 770
49 788
49 822
49 886
50 75
51 175
51 204
51 471
51 473
52 171
52 467
52 681
52 921
53 82
53 497
53 752
53 893
54 442
54 447
54 542
56 84
56 223
56 227
56 476
56 867
56 879
56 883
57 496
58 181
58 239
58 291
58 343
58 475
58 476
58 524
58 740
59 234
59 274
59 290
59 315
59 319
59 419
59 586
59 622
59 663
60 105
60 422
60 632
60 648
62 71
62 142
62 147
62 196
62 242
62 361
62 459
62 516
62 640
62 682
62 721
62 918
63 197
63 370
63 404
63 636
63 680
63 717
63 731
64 233
64 328
64 519
64 570
64 617
64 676
64 768
64 774
64 892
64 951
65 178
65 200
65 235
65 267
65 301
65 307
65 941
66 93
66 174
66 303
66 399
66 516
66 568
66 633
66 738
66 847
67 196
67 235
67 267
67 326
67 460
67 461
67 522
67 704
67 706
67 914
69 305
69 329
69 456
69 563
69 590
69 593
69 667
69 688
69 810
69 811
69 827
70 692
70 699
70 838
70 949
70 952
71 113
71 242
71 327
71 522
71 588
71 590
71 610
71 640
71 757
71 775
71 848
71 883
71 941
72 134
72 221
72 235
72 239
72 267
72 303
72 509
72 572
72 738
72 767
72 785
72 794
72 838
72 875
72 895
73 140
73 417
73 466
73 510
73 564
73 574
74 287
74 480
74 569
74 681
74 882
75 180
75 256
75 385
75 469
75 601
75 651
75 654
75 827
75 906
76 394
76 395
76 410
76 630
76 650
76 709
77 126
77 153
77 269
77 297
77 378
77 641
77 709
77 900
78 134
78 149
78 311
78 531
78 720
79 317
79 541
79 734
80 314
80 413
80 576
80 779
81 98
81 122
81 453
81 605
81 882
82 159
82 671
83 248
83 276
83 400
83 486
83 869
84 477
84 496
84 571
84 867
84 879
84 918
85 193
85 532
85 677
85 854
85 861
86 943
87 493
87 628
87 825
88 296
88 461
88 466
88 631
88 702
88 725
88 779
88 780
89 275
89 339
89 746
89 934
90 135
90 277
91 518
91 580
91 583
91 605
91 783
91 830
91 926
92 142
92 245
92 477
92 578
92 878
92 931
93 172
93 173
93 174
93 220
93 567
93 568
93 738
93 757
93 847
94 465
94 561
94 641
94 865
94 955
95 870
96 97
96 158
96 609
96 646
96 654
97 268
97 269
97 364
97 411
97 532
97 657
97 854
98 111
98 134
98 279
98 311
98 327
98 377
98 574
98 740
98 929
99 157
99 243
99 270
99 345
99 360
99 393
99 487
99 508
99 690
99 880
99 892
100 145
100 213
100 232
100 428
100 431
100 549
100 553
100 752
100 893
100 939
100 945
101 612
102 182
102 420
102 898
103 134
103 235
103 267
103 300
103 391
103 478
103 509
103 567
103 568
103 739
103 757
103 767
104 255
105 167
105 330
105 560
105 713
105 760
105 785
106 426
106 651
106 787
106 831
107 123
108 191
108 222
108 412
109 132
109 183
109 356
109 628
110 834
112 207
112 775
113 196
113 198
113 235
113 267
113 522
113 539
113 728
113 767
114 173
114 202
114 692
114 738
114 847
115 197
115 379
115 458
115 765
118 320
118 511
119 175
119 347
119 862
119 909
120 402
120 440
120 441
120 672
120 869
122 136
123 185
123 209
123 841
123 945
124 291
124 305
124 389
124 513
124 592
124 644
124 699
124 726
124 818
124 952
125 672
125 753
125 874
125 904
126 269
126 297
126 378
126 481
126 594
126 619
126 641
126 924
126 955
127 190
127 192
127 525
128 496
128 639
129 149
129 247
129 409
129 632
129 648
129 720
130 271
130 321
130 391
130 567
130 738
130 847
131 207
131 437
132 181
132 183
132 210
132 376
132 460
132 622
132 932
133 143
133 173
134 695
134 760
135 426
135 525
136 358
136 912
137 354
137 377
137 580
137 696
139 370
139 710
140 285
140 324
140 455
140 461
140 466
140 652
140 732
140 779
140 932
141 258
141 578
141 931
142 242
142 245
142 258
142 435
142 533
142 591
142 727
142 775
142 883
143 371
143 543
143 791
144 195
144 211
144 288
144 357
144 381
144 407
144 535
144 571
144 639
144 654
144 748
145 428
145 431
145 549
145 841
145 939
145 943
146 177
146 348
146 429
147 266
147 517
147 540
147 590
148 430
148 437
148 442
148 472
148 550
148 579
148 637
148 775
149 374
149 381
149 500
149 720
149 785
149 795
150 306
150 527
150 538
150 644
150 676
150 717
150 731
150 743
151 336
151 347
151 380
151 590
151 640
151 704
151 709
151 910
152 182
152 404
152 591
152 672
152 682
152 867
152 879
152 883
152 909
153 269
153 364
153 411
153 487
153 667
153 921
154 170
154 226
154 347
154 470
154 808
154 862
154 902
154 923
155 621
155 904
156 160
156 167
156 242
156 303
156 330
156 361
156 703
156 771
156 941
157 465
157 544
157 570
157 617
157 655
157 676
157 677
157 690
157 716
157 850
158 248
158 609
158 758
159 448
159 549
160 167
160 194
160 196
160 313
160 397
160 464
160 578
160 703
160 728
160 771
161 328
161 359
161 370
161 557
161 680
161 716
161 717
161 899
162 203
162 225
162 231
162 547
162 663
162 921
162 956
163 835
164 278
164 371
164 451
164 786
165 179
165 354
165 367
165 383
165 483
165 496
165 639
165 680
165 712
165 750
165 840
165 842
167 194
167 251
167 330
167 361
167 397
167 416
167 539
167 560
167 678
167 760
167 949
168 406
168 426
168 654
168 747
168 779
169 830
170 246
170 273
170 430
170 845
170 918
170 931
171 681
172 509
172 692
172 838
172 847
173 351
173 509
173 721
173 738
173 838
173 847
174 220
174 593
174 697
174 738
174 847
174 853
175 342
175 529
176 225
176 663
176 861
177 348
177 377
177 429
177 574
177 661
177 666
177 696
177 908
178 417
178 588
178 708
178 929
179 321
179 348
179 429
179 661
179 666
179 833
180 192
180 365
180 673
180 851
181 183
181 208
181 352
181 356
181 376
181 472
181 564
181 605
181 755
181 1029
182 433
182 627
182 899
183 227
183 356
183 459
183 460
183 474
183 489
183 635
183 756
183 889
183 932
183 1165
184 492
184 603
184 614
184 776
185 448
185 549
185 939
186 259
186 585
186 607
187 913
187 1008
187 1124
188 476
188 951
189 237
189 436
189 598
189 668
190 309
190 426
190 525
190 526
191 222
191 354
191 835
192 525
192 615
192 851
192 856
193 268
193 325
193 491
193 532
193 677
193 854
194 361
194 397
194 464
194 560
194 728
194 923
195 385
195 533
195 656
195 833
196 221
196 267
196 300
196 518
196 713
196 728
196 760
196 794
196 895
197 322
197 379
197 380
197 405
197 458
197 543
197 765
197 860
198 235
198 263
198 267
198 539
198 686
198 875
198 941
200 203
200 291
200 382
200 394
200 403
200 467
201 462
201 707
201 807
202 338
203 231
203 344
203 547
203 667
203 738
203 757
203 921
203 956
204 471
204 650
204 659
204 705
204 803
204 948
205 802
206 223
206 226
206 808
206 855
206 923
207 300
207 330
207 390
207 437
207 472
207 478
207 485
207 713
207 770
207 775
208 229
208 324
208 605
208 747
208 938
208 1013
209 428
209 935
210 459
210 725
210 1069
211 407
211 535
213 821
217 821
220 479
220 567
220 568
220 593
220 697
220 738
220 757
220 847
221 224
221 327
221 417
221 460
221 724
221 760
221 794
221 915
221 941
222 412
222 606
222 611
222 673
222 679
222 802
223 246
223 374
223 788
223 808
223 879
223 923
224 286
224 311
224 422
224 482
224 516
224 531
224 794
224 813
224 894
225 507
225 663
225 758
225 854
225 861
225 954
226 381
226 808
226 855
226 923
227 356
227 474
227 696
227 716
227 762
227 772
227 923
228 229
228 265
228 461
228 689
228 844
229 376
229 605
229 607
229 715
229 747
229 809
229 823
229 1165
230 259
230 275
230 447
230 689
230 791
231 340
231 344
231 355
231 382
231 547
231 611
231 861
231 921
231 956
232 428
232 553
232 751
232 752
232 800
232 945
233 249
233 366
233 450
233 570
233 617
233 768
233 951
234 290
234 315
234 319
234 340
234 548
234 600
234 622
234 957
235 242
235 263
235 267
235 286
235 326
235 539
235 588
235 610
235 682
235 691
235 706
235 728
235 732
235 785
235 793
235 848
235 875
235 895
235 941
236 295
237 545
237 627
237 643
237 694
237 757
237 883
238 291
238 577
238 750
239 291
239 369
239 476
239 771
239 875
240 303
240 305
240 389
240 518
240 583
240 704
242 267
242 305
242 728
242 793
243 268
243 270
243 335
243 359
243 393
243 487
243 677
243 690
243 774
243 865
245 469
245 578
245 591
245 883
246 328
246 478
246 818
246 862
246 867
246 1092
247 409
247 479
247 516
247 531
247 602
247 785
248 440
248 622
248 742
248 763
248 839
248 921
249 328
249 362
250 347
250 433
250 761
251 330
251 361
251 397
251 560
251 771
252 563
252 664
254 604
254 680
255 488
255 903
255 914
256 373
256 469
256 601
256 733
257 273
258 312
258 484
258 867
259 281
259 523
259 585
259 689
260 419
260 559
260 825
261 740
261 929
262 266
262 380
263 267
263 326
263 541
263 703
263 732
263 915
263 941
264 322
264 380
264 458
264 860
265 281
265 386
265 685
265 856
265 916
265 922
266 316
266 373
266 517
266 540
267 307
267 522
267 539
267 568
267 610
267 686
267 785
267 875
267 895
267 941
268 269
268 270
268 325
268 491
268 507
268 508
268 532
268 657
268 677
268 690
268 865
268 892
269 364
269 378
269 411
269 481
269 532
269 561
269 641
269 657
270 360
270 508
270 677
270 865
271 321
271 788
272 576
273 476
273 654
274 290
274 315
274 319
274 340
274 341
274 350
274 442
274 447
274 586
274 596
275 413
275 513
275 746
275 934
276 494
276 737
277 320
278 371
278 542
278 722
279 653
280 288
280 618
280 845
280 918
281 315
281 622
281 681
281 764
282 446
282 612
282 694
283 444
283 529
283 558
283 616
284 309
285 455
285 576
285 598
285 647
285 652
285 701
285 804
286 522
286 588
286 767
287 425
288 618
288 845
289 448
289 841
290 315
290 319
290 436
290 442
290 586
290 600
290 622
290 793
291 374
291 382
291 389
291 524
291 580
291 605
291 628
291 642
292 392
292 505
292 797
293 481
293 527
293 538
293 629
293 677
293 744
295 371
295 543
295 693
295 776
295 883
296 356
296 466
296 631
296 684
296 929
297 619
297 745
297 900
297 904
298 598
299 471
299 473
299 665
299 753
300 416
300 437
300 478
300 574
300 678
300 713
301 560
301 848
302 373
302 498
303 397
303 687
303 691
303 838
303 877
303 941
303 949
304 383
304 580
304 735
304 795
305 389
305 590
306 381
306 795
307 574
307 610
307 757
308 319
308 403
308 419
308 612
308 614
308 638
308 711
308 927
309 418
309 839
310 420
310 577
310 592
310 722
310 952
311 482
311 531
311 602
312 401
312 454
312 517
312 748
313 695
313 713
313 949
314 748
315 319
315 340
315 341
315 537
315 586
315 596
315 622
315 679
315 791
315 839
316 385
316 454
316 906
317 466
317 607
317 763
319 474
319 548
319 586
319 600
319 622
319 780
319 925
320 816
321 644
321 651
321 817
322 380
322 765
322 860
323 551
323 805
323 821
323 935
324 327
324 331
324 461
324 647
324 702
324 725
324 747
324 809
325 401
325 481
325 491
325 532
325 657
325 892
325 959
326 343
326 703
326 706
326 732
326 915
327 406
327 671
328 519
328 768
329 423
329 449
329 590
329 601
329 851
330 361
330 397
330 478
330 560
330 678
330 760
330 771
331 664
331 804
331 882
332 396
332 479
332 567
332 649
332 738
332 847
332 938
332 1083
333 389
333 545
333 644
333 817
333 859
334 737
334 792
335 360
335 388
335 508
335 621
336 342
336 395
336 514
336 640
336 650
336 709
337 421
337 491
338 736
338 738
338 756
338 810
339 480
339 628
339 722
339 836
340 341
340 344
340 350
340 502
340 586
340 620
340 622
340 763
341 350
341 622
341 832
343 524
343 531
343 678
344 350
344 547
344 956
345 362
345 393
345 865
346 822
347 377
347 430
347 433
347 579
347 704
347 862
347 902
347 910
348 429
348 524
348 661
348 666
348 708
349 491
349 877
350 442
350 447
350 586
350 596
350 620
350 622
350 673
350 802
351 479
351 509
351 510
351 593
351 649
351 738
351 756
351 847
352 452
352 635
352 744
352 889
353 432
353 613
353 615
353 701
353 778
353 887
354 367
354 377
354 483
354 603
355 621
355 623
355 864
355 880
356 459
356 489
356 725
356 889
356 932
357 396
357 401
357 456
357 601
357 758
357 766
357 789
357 959
358 455
358 474
358 701
358 1124
359 366
359 410
359 716
359 748
359 774
360 481
360 677
360 680
360 745
360 876
360 924
361 397
361 459
361 560
361 588
361 713
361 915
362 393
362 450
362 519
363 410
363 421
363 650
363 803
364 411
364 465
364 657
364 854
365 657
366 714
366 833
366 884
367 483
367 840
368 369
369 370
369 554
369 719
369 886
370 387
370 404
370 408
370 421
370 557
370 630
370 640
370 680
370 707
370 791
371 406
371 565
371 791
373 495
373 498
373 540
373 601
374 492
374 577
375 408
376 715
376 826
377 409
377 518
377 661
378 561
378 641
378 955
379 380
379 458
379 765
379 860
379 929
380 405
380 458
380 765
380 860
380 910
381 387
381 716
381 748
381 795
382 459
382 460
382 522
382 539
382 704
382 756
383 483
383 642
383 712
383 735
383 750
383 840
385 454
385 813
385 833
386 480
386 521
386 742
386 917
387 514
387 899
388 410
388 473
388 617
388 621
388 646
388 899
390 520
390 788
391 738
391 847
392 935
393 508
393 677
394 403
394 470
394 820
395 410
395 421
395 471
395 514
395 630
395 709
395 717
395 730
395 876
396 758
396 788
396 789
397 560
397 760
397 771
398 409
398 626
398 632
399 459
399 567
399 756
399 804
401 491
401 517
401 532
401 600
401 758
401 766
401 768
401 789
401 873
402 440
402 672
402 869
403 404
403 470
403 638
403 694
403 711
403 820
403 869
404 636
404 717
404 731
405 698
405 936
406 565
406 610
406 693
406 788
406 795
406 824
407 435
407 535
407 571
407 748
408 581
408 733
409 479
409 572
409 678
410 422
410 627
410 709
410 714
410 739
411 532
411 641
412 481
412 628
412 681
412 851
412 898
413 746
414 565
415 782
416 602
416 713
417 531
417 1089
418 681
418 907
419 711
421 545
422 632
422 648
422 690
423 449
423 587
423 601
424 920
425 548
425 558
426 527
426 735
426 770
426 887
427 646
428 549
428 553
428 893
428 935
428 939
428 943
428 945
429 524
429 564
429 661
429 666
429 871
430 477
430 579
430 582
430 770
430 862
430 902
430 910
431 549
431 553
431 841
431 939
431 943
431 945
432 613
432 887
433 578
433 604
433 862
433 867
433 902
435 456
435 484
435 533
435 766
435 931
435 959
436 586
436 620
437 770
437 775
438 753
440 612
440 672
440 806
440 869
441 457
441 629
441 676
441 753
442 447
442 542
442 586
442 775
443 1083
444 577
446 660
447 542
447 550
447 620
448 549
448 841
448 939
449 475
449 741
449 887
450 457
450 544
450 850
450 951
451 472
451 485
451 770
451 786
452 755
452 887
453 868
454 813
454 906
455 460
455 607
455 756
455 932
456 491
456 590
456 766
456 789
456 883
456 959
457 544
457 608
457 768
457 829
457 850
457 951
458 543
458 765
458 860
459 560
459 756
460 703
460 704
460 756
460 914
460 932
461 647
461 652
461 702
461 724
461 725
461 846
461 891
462 549
462 707
462 807
463 778
464 728
465 508
465 655
465 865
465 955
466 598
466 631
466 725
466 738
467 673
467 679
467 681
467 934
468 669
469 491
469 727
470 565
470 614
470 722
470 820
470 825
470 905
471 753
472 485
472 579
472 637
472 786
473 803
474 548
474 656
474 889
475 600
476 524
476 545
477 578
477 827
479 567
479 589
479 593
479 632
479 738
479 847
480 612
480 628
480 803
480 806
480 853
480 927
481 745
481 837
481 865
481 876
481 924
482 518
482 524
482 824
483 580
483 603
483 712
483 750
483 840
484 533
484 578
484 727
484 731
484 758
484 766
485 693
485 770
485 786
486 563
486 646
486 672
487 854
489 684
489 724
489 871
490 681
491 498
491 532
491 719
491 789
491 873
491 959
492 580
492 583
492 776
492 777
493 616
493 628
493 736
493 928
495 498
495 733
496 535
496 571
496 639
497 890
498 878
502 528
502 763
507 513
507 612
507 643
507 711
507 758
507 825
507 954
508 677
508 865
508 880
508 892
509 568
509 838
509 954
512 683
513 547
513 622
513 667
513 839
513 907
513 922
513 934
514 545
514 627
514 650
514 948
516 794
516 863
516 894
517 840
517 878
518 580
518 583
518 712
518 846
519 570
519 768
519 951
520 775
521 575
522 588
522 610
522 691
522 734
522 767
522 838
522 848
524 809
525 526
525 615
525 719
527 876
528 750
528 776
529 768
529 842
530 895
530 949
530 950
531 602
531 794
532 657
532 854
532 873
533 766
533 873
533 931
533 959
534 583
534 732
535 748
536 608
536 829
536 873
536 880
538 730
539 610
539 686
539 691
539 706
539 757
539 767
539 941
540 581
541 734
541 826
541 889
541 932
542 565
542 637
543 791
544 617
544 655
544 768
544 850
544 951
545 627
545 741
546 622
547 667
547 683
547 763
547 861
547 921
547 956
548 600
548 734
548 744
548 780
549 553
549 790
549 805
549 943
549 945
553 893
553 939
553 945
554 862
555 857
556 611
556 827
557 617
557 636
557 655
557 677
557 716
557 731
557 774
557 884
558 644
558 699
558 813
558 952
560 771
561 619
561 641
561 955
563 595
563 664
563 733
564 871
565 659
565 693
565 795
565 817
567 568
567 738
567 756
567 847
567 895
567 925
567 949
568 612
568 756
568 757
569 683
569 912
569 1008
569 1124
570 655
570 716
570 768
570 774
570 850
570 951
571 600
571 639
571 748
571 897
572 598
572 682
572 686
572 721
572 756
572 767
572 785
572 863
572 875
572 941
573 582
574 583
575 859
576 633
576 647
576 652
576 779
576 804
577 614
578 616
578 708
579 640
579 765
579 862
579 902
579 910
580 696
580 712
580 750
580 776
581 813
582 660
582 776
583 614
583 750
584 678
584 891
586 622
586 793
586 839
588 640
588 848
589 794
589 954
590 630
590 688
590 810
591 707
591 766
591 867
591 910
592 614
592 699
592 817
592 818
592 905
592 952
593 697
593 738
593 847
594 955
596 673
596 736
597 944
598 668
598 747
598 757
600 735
600 744
600 793
600 887
601 651
601 830
601 887
601 906
602 658
602 713
603 839
603 842
604 951
605 747
605 998
606 673
606 683
606 802
606 921
608 614
608 644
608 817
609 654
610 756
610 757
610 941
611 921
612 643
612 853
612 915
612 927
612 952
613 887
614 638
614 696
614 722
614 817
614 905
614 952
615 851
616 761
617 655
617 676
617 850
617 951
618 845
619 641
619 745
619 904
619 955
620 689
621 880
621 933
622 763
622 907
623 656
623 880
625 761
626 721
626 903
627 782
630 750
631 725
632 648
632 692
632 771
632 863
633 647
633 804
634 890
635 812
636 680
636 717
636 731
638 643
638 711
639 741
639 748
640 879
641 955
642 660
642 673
642 750
642 791
642 817
643 954
644 817
644 818
644 859
644 952
645 926
646 756
646 757
646 811
646 817
646 861
646 876
647 736
648 692
648 771
650 709
650 803
650 948
651 654
652 724
652 725
654 851
654 1200
655 676
655 677
655 714
655 768
655 947
656 719
656 946
657 892
657 959
658 786
660 776
663 861
664 733
667 673
667 757
667 806
667 810
667 956
672 773
672 874
673 679
673 802
673 956
673 1163
674 886
676 768
676 850
676 951
677 854
677 865
677 876
677 892
678 760
678 891
679 922
679 945
679 958
680 717
680 766
682 862
682 883
682 909
682 910
683 763
685 916
686 767
686 875
686 941
687 761
687 782
687 877
688 810
690 880
691 696
691 941
692 695
692 949
693 795
693 810
695 847
696 762
696 914
697 847
697 877
697 927
698 897
698 936
699 817
699 818
699 952
701 887
702 725
702 760
703 706
703 732
703 915
706 760
706 915
707 807
707 873
708 844
708 871
708 908
711 954
712 783
713 725
714 796
714 884
715 747
715 823
716 774
719 820
719 827
720 794
720 871
720 894
721 738
721 747
721 756
721 957
722 817
722 818
722 905
723 809
723 811
724 826
725 823
725 846
726 811
727 766
728 767
728 863
728 867
731 743
731 796
731 931
732 734
732 783
732 848
732 914
732 915
733 886
734 767
734 826
734 925
735 750
735 795
735 817
736 836
736 870
736 877
736 886
737 792
738 756
738 757
738 810
738 838
738 847
741 837
741 841
742 792
743 774
743 884
744 812
745 924
747 1124
752 945
755 889
755 938
756 757
756 810
756 847
757 847
757 941
757 956
758 789
760 891
761 782
761 842
762 914
763 839
764 922
765 860
766 910
766 931
766 959
768 789
768 842
768 892
768 951
769 814
774 796
775 883
776 942
779 1124
787 831
789 873
789 959
790 906
791 862
801 805
803 948
804 818
804 828
804 956
807 864
808 923
809 828
809 836
809 839
809 1008
810 853
811 933
813 833
813 894
813 906
815 907
816 835
817 818
817 859
817 862
817 952
818 952
821 935
825 954
827 933
828 839
832 1104
835 837
836 894
837 876
839 889
839 957
841 939
842 902
844 846
844 908
845 918
848 883
848 941
850 951
851 854
851 856
853 927
854 861
857 864
861 921
862 902
862 909
862 910
862 1208
863 895
863 949
864 880
865 876
867 879
873 959
875 895
875 941
876 930
876 955
878 931
879 909
879 918
880 955
886 922
892 954
897 1023
900 904
902 910
905 917
908 1116
911 1030
911 1125
921 956
937 942
949 950
960 988
960 1053
960 1055
960 1083
960 1153
961 962
961 986
961 1008
961 1019
961 1028
961 1042
961 1058
961 1069
961 1086
961 1115
961 1122
961 1127
961 1128
961 1143
961 1148
961 1150
961 1152
961 1193
961 1200
961 1210
962 969
962 1116
962 1123
962 1154
962 1175
962 1193
962 1210
963 965
963 983
963 989
963 1025
963 1035
963 1046
963 1056
963 1067
963 1123
963 1157
963 1185
964 1169
965 1194
966 999
966 1048
966 1165
966 1172
967 980
967 983
967 1020
967 1071
968 993
968 1182
969 1011
969 1021
969 1047
969 1125
969 1160
969 1161
969 1170
970 972
970 1002
970 1026
970 1062
970 1068
970 1092
970 1177
970 1187
970 1205
971 1061
972 996
972 999
972 1001
972 1011
972 1040
972 1087
972 1131
972 1135
972 1212
973 998
973 1011
973 1021
973 1032
973 1047
973 1099
973 1136
973 1156
973 1160
973 1161
973 1170
973 1203
974 978
974 1003
974 1007
974 1009
974 1039
974 1115
974 1132
974 1138
975 1004
975 1012
975 1117
975 1131
975 1156
975 1197
975 1203
975 1213
976 978
976 1010
976 1175
977 981
977 984
977 998
977 1026
977 1066
977 1089
977 1091
977 1120
977 1132
977 1141
977 1179
977 1212
978 983
978 1023
978 1025
978 1035
978 1039
978 1064
978 1067
978 1105
978 1114
978 1126
978 1154
978 1163
978 1166
978 1185
978 1208
978 1214
979 1000
979 1038
979 1040
979 1055
979 1075
980 982
980 983
980 997
980 1020
980 1071
980 1145
980 1175
981 984
981 1053
981 1066
981 1089
981 1090
981 1091
981 1100
981 1104
981 1120
981 1132
981 1136
981 1141
981 1179
981 1199
981 1212
982 1020
982 1024
982 1039
982 1114
982 1126
982 1182
982 1194
982 1201
982 1208
982 1214
983 990
983 1020
983 1077
983 1154
983 1175
983 1185
983 1201
984 988
984 1055
984 1089
984 1120
984 1121
984 1127
984 1140
984 1179
984 1212
985 1076
985 1137
985 1171
986 1007
986 1028
986 1030
986 1069
986 1115
986 1125
986 1128
986 1137
987 1116
988 1053
988 1055
988 1063
988 1082
988 1087
988 1094
988 1099
988 1111
988 1112
988 1164
988 1168
988 1170
988 1172
989 1028
989 1093
989 1123
989 1155
989 1159
989 1193
990 1137
990 1151
991 993
991 1049
991 1112
992 994
992 998
992 1063
992 1078
992 1111
992 1112
992 1131
992 1190
993 1075
993 1198
994 1182
995 1016
995 1045
995 1054
995 1075
995 1094
995 1147
995 1207
996 1004
996 1074
996 1079
996 1107
996 1117
996 1177
996 1212
997 1020
997 1023
997 1041
997 1077
997 1087
997 1141
997 1154
998 1011
998 1047
998 1063
998 1084
998 1112
998 1120
998 1160
998 1161
999 1001
999 1031
999 1111
999 1207
1000 1060
1000 1078
1001 1004
1001 1010
1001 1024
1001 1054
1001 1087
1001 1107
1001 1149
1001 1203
1001 1215
1002 1092
1002 1112
1002 1177
1003 1033
1003 1101
1003 1194
1004 1011
1004 1014
1004 1156
1005 1010
1005 1012
1005 1053
1005 1092
1005 1099
1005 1110
1005 1129
1005 1136
1005 1166
1005 1195
1005 1203
1006 1012
1006 1095
1006 1149
1006 1183
1006 1204
1007 1008
1007 1013
1007 1016
1007 1018
1007 1034
1007 1086
1007 1115
1007 1122
1007 1152
1007 1162
1007 1188
1008 1018
1008 1034
1008 1042
1008 1043
1008 1086
1008 1115
1008 1124
1008 1139
1008 1142
1008 1143
1008 1148
1008 1152
1008 1200
1008 1210
1009 1030
1009 1141
1010 1011
1010 1012
1010 1017
1010 1027
1010 1032
1010 1078
1010 1111
1010 1136
1010 1150
1010 1166
1010 1170
1010 1195
1010 1203
1011 1037
1011 1047
1011 1075
1011 1079
1011 1099
1011 1116
1011 1154
1011 1156
1011 1160
1011 1161
1011 1168
1011 1170
1011 1198
1011 1203
1012 1027
1012 1082
1012 1136
1012 1203
1013 1056
1013 1115
1013 1122
1013 1128
1013 1162
1013 1163
1013 1171
1014 1033
1014 1053
1014 1059
1014 1074
1014 1101
1014 1180
1014 1183
1015 1096
1015 1171
1016 1066
1016 1095
1016 1101
1016 1107
1016 1110
1016 1146
1017 1027
1017 1037
1017 1057
1017 1104
1017 1112
1017 1121
1017 1134
1017 1158
1017 1166
1017 1192
1017 1195
1017 1215
1018 1022
1019 1021
1019 1085
1019 1096
1019 1140
1019 1173
1019 1184
1020 1030
1020 1071
1020 1105
1020 1165
1021 1034
1021 1085
1021 1096
1021 1105
1021 1210
1022 1116
1022 1128
1022 1143
1023 1067
1023 1154
1023 1208
1023 1209
1024 1039
1024 1087
1024 1094
1024 1144
1024 1182
1025 1030
1025 1035
1025 1046
1025 1067
1025 1113
1025 1185
1025 1196
1025 1208
1026 1089
1026 1109
1026 1204
1027 1078
1027 1104
1027 1111
1027 1112
1027 1192
1027 1215
1028 1037
1028 1056
1028 1065
1028 1069
1028 1122
1028 1123
1028 1159
1028 1193
1028 1211
1029 1059
1029 1088
1029 1100
1029 1166
1030 1110
1030 1118
1030 1125
1030 1133
1030 1184
1032 1047
1032 1066
1032 1068
1032 1072
1032 1087
1032 1139
1032 1186
1033 1059
1033 1074
1033 1079
1033 1105
1033 1107
1033 1121
1033 1135
1034 1046
1034 1105
1034 1123
1034 1167
1034 1180
1034 1196
1035 1046
1035 1067
1035 1113
1035 1157
1035 1185
1037 1057
1037 1094
1037 1123
1037 1134
1037 1136
1037 1158
1037 1172
1037 1192
1037 1195
1037 1199
1037 1203
1038 1040
1038 1088
1038 1102
1038 1174
1039 1165
1039 1182
1039 1185
1039 1201
1039 1209
1040 1063
1040 1112
1040 1131
1040 1174
1042 1086
1042 1095
1042 1122
1042 1124
1042 1142
1042 1148
1042 1152
1042 1188
1043 1141
1044 1196
1045 1066
1045 1091
1045 1092
1045 1124
1045 1209
1046 1067
1046 1157
1046 1185
1046 1196
1047 1092
1047 1099
1047 1109
1047 1116
1047 1120
1047 1156
1047 1160
1047 1161
1047 1168
1047 1170
1047 1198
1048 1052
1048 1074
1048 1079
1048 1135
1048 1146
1049 1053
1049 1104
1049 1111
1049 1206
1050 1052
1050 1074
1050 1079
1050 1123
1050 1146
1053 1104
1053 1107
1053 1110
1053 1134
1053 1140
1053 1164
1053 1199
1053 1206
1053 1215
1054 1078
1054 1129
1054 1215
1055 1062
1055 1099
1055 1111
1055 1140
1055 1164
1055 1179
1055 1206
1056 1069
1056 1143
1056 1155
1056 1159
1056 1193
1056 1211
1057 1063
1057 1134
1057 1156
1057 1172
1057 1192
1057 1195
1057 1198
1058 1065
1058 1134
1058 1193
1058 1208
1059 1074
1059 1079
1059 1117
1059 1135
1059 1136
1059 1160
1059 1166
1059 1180
1061 1077
1061 1090
1061 1165
1061 1176
1061 1180
1062 1090
1063 1088
1063 1112
1063 1131
1063 1158
1063 1168
1063 1172
1064 1100
1064 1185
1064 1190
1064 1198
1065 1138
1065 1155
1065 1193
1065 1203
1065 1211
1066 1070
1066 1110
1066 1139
1067 1132
1067 1141
1067 1157
1067 1166
1067 1185
1068 1087
1068 1116
1068 1121
1068 1131
1068 1174
1068 1205
1069 1085
1069 1122
1069 1143
1069 1148
1069 1193
1069 1211
1070 1075
1070 1092
1072 1150
1072 1154
1072 1168
1072 1186
1072 1215
1073 1080
1073 1202
1074 1079
1074 1107
1074 1135
1075 1102
1075 1198
1077 1116
1077 1137
1077 1165
1078 1102
1078 1111
1078 1129
1078 1131
1079 1092
1079 1107
1079 1135
1080 1202
1084 1136
1084 1140
1084 1147
1084 1160
1084 1180
1084 1212
1085 1152
1085 1209
1085 1210
1086 1115
1086 1124
1086 1142
1086 1148
1086 1152
1086 1188
1087 1094
1087 1104
1087 1139
1087 1182
1087 1186
1088 1174
1089 1120
1090 1100
1090 1121
1090 1136
1090 1140
1090 1212
1091 1110
1091 1132
1091 1161
1091 1212
1092 1145
1092 1187
1092 1215
1094 1099
1094 1164
1095 1124
1095 1139
1095 1140
1095 1147
1095 1148
1095 1169
1095 1193
1095 1204
1098 1152
1098 1210
1099 1136
1099 1161
1099 1170
1099 1203
1100 1127
1100 1132
1100 1140
1100 1166
1100 1199
1100 1203
1100 1212
1101 1136
1101 1161
1101 1199
1102 1103
1102 1160
1102 1215
1103 1104
1104 1112
1104 1206
1104 1215
1105 1154
1105 1163
1105 1165
1105 1185
1105 1196
1106 1150
1106 1177
1106 1181
1107 1110
1107 1117
1107 1135
1107 1158
1107 1166
1107 1169
1108 1163
1109 1127
1109 1179
1109 1204
1110 1125
1111 1131
1111 1172
1111 1206
1112 1117
1112 1131
1112 1150
1112 1158
1112 1166
1112 1168
1112 1172
1112 1190
1112 1195
1113 1122
1113 1127
1113 1136
1113 1155
1113 1157
1113 1203
1113 1211
1114 1201
1114 1208
1114 1214
1115 1122
1115 1162
1115 1188
1115 1200
1116 1132
1116 1141
1116 1165
1117 1121
1120 1132
1120 1136
1120 1146
1120 1161
1120 1179
1120 1186
1120 1212
1121 1140
1121 1164
1121 1169
1121 1207
1122 1123
1122 1125
1122 1128
1122 1143
1122 1159
1122 1162
1122 1163
1123 1193
1124 1139
1124 1142
1124 1148
1125 1128
1125 1163
1125 1194
1126 1209
1126 1214
1126 1215
1127 1136
1127 1176
1127 1193
1127 1199
1127 1212
1128 1143
1128 1159
1128 1162
1128 1163
1128 1176
1128 1180
1128 1188
1129 1145
1129 1195
1131 1172
1132 1141
1132 1165
1132 1166
1134 1136
1134 1172
1134 1192
1134 1195
1134 1199
1136 1155
1136 1179
1136 1180
1136 1197
1136 1203
1139 1178
1139 1187
1140 1169
1142 1143
1142 1148
1142 1210
1143 1148
1143 1150
1143 1152
1143 1190
1143 1193
1143 1210
1143 1211
1144 1183
1146 1168
1148 1188
1149 1161
1149 1197
1149 1199
1150 1160
1150 1190
1150 1215
1151 1171
1152 1210
1154 1168
1154 1201
1154 1209
1154 1215
1155 1193
1155 1211
1156 1170
1157 1166
1157 1185
1157 1196
1157 1208
1158 1166
1158 1192
1158 1195
1159 1193
1159 1211
1160 1172
1160 1176
1160 1180
1160 1186
1163 1175
1165 1183
1166 1185
1166 1187
1166 1192
1166 1195
1169 1187
1170 1203
1171 1175
1172 1190
1172 1192
1175 1178
1175 1193
1176 1178
1176 1186
1177 1187
1178 1180
1179 1180
1179 1203
1179 1212
1180 1186
1180 1189
1180 1203
1180 1212
1185 1201
1185 1208
1186 1212
1187 1205
1188 1196
1192 1198
1192 1215
1193 1211
1195 1198
1195 1203
1197 1213
1197 1215
1198 1203
1199 1203
1199 1212
1202 1214
1209 1214
1214 1215
