#num-nodes
111
#num-links
378
#links
1 13
1 55
2 36
2 40
2 104
3 4
3 22
3 34
3 37
3 61
3 74
3 99
3 109
4 22
4 45
4 48
4 55
4 90
5 16
5 54
5 109
6 11
6 14
6 23
6 33
6 38
6 39
6 42
6 44
6 47
6 49
6 51
6 68
6 69
6 85
6 88
6 91
6 100
6 105
7 17
7 64
7 78
7 80
8 17
8 34
8 37
8 64
8 65
8 68
8 87
8 103
9 19
9 46
9 54
9 76
10 20
10 50
10 62
10 81
10 83
10 86
10 101
10 110
11 18
11 33
11 38
11 39
11 44
11 49
11 69
12 17
12 37
12 45
12 50
12 52
12 55
12 65
12 74
12 87
12 105
13 16
13 18
13 24
13 58
13 67
13 80
13 102
13 106
14 23
14 33
14 38
14 39
14 44
14 47
14 69
14 91
14 100
15 18
15 46
15 56
15 64
15 94
15 95
17 18
17 27
17 80
17 83
17 89
17 96
17 99
18 100
19 67
19 76
19 87
20 67
21 48
21 96
21 99
22 30
22 35
23 33
23 38
23 39
23 44
23 47
23 51
23 88
23 91
23 93
23 105
24 25
25 29
25 31
25 40
25 42
25 57
25 58
25 60
25 78
25 104
25 108
26 30
26 41
26 49
26 51
26 93
27 55
27 74
28 61
28 109
29 31
29 58
29 68
29 73
29 78
29 96
30 35
30 46
31 39
31 58
31 68
31 78
31 98
31 104
31 105
31 106
32 50
32 62
32 71
32 83
32 86
32 110
33 38
33 39
33 44
33 47
33 49
33 51
33 91
34 37
34 52
34 56
34 57
34 108
35 75
35 79
35 107
36 40
36 98
36 104
37 45
37 48
37 50
37 65
37 74
37 87
37 101
37 103
38 39
38 44
38 47
38 69
38 85
38 91
38 100
39 42
39 44
39 47
39 49
39 51
39 68
39 69
39 85
39 88
39 91
39 105
40 58
40 68
40 98
40 104
40 106
40 108
41 93
41 97
41 102
42 44
42 50
42 68
42 73
42 105
43 55
43 82
44 47
44 49
44 51
44 69
44 85
44 91
45 48
45 54
45 64
45 70
45 74
45 75
45 76
45 96
45 107
46 84
47 49
47 85
47 90
47 91
48 70
48 80
48 99
49 51
49 88
49 93
49 100
50 52
50 62
50 64
50 77
50 81
50 83
50 105
50 108
51 69
51 88
51 90
51 93
51 106
52 55
52 57
52 77
52 109
53 69
53 74
54 74
54 94
55 57
55 74
55 77
55 83
55 90
56 57
56 65
56 77
56 95
57 60
57 75
57 77
57 82
57 108
58 68
58 78
58 102
59 79
59 80
59 109
61 96
61 103
61 109
62 71
62 73
62 81
62 83
62 86
62 90
62 101
62 110
64 65
64 75
64 83
64 94
64 103
65 77
65 87
65 95
65 103
65 108
68 71
68 76
68 78
68 85
68 98
68 99
68 105
68 106
69 91
71 83
71 86
72 82
72 90
72 106
73 105
73 106
74 96
74 99
74 103
74 109
75 80
75 89
76 80
77 95
77 107
78 98
78 105
79 90
79 109
80 89
81 94
82 100
83 86
83 90
83 101
83 108
84 102
85 91
86 101
87 92
87 108
88 90
88 91
89 94
90 101
91 100
94 103
96 109
97 102
98 104
98 105
98 106
102 104
104 105
105 106
105 108
105 110
