#num-nodes
746
#num-links
2740
#links
0 43
0 498
0 582
0 588
1 47
1 58
1 170
1 209
1 216
1 419
1 570
1 680
2 12
2 195
2 203
2 248
2 367
2 517
2 586
2 606
2 621
2 650
2 674
3 42
3 212
3 283
3 526
3 570
3 633
3 741
4 135
4 158
4 291
4 335
4 429
4 466
4 476
5 82
5 344
5 437
5 477
5 492
5 628
5 638
7 10
7 65
7 103
7 188
7 261
7 300
7 348
7 567
7 596
7 610
8 42
8 126
8 133
8 206
8 328
8 423
8 493
8 518
8 633
9 221
9 242
9 382
9 507
9 611
10 102
10 103
10 310
10 596
10 619
10 627
10 682
11 169
11 302
11 358
11 663
12 24
12 45
12 157
12 323
12 402
12 492
12 565
12 650
12 668
13 83
13 135
13 163
13 190
13 212
13 264
13 267
13 379
13 429
13 431
13 435
13 459
13 469
13 700
13 702
14 293
14 324
14 568
14 649
15 92
15 179
15 529
15 540
15 572
16 34
16 62
16 129
16 151
16 236
16 344
16 357
16 437
16 473
16 496
16 714
17 201
17 219
17 379
17 399
17 564
18 210
18 214
18 388
18 393
18 462
18 535
19 199
19 205
19 258
19 259
19 350
19 683
20 120
20 186
20 272
20 449
20 548
20 611
20 740
21 41
21 95
21 104
21 246
21 308
21 577
21 707
22 53
22 173
22 269
22 277
22 305
22 372
22 543
22 555
22 562
23 169
23 394
23 503
23 692
23 693
24 124
24 157
24 178
24 417
24 483
24 559
24 650
24 668
25 133
25 139
25 227
25 280
25 315
25 343
25 368
25 429
25 614
27 245
28 41
29 175
29 225
29 297
29 656
29 708
30 174
30 547
30 728
31 58
31 118
31 154
31 177
31 323
31 492
31 586
31 680
32 175
32 297
32 371
32 453
32 505
32 554
32 579
32 656
33 41
33 62
33 69
33 72
33 112
33 127
33 187
33 193
33 204
33 275
33 407
33 433
34 79
34 82
34 164
34 344
34 385
34 437
34 496
34 620
34 638
34 655
34 669
34 704
35 130
35 264
35 451
35 567
35 607
35 664
35 675
35 736
36 268
36 364
36 399
36 447
36 521
36 622
36 705
37 90
37 129
37 183
37 470
37 489
37 491
37 577
37 707
38 186
38 254
38 345
38 418
38 643
39 366
40 83
40 154
40 167
40 411
40 441
40 488
41 47
41 99
41 112
41 127
41 145
41 159
41 164
41 171
41 187
41 257
41 374
41 391
41 463
41 489
41 522
41 569
41 577
41 604
41 647
41 664
41 679
41 706
41 742
42 126
42 162
42 201
42 370
42 520
42 526
42 633
42 641
42 741
43 61
43 349
43 467
43 498
43 542
43 582
44 197
44 209
44 227
44 260
44 328
44 423
45 126
45 207
45 209
45 260
45 323
45 343
45 357
45 492
45 698
46 121
46 209
46 269
46 275
46 382
46 397
46 407
46 433
46 509
46 566
46 576
46 591
46 685
47 72
47 108
47 112
47 193
47 209
47 240
47 742
48 98
48 213
48 336
48 517
48 519
48 524
49 105
50 84
50 326
50 382
50 481
50 507
50 636
51 103
51 240
51 244
51 284
51 380
51 467
51 571
51 582
51 637
51 708
52 133
52 193
52 197
52 208
52 470
52 475
52 491
52 584
52 633
53 372
53 478
53 543
53 562
53 609
54 77
54 135
54 157
54 177
54 200
54 246
54 276
54 323
54 353
54 411
54 429
54 457
54 517
54 603
54 650
54 712
55 226
55 246
55 279
55 410
55 598
55 688
56 84
56 158
56 636
57 159
57 193
57 197
57 247
57 250
57 275
57 372
57 412
57 489
57 591
58 473
58 550
58 551
58 680
59 237
59 267
59 465
59 561
59 567
60 74
60 294
60 313
60 709
61 143
61 207
61 227
61 246
61 349
61 542
61 598
61 698
62 64
62 82
62 123
62 127
62 185
62 209
62 413
62 437
62 474
62 484
62 620
62 704
63 93
63 172
63 214
63 505
63 525
63 652
64 77
64 123
64 191
64 230
64 425
64 477
64 484
64 624
65 188
65 261
65 348
65 419
66 242
66 525
67 69
67 73
67 76
67 112
67 192
67 202
67 204
67 365
67 463
67 557
67 736
67 742
68 107
68 231
68 417
68 699
69 72
69 112
69 127
69 171
69 187
69 192
69 193
69 407
69 463
69 489
71 203
71 582
71 690
72 112
72 133
72 171
72 187
72 193
72 344
72 597
72 633
72 654
73 76
73 77
73 78
73 90
73 156
73 365
73 597
73 605
73 608
73 739
74 86
74 187
74 196
74 209
74 227
74 268
74 391
74 414
74 456
74 522
74 539
75 88
75 279
75 283
75 465
75 583
75 622
75 633
75 639
75 730
75 741
76 90
76 132
76 137
76 193
76 208
76 365
76 470
76 707
76 742
77 135
77 149
77 154
77 157
77 167
77 177
77 276
77 296
77 303
77 353
77 429
77 496
77 558
77 668
77 712
78 170
78 180
78 227
78 447
78 485
78 608
78 729
79 96
79 109
79 183
79 339
79 655
79 695
79 704
79 744
81 100
81 126
81 216
81 241
81 487
81 492
81 674
82 96
82 164
82 200
82 205
82 206
82 230
82 311
82 395
82 461
82 477
82 496
82 551
82 605
82 641
82 653
82 678
82 704
82 744
83 144
83 154
83 163
83 294
83 313
83 323
83 415
83 435
83 457
83 487
83 492
83 517
83 531
83 585
83 606
83 668
84 152
84 258
84 326
84 481
84 599
84 636
85 419
86 188
86 345
86 380
86 529
86 570
86 610
86 694
88 130
88 264
88 460
88 583
89 182
89 333
89 389
89 519
89 531
89 546
89 634
90 112
90 129
90 132
90 137
90 171
90 365
90 470
90 570
90 608
90 706
90 707
90 729
91 396
91 520
91 526
91 593
91 718
92 179
92 376
92 540
92 628
92 744
93 337
93 516
94 166
94 181
94 398
94 400
94 468
94 516
94 600
94 652
95 215
95 233
95 338
95 613
95 614
95 616
96 100
96 227
96 268
96 277
96 296
96 385
96 551
96 655
96 669
96 704
96 744
97 306
97 403
97 506
97 612
98 290
98 417
98 531
98 585
98 677
98 709
99 158
99 179
99 388
99 462
99 599
99 722
100 229
100 344
100 369
100 473
100 620
100 655
101 172
101 214
101 277
101 321
101 541
101 621
101 693
102 188
102 297
102 341
102 546
102 585
102 623
102 634
103 188
103 225
103 297
103 547
103 642
103 708
104 110
104 430
104 436
104 574
105 711
106 155
106 245
106 322
106 453
106 681
107 321
107 450
107 581
107 699
108 286
108 460
108 504
108 569
108 639
108 659
109 151
109 183
109 200
109 317
109 344
109 477
109 522
109 562
109 604
109 609
109 669
109 719
110 147
110 153
110 196
110 240
110 243
110 252
110 259
110 289
110 339
110 545
110 561
110 566
110 570
110 582
110 710
110 717
110 719
111 247
111 412
111 440
111 467
111 571
111 582
111 589
112 132
112 145
112 171
112 187
112 193
112 200
112 204
112 577
112 604
113 145
113 159
113 202
113 317
113 370
113 562
113 706
114 211
114 216
114 383
114 576
114 640
114 703
115 281
115 461
117 285
117 497
117 561
117 566
117 644
118 154
118 449
118 592
118 603
119 446
119 570
120 128
120 231
120 254
120 424
120 535
120 581
120 700
120 740
121 397
121 433
121 485
121 591
121 685
122 129
122 160
122 176
122 227
122 728
123 260
123 281
123 344
123 437
123 474
123 477
123 484
123 620
123 704
123 714
124 152
124 333
124 418
124 600
124 601
125 133
125 260
125 350
125 534
125 698
125 723
125 725
126 170
126 260
126 328
126 420
126 550
126 555
126 698
126 706
127 187
127 192
127 193
127 204
127 407
127 577
127 742
128 186
128 221
128 254
128 435
128 479
128 611
128 687
129 176
129 241
129 365
129 440
129 604
129 617
129 674
129 739
130 451
130 539
130 607
130 632
130 635
130 667
131 204
131 338
131 343
131 374
131 486
131 502
131 532
131 674
131 675
131 723
132 137
132 192
132 510
132 530
132 569
132 608
132 707
133 350
133 360
133 364
133 423
133 493
133 550
133 633
133 723
133 725
134 329
134 646
135 157
135 167
135 177
135 276
135 291
135 303
135 320
135 323
135 328
135 335
135 353
135 429
135 476
135 502
135 517
135 573
135 586
135 668
136 622
136 729
137 208
137 419
137 491
137 680
137 690
137 729
137 739
138 201
138 212
138 215
138 279
138 497
138 622
138 650
138 682
138 694
139 212
139 236
139 343
139 741
141 143
141 153
141 497
141 519
141 635
141 744
142 218
142 377
142 500
142 520
142 563
142 570
142 707
142 729
143 227
143 319
143 331
143 357
143 395
143 465
143 489
143 567
143 577
143 647
143 669
143 675
144 272
144 299
144 306
144 408
144 487
144 536
144 652
145 577
146 391
146 711
147 153
147 225
147 259
147 446
147 452
147 561
147 705
148 271
148 295
148 404
148 457
148 471
148 535
149 209
149 256
149 296
149 454
149 550
149 552
149 579
150 230
150 253
150 375
150 452
150 561
150 619
151 183
151 331
151 339
151 352
151 508
151 604
151 719
152 231
152 295
152 394
152 535
152 587
152 677
153 229
153 240
153 259
153 309
153 375
153 561
153 566
153 637
154 254
154 256
154 294
154 356
154 428
154 441
154 482
154 488
154 544
154 572
154 611
155 163
155 263
155 280
155 343
155 459
155 466
155 676
155 687
156 157
156 365
156 439
156 608
156 739
157 167
157 177
157 291
157 320
157 323
157 353
157 356
157 441
157 544
157 668
157 674
158 507
158 599
158 606
159 193
159 250
159 412
159 439
159 489
159 522
159 674
159 675
159 679
159 716
160 227
160 301
160 570
160 597
160 728
162 212
162 233
162 283
162 399
162 521
162 532
162 570
162 613
162 622
163 164
163 262
163 263
163 294
163 313
163 369
163 441
163 459
163 504
163 544
163 576
164 173
164 205
164 236
164 280
164 309
164 419
164 504
164 537
164 576
164 620
164 697
165 278
165 528
165 584
165 736
166 294
166 307
166 536
166 600
166 601
166 652
167 177
167 189
167 276
167 320
167 353
167 429
167 558
167 674
167 733
168 284
168 305
168 618
168 727
168 739
169 298
169 302
169 390
169 740
170 177
170 260
170 308
170 357
170 559
170 597
170 608
170 739
171 192
171 193
171 202
171 577
171 706
171 742
172 214
172 270
172 295
172 384
172 387
172 519
172 621
172 623
172 686
173 304
173 370
173 372
173 422
173 537
173 555
173 576
174 569
175 278
175 708
176 177
176 360
176 597
176 674
176 728
177 191
177 276
177 303
177 320
177 323
177 353
177 429
177 448
177 496
177 558
177 597
177 651
177 668
177 669
177 674
177 702
177 712
178 237
178 267
178 272
178 418
178 469
178 495
178 700
178 702
179 195
179 230
179 336
179 504
179 540
179 572
179 578
179 700
180 212
180 237
180 262
180 264
180 368
180 379
180 399
180 486
181 400
181 432
181 516
181 621
182 333
182 472
182 634
182 677
183 185
183 331
183 375
183 508
183 719
184 566
185 258
185 697
186 244
186 287
186 332
186 354
186 390
186 393
186 435
186 499
186 574
186 599
187 192
187 193
187 204
187 257
187 679
187 706
188 261
188 345
188 348
188 380
188 462
188 529
188 610
189 203
189 213
189 271
189 517
189 519
189 524
189 531
189 606
189 738
190 492
190 519
190 558
190 559
190 577
190 603
190 606
190 700
191 492
191 589
191 620
191 633
192 193
192 204
192 407
192 510
192 584
192 591
192 742
193 204
193 240
193 250
193 257
193 265
193 269
193 382
193 407
193 422
193 470
193 489
193 513
193 528
193 584
193 690
194 236
194 499
194 566
194 734
195 206
195 492
195 534
195 543
195 655
195 669
196 225
196 345
197 422
197 439
197 491
197 493
197 690
198 584
198 664
199 259
199 311
199 350
199 615
199 683
200 385
200 477
200 492
200 604
200 654
200 655
200 669
200 704
201 212
201 215
201 456
201 461
201 682
201 694
201 730
202 208
202 257
202 269
202 706
202 742
203 247
203 248
203 255
203 389
203 582
204 374
204 510
205 296
205 340
205 395
205 651
206 357
206 405
206 496
207 734
208 280
208 515
208 593
208 657
209 300
209 397
209 407
209 433
209 485
209 510
209 685
209 728
210 235
210 245
210 388
210 393
210 464
210 494
210 665
210 681
210 697
211 282
211 357
211 364
211 371
211 383
211 576
211 640
212 218
212 226
212 236
212 279
212 283
212 338
212 376
212 378
212 399
212 410
212 414
212 501
212 521
212 622
212 641
212 688
213 313
213 336
213 519
213 524
213 531
213 606
213 743
214 255
214 366
214 384
214 388
214 393
214 464
214 505
214 625
214 681
215 456
215 682
215 694
216 383
216 572
216 640
217 219
217 374
217 551
217 653
218 251
218 500
218 539
218 622
218 657
218 688
219 564
221 457
221 479
221 611
222 234
222 511
222 553
222 696
224 234
224 511
225 297
225 547
225 656
225 708
226 279
226 630
227 349
227 357
227 539
227 542
227 598
227 728
228 244
229 369
230 314
230 329
230 375
230 561
230 599
230 644
230 696
231 400
231 581
231 699
232 388
232 565
232 606
233 266
233 613
233 614
233 616
233 703
233 705
234 315
234 474
234 511
234 613
234 616
234 732
234 734
235 464
235 665
235 697
236 391
236 538
236 665
236 695
236 734
237 264
237 267
237 382
237 418
237 465
237 469
237 567
237 720
238 276
238 353
238 429
238 558
238 586
238 603
238 712
239 397
239 463
239 557
240 245
240 284
240 456
240 467
240 521
240 545
240 582
240 622
240 670
240 682
240 710
240 717
241 558
241 597
242 466
242 525
242 574
243 245
243 322
243 361
243 446
243 452
243 561
243 615
244 571
244 588
245 274
245 312
245 497
245 551
245 663
245 695
245 697
245 717
245 732
245 734
246 296
246 349
246 474
246 542
246 598
246 707
247 248
247 250
247 370
247 391
247 412
247 513
247 582
247 637
247 675
247 727
248 250
248 582
248 727
249 319
249 453
249 465
249 567
250 275
250 412
250 489
250 591
250 716
251 277
251 534
251 673
252 414
252 540
252 624
252 641
252 646
253 710
254 287
254 293
254 415
254 424
254 643
254 662
255 389
255 581
255 587
256 454
256 548
256 552
256 579
257 269
257 374
257 433
257 439
257 577
257 706
258 322
258 452
258 615
258 683
259 350
259 375
259 446
259 452
259 561
259 615
259 683
260 493
260 673
260 698
260 725
261 596
261 611
261 658
261 661
261 705
261 722
262 469
262 495
262 631
262 639
262 672
262 701
263 271
263 356
263 384
263 459
263 676
263 687
264 379
264 399
264 451
264 460
264 497
264 502
264 539
264 564
264 567
264 720
265 275
265 311
265 341
265 375
265 380
265 390
265 432
265 499
265 555
265 594
265 699
265 743
266 378
266 380
266 413
266 570
266 613
266 614
266 616
266 703
267 375
267 382
267 459
267 465
267 533
267 559
267 612
267 631
267 712
268 298
268 364
268 447
268 521
268 622
269 275
269 513
269 562
269 584
269 591
269 608
269 706
269 742
270 388
270 393
270 432
270 462
270 531
270 535
270 594
270 660
270 721
270 722
271 295
271 303
271 366
271 382
271 404
271 462
271 471
271 505
271 507
271 531
271 606
271 743
272 559
273 391
273 530
274 411
274 586
275 278
275 317
275 407
275 412
275 435
275 499
275 537
275 545
275 555
275 584
275 588
275 591
275 718
275 742
276 303
276 320
276 353
276 429
276 482
276 496
276 712
277 369
277 573
277 586
277 668
277 673
278 537
278 555
278 588
279 283
279 341
279 410
279 420
279 622
279 688
279 733
279 741
280 343
280 547
280 567
280 593
280 657
282 383
282 640
283 343
283 399
283 501
283 521
283 622
283 627
284 304
284 305
284 467
284 571
284 618
284 727
284 736
285 563
286 380
287 293
287 435
287 574
288 421
288 494
288 650
288 745
289 456
289 710
290 294
290 302
290 313
290 356
290 441
290 482
291 482
291 508
291 573
291 586
291 740
294 313
294 531
295 404
295 471
295 483
295 743
296 502
296 517
296 633
296 705
297 380
297 547
297 708
298 320
298 611
298 672
298 740
299 306
299 487
299 581
299 594
300 433
300 542
300 619
301 360
301 365
301 607
302 325
302 377
303 320
303 496
303 558
303 712
304 309
304 311
304 345
304 571
305 618
305 727
305 739
307 337
307 443
307 450
307 457
307 541
307 600
307 621
307 689
308 420
308 458
308 474
308 518
308 560
308 633
308 714
308 733
309 452
310 486
310 646
311 404
311 487
311 570
313 316
313 319
313 408
313 415
313 483
313 519
313 524
313 531
313 599
314 545
314 599
314 644
314 722
315 368
315 399
315 521
316 389
316 579
316 625
317 470
317 537
317 555
317 561
317 562
317 609
317 742
318 474
318 707
319 405
319 465
319 567
320 429
320 476
320 674
321 443
321 541
322 361
322 446
322 452
322 461
323 356
323 402
323 429
323 492
323 552
323 573
323 646
323 650
323 668
324 649
325 610
325 639
326 516
326 627
326 636
326 715
328 420
328 423
328 733
329 646
331 473
331 551
331 719
332 363
332 390
332 393
332 435
332 643
333 546
333 634
334 448
334 552
334 574
335 411
335 441
335 450
335 488
335 573
336 369
336 390
336 524
336 565
336 709
337 480
337 490
337 499
337 699
338 504
338 521
338 622
338 714
339 695
339 710
339 719
340 638
341 546
343 459
343 502
343 521
343 613
343 614
343 616
343 673
344 354
344 385
344 437
344 496
344 604
344 620
344 638
344 655
345 380
345 456
345 571
345 637
345 682
345 694
346 419
347 554
349 542
349 598
349 698
349 730
350 377
350 683
350 725
351 352
351 409
351 552
351 719
352 409
352 719
353 476
353 487
353 712
354 403
354 424
354 700
355 439
355 463
355 475
355 522
356 441
356 457
356 651
356 712
357 473
359 646
360 378
360 639
360 718
362 657
362 718
363 401
363 539
363 586
363 735
365 608
365 739
366 389
366 408
367 454
367 505
367 530
367 662
368 598
368 622
369 565
370 412
370 414
370 526
370 562
371 383
372 414
372 440
372 509
372 537
372 555
374 474
374 510
374 675
375 378
375 418
375 453
375 521
375 540
375 561
375 644
375 677
376 402
376 540
377 485
377 564
377 702
378 379
378 518
378 520
378 526
378 703
379 399
379 502
379 526
379 564
379 570
379 659
380 529
380 563
380 642
380 682
380 699
380 703
380 708
382 599
382 646
382 709
382 720
383 407
383 640
384 389
384 587
385 437
385 477
385 483
385 620
385 650
385 655
385 704
385 744
387 443
387 592
387 603
387 740
388 462
388 535
388 722
389 392
389 454
389 471
389 535
389 536
389 625
389 743
390 530
390 541
390 643
390 652
391 478
391 509
391 554
391 555
391 577
391 702
392 415
392 432
392 594
392 621
392 623
392 686
393 435
393 462
393 721
395 452
395 607
395 632
395 635
395 704
397 407
397 433
397 510
397 557
397 584
397 591
398 536
398 556
398 625
398 652
399 521
399 622
400 432
400 487
400 516
400 536
400 621
400 699
401 735
402 628
402 710
403 506
403 612
404 471
404 487
404 535
404 738
405 483
405 585
405 634
405 650
405 662
405 677
405 715
406 497
407 412
407 433
407 513
407 742
408 415
408 457
409 638
409 655
409 704
410 459
410 598
411 488
412 489
412 522
412 562
412 591
412 716
412 719
412 736
412 742
413 694
413 703
413 730
414 416
414 509
414 629
414 641
414 713
416 509
416 589
416 678
417 483
417 515
417 531
417 585
417 662
417 677
417 709
418 548
418 700
418 721
419 576
419 680
419 718
420 423
420 518
420 534
420 714
420 733
421 488
421 646
422 438
422 475
422 491
422 493
422 551
422 571
422 576
422 584
422 690
423 474
423 550
423 560
423 648
423 707
423 714
423 723
423 733
425 484
425 624
426 720
427 429
427 441
427 651
427 712
428 441
428 466
428 651
428 745
429 476
429 502
429 517
429 558
429 668
429 702
429 712
431 559
431 660
432 594
432 621
432 623
433 485
433 510
433 609
433 685
433 742
434 502
434 723
435 487
435 570
435 702
435 717
436 660
436 661
436 669
437 473
437 474
437 704
437 714
438 440
438 537
438 555
438 589
438 678
439 463
439 489
439 522
439 557
439 617
439 716
439 736
440 589
440 678
441 469
441 552
441 651
441 668
446 561
446 615
448 482
448 612
448 651
449 572
449 573
449 574
449 612
449 701
450 541
450 581
450 699
451 664
451 700
452 561
452 615
452 626
453 465
453 567
453 644
453 681
454 552
454 579
454 662
455 583
455 703
456 619
456 682
456 713
457 483
457 606
457 743
458 474
458 518
458 534
458 560
458 661
459 466
459 477
459 497
459 586
459 676
459 687
460 628
461 506
462 533
462 535
462 694
462 721
463 489
463 557
463 617
463 685
463 742
464 665
464 697
465 506
465 567
465 607
466 508
466 556
466 586
466 592
466 681
467 582
467 727
468 594
469 495
469 602
469 631
469 639
469 672
469 720
470 533
470 577
470 608
470 707
470 715
470 739
471 531
471 738
472 556
472 625
473 551
473 620
473 719
473 730
474 493
474 518
474 534
474 539
474 560
474 575
474 633
474 648
474 696
474 707
474 733
475 513
475 584
476 720
476 731
477 534
477 620
477 638
478 513
479 687
480 490
480 499
480 660
482 488
483 492
483 585
484 620
484 624
484 673
485 570
485 685
486 497
486 646
487 497
487 558
487 720
488 494
488 517
488 544
488 573
489 522
489 591
489 716
490 634
491 493
491 584
491 685
491 690
491 729
492 573
492 646
492 650
492 668
492 715
493 560
493 648
494 525
494 574
494 586
494 681
494 700
495 604
495 672
495 700
496 620
497 499
497 501
497 566
497 670
499 503
499 545
499 570
499 692
500 710
501 545
502 627
504 533
504 563
507 720
508 573
509 537
509 624
509 641
509 678
509 713
513 582
515 569
515 593
515 657
515 685
516 519
517 531
517 544
517 558
517 651
518 526
518 534
518 550
518 714
518 733
519 524
519 531
519 558
519 606
520 526
521 598
521 622
522 562
522 577
522 609
522 716
522 742
524 531
524 606
525 556
525 643
525 745
526 570
526 593
526 741
527 530
527 734
528 675
529 633
529 694
530 552
530 569
531 606
533 561
533 711
534 549
534 597
534 648
534 673
534 701
534 723
534 727
534 733
537 555
537 593
539 560
539 575
539 586
539 648
539 676
540 566
540 670
542 565
542 598
543 562
543 591
544 603
544 745
545 570
545 599
546 565
547 708
548 552
548 625
549 648
549 723
549 725
549 733
550 633
550 714
551 592
551 653
552 579
552 586
552 643
552 668
552 745
553 554
554 626
554 643
555 588
555 717
557 617
558 606
558 674
558 712
559 631
559 646
560 569
560 633
560 648
560 723
561 615
561 626
561 642
562 706
563 726
564 639
564 659
565 662
566 710
567 705
567 727
569 570
569 609
569 659
570 703
570 717
570 729
571 653
571 716
572 578
572 651
573 574
574 660
575 714
576 640
577 608
577 647
577 677
579 587
581 699
582 727
584 591
584 707
584 742
585 662
585 715
587 686
588 717
589 592
589 678
591 609
591 736
591 742
592 603
592 687
593 657
594 621
594 623
594 743
597 659
597 739
602 671
604 654
604 655
604 669
605 704
606 662
606 668
606 738
606 743
607 632
607 635
607 667
608 739
609 716
610 658
611 658
611 661
612 631
612 700
615 680
615 691
615 741
618 727
618 739
619 682
619 694
621 623
623 686
623 743
624 641
624 669
626 642
627 642
627 666
628 638
629 641
629 653
629 713
631 701
631 702
631 720
632 635
632 667
633 718
633 741
634 641
634 677
635 667
637 642
638 655
639 700
641 653
641 713
642 670
642 682
643 735
645 721
646 650
648 657
648 714
650 662
650 715
651 712
653 675
653 713
654 655
654 701
654 704
655 669
655 704
655 744
658 661
658 722
663 670
663 717
663 732
663 734
665 681
665 697
665 732
668 674
670 717
673 728
674 679
677 702
679 739
680 718
682 694
684 692
685 719
685 733
685 736
690 729
692 735
693 699
694 703
694 730
696 697
700 720
703 730
720 743
723 725
726 734
727 739
736 742
738 743
