#num-nodes
710
#num-links
2862
#links
0 4
0 12
0 125
0 134
0 179
0 267
0 335
0 565
0 658
1 4
1 7
1 66
1 77
1 106
1 123
1 138
1 177
1 200
1 208
1 222
1 250
1 320
1 480
1 483
1 581
1 631
1 702
2 5
2 107
2 160
2 179
2 531
2 549
2 660
2 673
3 60
3 216
3 399
3 465
3 482
3 609
3 686
3 689
4 75
4 214
4 217
4 285
4 325
4 404
4 461
4 496
4 590
5 160
5 386
5 531
5 584
6 12
6 37
6 79
6 263
6 296
6 365
6 444
7 45
7 92
7 131
7 138
7 161
7 190
7 347
7 352
7 491
7 500
7 544
7 552
7 571
7 666
8 37
8 98
8 151
8 241
8 301
8 438
8 518
9 11
9 22
9 91
9 140
9 250
9 450
9 567
9 602
9 677
9 681
10 103
10 215
10 219
10 231
10 253
10 365
10 386
10 460
11 43
11 50
11 66
11 168
11 171
11 201
11 208
11 329
11 439
11 450
11 478
11 534
11 641
11 644
11 687
12 37
12 125
12 179
12 259
12 263
12 460
12 532
14 72
14 301
14 352
14 420
14 544
15 34
15 80
15 103
15 207
15 254
15 372
15 376
15 604
15 609
16 192
16 230
16 351
16 356
16 443
16 473
16 480
16 500
17 47
17 314
17 351
17 443
17 605
18 109
18 372
18 619
19 68
19 104
19 325
19 372
19 379
19 395
19 398
19 516
19 519
19 539
19 676
20 290
20 479
21 52
21 205
21 224
21 376
21 587
22 226
22 307
22 308
22 311
22 337
22 405
22 442
22 512
22 693
23 110
23 176
23 243
23 355
23 366
23 469
23 547
23 558
23 626
24 41
24 47
24 50
24 140
24 145
24 195
24 403
24 431
24 623
24 641
24 704
25 140
25 222
25 224
25 231
25 403
25 439
25 557
25 638
26 36
26 142
26 162
26 202
26 213
26 274
26 303
26 395
26 442
26 445
27 99
27 317
27 492
27 647
27 659
28 299
28 453
28 465
28 496
28 517
28 528
28 530
28 594
28 600
28 612
29 105
29 565
29 578
29 592
30 174
30 286
30 398
30 564
30 590
30 705
31 65
31 203
31 355
31 453
31 626
31 651
32 34
32 114
32 228
32 399
32 441
32 451
32 517
32 685
32 687
32 691
32 695
33 256
33 425
33 463
33 617
34 123
34 138
34 206
34 359
34 439
34 478
34 481
34 534
34 537
34 570
34 646
34 687
35 76
35 126
35 173
35 249
35 425
35 427
35 527
35 602
35 671
36 220
36 228
36 319
36 322
36 421
36 437
36 545
36 551
36 597
36 611
36 670
37 296
37 521
37 645
38 41
38 67
38 120
38 152
38 196
38 299
38 384
38 388
38 465
38 535
38 542
38 590
38 600
39 43
39 47
39 106
39 140
39 222
39 231
39 375
39 480
39 553
39 570
39 638
39 702
40 293
40 321
40 556
40 691
40 694
40 701
41 43
41 131
41 268
41 347
41 359
41 389
41 471
41 498
41 512
41 537
41 608
41 681
42 209
42 433
42 502
42 584
42 679
42 700
43 66
43 171
43 215
43 329
43 450
43 478
43 498
43 578
43 641
43 687
44 78
44 221
44 393
44 412
44 427
44 614
44 619
45 72
45 165
45 222
45 259
45 352
45 362
45 420
45 471
45 495
45 604
45 608
46 90
46 182
46 288
46 327
46 387
46 434
46 445
46 603
46 700
46 701
47 200
47 215
47 231
47 259
47 537
47 553
47 570
47 638
47 681
47 702
48 423
48 462
48 470
48 680
49 101
49 114
49 124
49 142
49 147
49 187
49 208
49 227
49 244
49 274
49 366
49 394
49 435
49 457
49 515
49 588
49 642
49 697
50 168
50 235
50 268
50 365
50 440
50 450
50 505
50 537
50 681
51 116
51 121
51 139
51 180
51 241
51 249
51 286
51 433
51 434
51 566
51 599
52 279
52 446
52 456
52 587
52 707
53 59
53 64
53 101
53 117
53 126
53 345
53 360
53 390
53 437
53 663
53 669
54 55
54 124
54 270
54 379
54 465
54 489
54 494
54 519
54 564
55 124
55 176
55 193
55 239
55 270
55 283
55 377
55 378
55 379
55 506
55 572
55 590
56 78
56 90
56 174
56 489
56 548
56 590
56 691
57 58
57 368
57 432
57 455
58 87
58 248
58 509
58 547
58 591
58 656
58 673
59 101
59 173
59 251
59 303
59 390
59 432
59 436
59 476
59 503
59 546
59 635
59 650
60 65
60 142
60 147
60 166
60 202
60 303
60 331
60 372
60 421
60 428
60 482
60 484
60 503
60 506
60 567
61 76
61 134
61 172
61 272
61 437
61 508
61 554
61 556
61 671
61 674
62 92
62 290
62 462
62 470
62 647
63 67
63 149
63 158
63 245
63 558
63 576
63 705
64 76
64 78
64 86
64 91
64 101
64 114
64 126
64 132
64 166
64 172
64 191
64 244
64 255
64 303
64 319
64 345
64 354
64 390
64 437
64 495
64 557
64 558
64 567
64 609
64 624
64 663
65 163
65 316
65 319
65 355
65 360
65 366
65 411
65 428
65 487
65 554
65 583
65 642
66 168
66 347
66 360
66 362
66 450
66 456
66 478
66 490
66 491
66 570
67 68
67 143
67 144
67 196
67 283
67 487
67 489
67 564
67 627
68 425
68 464
68 468
68 494
68 572
68 578
69 429
70 292
70 372
70 630
71 77
71 157
71 161
71 168
71 333
71 342
71 420
71 552
71 629
71 636
71 709
72 96
72 229
72 353
72 354
72 471
72 580
72 608
72 624
72 707
73 181
73 214
73 358
73 377
73 457
73 561
73 672
73 682
74 106
74 135
74 148
74 264
74 286
74 311
74 427
74 455
74 620
75 78
75 148
75 227
75 286
75 309
75 311
75 325
75 360
75 618
75 620
75 668
76 172
76 218
76 235
76 313
76 436
76 437
76 527
76 671
76 674
77 123
77 160
77 320
77 420
77 443
77 549
77 571
77 581
78 86
78 224
78 227
78 548
78 613
78 691
79 314
79 605
79 657
80 273
80 460
80 525
80 608
80 610
81 179
81 190
81 201
81 238
81 298
81 320
81 386
81 392
81 426
81 456
81 459
81 521
81 571
81 647
81 671
81 704
82 150
82 218
82 477
82 554
82 573
82 583
82 671
83 133
83 546
83 550
84 392
84 418
84 500
84 622
85 393
85 556
85 569
86 132
86 166
86 211
86 227
86 394
86 406
86 476
86 482
86 613
87 178
87 487
88 256
88 477
89 239
89 321
90 204
90 700
91 126
91 128
91 173
91 482
91 550
91 658
91 662
92 157
92 307
92 351
92 352
92 418
92 423
92 462
92 665
93 162
93 209
93 289
93 417
93 591
93 670
93 691
93 700
94 406
95 106
95 138
95 177
95 194
95 250
95 315
95 552
95 622
95 662
96 140
96 195
96 368
96 450
96 491
96 498
96 634
96 667
96 693
97 170
97 447
97 555
97 657
98 300
98 340
98 451
98 464
98 510
98 516
98 547
98 578
98 600
98 619
99 189
99 485
99 537
99 542
100 520
101 117
101 132
101 166
101 183
101 255
101 298
101 303
101 345
101 360
101 421
101 495
101 584
101 663
102 143
102 176
102 378
102 453
102 487
102 530
102 564
102 576
102 590
102 612
102 627
102 672
102 688
103 109
103 205
103 247
103 596
104 146
104 239
104 325
104 654
105 133
105 134
105 330
105 389
105 438
105 449
105 565
106 192
106 200
106 483
106 615
106 660
107 179
107 252
107 267
107 385
107 433
107 434
107 458
107 541
107 698
107 700
108 549
108 633
109 151
109 205
109 247
109 253
109 292
109 372
109 376
110 120
110 152
110 682
111 181
112 187
112 225
112 298
112 360
112 490
112 508
112 527
112 663
112 697
113 148
113 154
113 187
113 201
113 232
113 244
113 255
113 264
113 298
113 394
113 466
113 497
113 527
114 187
114 208
114 234
114 274
114 366
114 394
114 466
114 515
114 536
115 441
115 547
116 121
116 144
116 154
116 322
116 358
116 405
117 173
117 249
117 251
117 331
117 360
117 390
117 476
117 503
117 506
118 218
118 276
118 280
118 282
118 364
118 365
118 422
118 546
118 674
118 697
119 248
119 252
119 388
119 530
119 542
119 600
120 358
120 388
120 398
120 465
120 537
120 539
120 542
120 590
121 154
121 237
121 242
121 245
121 249
121 291
121 321
121 412
121 422
121 466
121 635
121 661
122 148
122 309
122 383
122 432
123 306
123 320
123 439
123 480
123 481
123 500
123 505
123 531
123 534
123 638
123 646
123 687
124 147
124 196
124 202
124 265
124 270
124 274
124 379
124 384
124 421
124 451
124 484
124 487
124 494
124 506
124 519
124 524
124 551
124 564
124 572
124 627
124 705
125 329
125 346
125 372
125 430
125 446
125 448
125 531
125 587
125 658
125 707
126 132
126 183
126 390
126 421
126 479
126 546
126 556
126 567
127 424
127 531
127 537
127 602
128 353
128 507
128 525
129 260
129 380
129 389
129 390
129 391
129 463
129 513
129 677
130 397
130 464
131 439
131 491
131 570
131 596
131 646
131 681
131 702
132 244
132 345
132 360
132 438
132 490
132 663
133 565
133 592
134 330
134 425
134 438
134 449
134 450
134 607
134 701
135 242
135 374
135 455
136 233
136 319
136 693
137 215
137 287
137 332
137 400
137 512
137 586
137 653
138 157
138 161
138 194
138 352
138 356
138 368
138 382
138 544
138 644
139 148
139 219
139 236
139 287
139 394
139 497
139 573
140 231
140 431
140 491
140 498
140 634
140 638
141 236
141 399
141 451
141 452
141 526
141 618
141 695
142 228
142 335
142 432
142 435
142 451
142 551
142 618
142 670
143 144
143 378
143 484
143 487
143 564
143 572
143 590
144 154
144 266
144 405
144 464
144 487
144 688
145 215
145 512
145 586
145 623
145 653
146 264
146 266
146 358
146 404
146 468
147 202
147 261
147 274
147 457
147 482
147 506
147 551
147 588
147 597
147 670
147 692
148 219
148 228
148 236
148 258
148 272
148 355
148 394
148 497
149 203
149 266
149 316
149 453
149 457
149 468
149 469
149 484
149 502
149 558
149 568
149 627
150 162
150 202
150 228
150 259
150 284
150 316
150 509
150 554
150 560
151 197
151 495
151 677
151 706
152 204
152 339
152 417
152 487
152 489
152 539
152 574
152 576
152 705
154 242
154 245
154 249
154 322
154 620
154 661
156 189
157 170
157 341
157 418
157 552
157 644
157 666
157 709
158 297
158 509
158 568
158 603
158 626
159 346
159 353
159 471
159 593
160 320
160 420
160 430
160 456
160 481
161 230
161 326
161 448
161 480
161 544
161 552
161 581
161 709
162 611
162 620
163 234
163 316
163 411
165 198
165 359
165 362
165 523
166 195
166 244
166 273
166 303
166 435
166 455
166 476
166 482
166 503
166 613
167 198
167 281
167 610
167 690
167 706
168 208
168 268
168 301
168 306
168 440
168 455
168 478
168 505
169 223
169 225
169 584
169 668
170 363
170 418
170 462
170 555
170 666
171 195
171 303
171 478
171 491
171 498
171 505
171 641
172 385
172 437
172 490
172 522
172 554
172 556
172 673
173 233
173 360
173 436
173 479
173 482
173 550
173 556
173 584
174 398
174 563
174 564
174 590
175 193
175 219
175 251
175 394
175 658
176 266
176 270
176 283
176 384
176 404
176 465
176 469
176 484
176 494
176 496
176 519
176 539
176 543
176 563
176 564
176 590
176 612
176 654
176 672
177 183
177 709
178 445
178 475
178 487
178 563
178 564
179 201
179 267
179 386
179 541
179 673
180 487
181 185
181 344
181 664
182 321
182 324
182 366
182 387
182 417
182 487
182 511
183 269
183 447
183 459
183 462
183 473
183 589
184 625
184 680
185 344
186 374
186 466
186 645
187 188
187 191
187 193
187 211
187 227
187 229
187 244
187 331
187 364
187 365
187 383
187 436
187 497
188 201
188 211
189 426
189 659
190 192
190 200
190 295
190 375
190 392
190 500
190 586
190 704
191 195
191 303
191 334
191 482
191 498
191 503
191 546
191 641
191 667
192 209
192 244
192 351
192 356
192 368
192 392
192 443
192 473
192 480
192 500
192 552
192 557
192 631
192 650
193 202
193 235
193 263
193 334
193 351
193 369
193 482
193 531
193 533
193 535
193 605
193 612
193 631
194 333
194 359
194 544
194 666
195 334
195 491
196 265
196 270
196 465
196 494
196 519
196 572
197 269
197 350
198 201
198 255
198 359
198 406
198 523
198 610
198 706
199 263
199 485
199 585
199 690
200 500
200 552
200 666
200 704
201 360
201 385
201 392
201 394
201 432
201 456
201 497
201 673
202 274
202 405
202 445
202 482
202 506
202 510
202 551
202 676
203 211
203 223
203 265
203 377
203 453
203 487
203 558
203 705
204 240
204 377
204 379
204 489
204 517
204 539
204 564
204 576
204 699
205 230
205 372
205 376
205 604
206 232
206 306
206 333
206 456
206 581
206 629
206 636
206 644
206 650
206 677
207 347
207 415
207 486
208 263
208 306
208 329
208 333
208 334
208 515
208 631
208 636
209 591
209 656
209 700
210 333
210 343
210 456
210 473
210 639
211 227
211 232
211 278
211 345
211 437
211 490
211 584
211 674
212 243
212 293
212 321
212 338
212 695
213 292
213 407
214 461
214 576
215 231
215 332
215 430
215 586
215 641
216 284
216 287
216 529
216 612
216 686
216 689
217 218
217 308
217 503
218 282
218 335
218 437
218 502
218 546
218 556
218 670
218 671
219 272
219 394
219 497
219 673
219 698
220 242
220 272
220 298
220 395
220 432
221 393
221 591
221 614
222 306
222 362
222 430
222 439
222 448
222 481
222 504
222 553
222 570
222 638
222 646
222 681
222 686
223 252
223 293
223 312
223 541
224 373
225 508
225 549
225 633
226 452
226 619
227 244
227 255
227 319
227 329
227 471
227 609
227 613
227 618
227 633
227 635
227 691
228 258
228 272
228 451
228 509
228 551
228 674
229 343
229 347
229 439
229 453
229 498
229 523
229 570
229 667
230 320
230 376
230 483
230 660
231 320
231 375
231 431
231 491
231 553
231 638
231 702
232 258
232 278
232 319
232 345
232 360
232 364
232 394
232 436
232 497
232 663
233 421
233 490
233 554
233 633
234 317
234 411
234 421
234 457
235 310
235 311
235 341
235 522
235 527
235 639
235 658
236 264
236 376
237 245
237 313
237 413
237 422
237 427
237 432
237 455
237 508
237 635
237 661
238 269
238 291
238 317
238 446
238 520
238 521
238 522
238 587
238 658
239 276
239 379
239 519
239 594
239 688
240 248
240 377
241 245
241 300
241 301
241 330
241 389
241 438
241 518
241 565
242 245
242 311
242 313
242 333
242 364
242 374
242 635
242 661
242 664
243 246
243 286
243 317
243 321
243 355
243 626
244 319
244 360
244 436
244 481
244 497
244 580
245 249
245 262
245 356
245 592
245 661
246 289
246 297
246 316
246 367
246 397
246 419
246 452
246 484
246 642
247 292
247 458
247 531
248 469
248 488
248 489
248 541
248 682
249 262
249 566
249 592
250 315
250 350
251 309
251 312
251 364
251 406
251 412
251 476
251 546
251 613
251 633
251 650
252 267
252 293
252 321
252 531
252 541
252 698
253 324
253 460
253 630
254 259
254 273
254 341
254 386
254 460
254 536
254 608
255 267
255 476
255 550
255 633
256 379
256 404
256 477
256 568
257 307
257 592
258 272
258 278
258 497
258 670
258 692
259 267
259 536
259 541
259 587
259 639
260 281
260 307
260 380
260 425
260 463
260 472
261 335
261 417
261 421
261 465
261 468
261 528
261 530
261 543
261 564
261 594
261 600
261 682
262 294
262 422
262 434
263 334
263 365
263 400
263 424
263 442
263 485
263 515
263 580
263 605
264 432
264 501
264 576
264 620
264 668
265 453
265 487
265 627
266 404
266 484
266 519
266 654
266 700
267 386
267 541
268 306
268 341
268 347
268 373
268 440
268 641
269 350
269 447
269 473
270 283
270 384
270 484
270 494
270 535
270 564
270 572
270 590
270 627
271 395
271 406
271 442
271 445
272 403
272 508
273 523
273 525
274 335
274 509
274 551
274 554
274 670
275 343
275 368
275 605
275 681
275 709
276 280
276 282
276 435
276 445
276 487
276 519
276 524
276 545
276 670
277 317
277 385
277 458
277 472
277 632
278 436
278 692
279 448
279 451
279 456
280 281
280 282
280 366
280 417
280 422
280 487
280 664
280 674
281 296
281 337
281 442
281 585
282 286
282 364
282 422
282 546
283 312
283 692
284 409
284 411
284 481
284 502
284 526
284 529
284 573
284 578
284 687
284 700
286 289
286 427
286 446
286 527
287 308
287 502
287 573
287 583
287 625
287 686
288 325
288 434
288 509
288 568
288 603
288 700
288 701
289 297
289 355
289 367
289 409
289 499
290 423
290 571
290 652
291 317
291 431
291 492
291 520
291 553
291 575
291 659
291 660
291 696
292 372
292 569
293 312
293 316
293 355
293 541
293 673
293 676
294 403
294 485
296 337
296 442
296 585
296 634
297 409
297 419
297 484
297 526
298 364
298 366
298 599
299 487
299 489
299 501
299 528
299 530
299 594
300 327
300 465
300 592
300 643
301 391
301 513
301 580
302 485
302 492
302 575
302 598
302 645
302 660
302 702
303 476
303 503
303 550
303 567
303 690
304 395
304 441
304 676
305 372
305 386
306 362
306 439
306 478
306 505
306 515
306 534
307 337
307 414
307 601
308 652
309 364
309 406
309 455
309 503
309 613
309 618
309 633
309 650
309 663
310 409
310 493
310 511
310 522
310 527
311 618
312 450
312 455
312 503
312 590
312 594
312 663
313 554
313 671
313 678
314 657
315 350
315 370
316 411
316 452
316 642
316 674
316 695
317 484
319 355
319 428
319 506
319 554
319 567
319 588
319 670
319 692
319 693
320 430
320 638
320 681
321 325
321 338
321 366
321 399
321 618
321 626
323 450
323 455
323 470
323 513
323 681
324 457
325 335
325 364
325 379
325 475
325 511
325 568
326 538
326 672
326 677
327 509
327 676
328 547
329 334
329 400
329 534
329 631
329 687
330 389
330 438
330 518
331 345
331 354
331 360
331 437
331 482
331 549
331 663
332 400
332 512
332 586
332 662
333 392
333 473
333 544
333 581
333 629
333 636
333 661
334 375
334 470
334 515
334 605
335 338
335 366
335 477
335 545
335 551
335 670
335 676
336 554
337 442
337 585
337 657
337 686
338 388
338 409
338 493
338 545
338 670
338 695
339 501
339 526
340 425
340 463
340 510
340 578
341 347
341 424
341 440
341 442
341 580
341 581
341 625
342 483
342 681
342 709
343 666
344 377
345 359
345 360
345 364
345 390
345 421
345 437
345 438
345 482
345 490
345 525
345 564
345 609
345 633
345 663
346 507
346 631
347 359
347 362
347 439
347 498
347 505
347 557
347 641
347 644
347 687
348 466
348 566
350 447
350 555
350 557
351 443
351 473
351 533
352 420
352 644
353 359
353 471
353 507
353 522
353 593
354 663
354 686
355 399
355 428
355 469
355 545
355 626
355 664
356 368
356 370
356 402
356 420
356 480
356 500
356 552
356 571
357 532
358 493
359 471
359 523
359 608
359 644
359 690
360 364
360 436
360 437
360 490
360 497
360 633
360 663
360 686
360 697
361 403
361 577
361 615
361 628
361 647
361 704
362 439
362 505
362 570
362 646
362 687
363 418
364 390
364 394
364 437
364 618
364 663
365 442
365 515
365 580
365 581
365 690
366 494
366 495
366 526
366 618
366 664
366 673
367 435
367 484
367 626
367 703
368 370
368 402
368 488
368 500
368 552
368 622
368 681
369 385
369 602
369 606
369 624
369 658
369 708
370 473
370 552
371 515
372 376
372 403
372 587
373 557
373 639
374 381
374 522
374 556
374 635
374 661
375 407
375 553
375 625
375 681
376 407
376 587
376 684
377 461
377 487
377 517
377 519
377 576
377 600
378 465
378 487
378 528
378 564
378 590
378 594
378 654
379 413
379 510
379 516
379 519
379 524
379 539
379 543
380 425
381 412
381 619
381 661
382 507
382 589
382 680
383 432
383 618
383 633
384 421
384 465
384 484
384 487
384 494
384 535
384 543
384 564
384 572
384 688
385 386
385 403
385 458
385 460
385 508
385 599
385 606
385 673
385 679
386 460
386 471
386 630
387 568
388 398
388 465
388 501
388 530
388 612
389 438
389 518
389 677
390 546
390 633
391 538
392 473
392 500
392 580
393 413
393 592
393 614
394 497
395 405
395 545
395 676
395 689
396 540
396 586
396 653
397 526
397 685
398 405
398 465
398 475
398 519
398 561
398 594
398 699
399 457
399 545
399 664
399 674
399 689
399 695
400 403
400 444
400 481
402 500
402 552
403 407
403 458
403 514
403 623
403 628
403 686
404 704
405 468
405 509
405 568
405 603
405 701
406 454
406 536
407 446
407 532
407 553
407 587
407 623
407 660
408 556
409 411
409 417
409 421
409 511
409 527
409 701
410 526
410 685
411 428
411 583
412 413
412 428
412 614
412 619
413 548
413 614
413 658
413 679
414 472
416 652
417 703
419 484
419 691
420 483
421 457
421 633
421 639
421 663
422 596
423 462
423 648
423 665
424 512
424 515
424 537
424 542
424 602
425 449
425 464
425 578
425 607
426 492
426 540
426 659
427 527
427 592
427 661
427 668
428 642
428 664
430 553
430 604
430 650
431 553
431 638
432 618
432 620
432 650
435 440
435 503
435 506
435 572
435 588
435 626
435 692
436 650
436 653
437 439
437 490
437 518
437 594
437 663
438 518
439 534
439 646
439 687
441 454
441 674
441 703
442 580
442 585
442 686
442 693
443 456
443 631
445 580
445 651
445 674
446 481
446 531
446 532
446 587
447 555
448 483
448 532
448 615
449 607
450 513
451 510
451 519
451 551
451 670
452 457
452 642
453 487
453 516
453 528
453 649
454 560
455 482
456 555
456 631
457 499
457 642
457 685
457 689
458 632
459 571
459 645
459 652
460 471
460 525
462 473
462 575
462 605
462 652
463 513
464 510
464 516
464 524
464 590
465 494
465 516
465 530
465 535
465 539
465 543
465 609
466 540
466 549
466 679
467 569
467 627
467 630
468 489
468 509
468 590
468 672
468 679
469 487
469 528
469 590
469 596
469 682
470 473
470 589
471 570
471 580
471 608
472 602
472 655
473 596
473 652
473 680
474 672
476 491
476 503
476 613
476 633
476 692
477 502
478 483
478 505
478 646
479 550
479 554
480 483
480 500
480 552
480 638
481 622
482 484
482 506
482 550
482 556
482 567
482 588
483 709
484 519
484 535
484 539
484 549
484 691
484 709
485 625
485 632
487 489
487 494
487 502
487 519
487 564
487 627
487 649
487 688
489 494
489 519
489 548
489 564
489 576
489 590
489 654
489 705
490 525
490 527
490 668
491 634
491 638
492 598
492 645
492 694
492 701
493 527
494 496
494 535
494 572
494 590
495 521
495 523
495 549
495 706
496 499
496 539
496 590
496 594
496 642
496 691
498 642
499 642
500 552
500 622
501 520
501 561
501 594
501 612
502 560
502 584
502 698
503 506
503 546
503 588
503 613
503 691
503 692
505 638
505 646
505 687
506 535
506 588
506 609
506 613
506 691
506 692
507 593
508 697
508 701
509 511
509 568
509 603
509 701
509 703
510 516
510 578
510 597
510 600
510 611
510 670
512 586
512 662
512 681
513 610
513 677
513 706
514 532
515 580
515 585
516 574
516 600
516 607
517 590
517 594
517 705
518 527
519 524
519 539
519 543
519 564
519 590
519 594
519 654
519 668
520 522
521 565
521 645
521 655
521 658
521 676
522 706
523 646
523 687
525 668
526 620
526 626
526 664
526 685
527 556
527 658
528 530
528 594
528 654
529 560
529 583
529 689
531 606
531 658
532 585
532 587
532 647
532 686
534 646
534 687
535 543
535 572
536 580
537 570
537 602
537 653
537 681
539 643
540 659
541 673
541 694
541 698
542 669
543 590
545 597
545 611
545 670
545 689
545 695
546 549
546 556
546 613
547 558
547 659
548 590
549 633
549 650
549 673
551 573
551 670
551 674
551 701
552 571
552 666
553 638
553 702
554 658
555 593
556 573
556 583
556 674
557 559
557 612
558 568
558 654
560 573
560 583
560 701
563 564
563 590
564 572
564 576
564 590
564 594
564 705
565 592
565 673
565 706
566 599
567 593
567 618
567 639
568 573
568 700
568 701
569 627
571 636
572 692
573 583
574 643
575 659
575 660
580 585
581 629
581 636
581 644
583 689
584 591
585 686
586 602
586 653
587 604
588 692
590 594
590 700
591 656
592 643
593 639
594 688
597 607
597 611
597 689
597 695
598 645
598 681
598 694
598 702
599 620
600 607
601 625
601 690
602 623
603 700
603 701
605 657
606 673
607 703
608 624
609 618
609 691
610 706
611 689
612 698
612 699
613 618
613 624
613 668
615 628
616 659
618 633
618 691
618 697
623 686
624 650
625 681
625 690
627 649
627 705
628 704
629 631
629 636
629 709
630 689
633 635
634 693
635 661
636 650
637 671
639 690
641 642
642 664
642 695
644 666
645 694
646 687
647 686
648 665
649 654
653 671
658 707
659 660
659 696
660 696
664 703
669 692
670 685
671 674
676 689
683 693
690 708
691 692
