#num-nodes
877
#num-links
3441
#links
0 40
1 8
1 18
1 23
1 66
1 104
1 134
1 280
1 369
1 375
1 438
1 473
1 517
1 619
1 658
1 816
2 23
2 40
2 66
2 108
2 356
2 387
2 530
2 719
2 733
2 739
2 801
2 821
2 850
3 6
3 49
3 51
3 435
3 463
3 465
3 507
3 541
3 687
3 734
3 766
4 86
4 88
4 98
4 99
4 139
4 174
4 203
4 281
4 397
4 493
4 495
4 619
4 677
4 699
4 705
4 735
4 737
5 13
5 34
5 82
5 98
5 234
5 267
5 394
5 452
5 542
5 579
5 724
5 792
5 861
6 7
6 61
6 92
6 244
6 245
6 253
6 305
6 345
6 370
6 547
6 555
6 687
6 718
6 766
6 845
7 12
7 54
7 196
7 331
7 370
7 555
8 72
8 104
8 265
8 456
8 464
8 516
9 20
9 417
9 829
9 853
10 84
10 93
10 96
10 181
10 348
10 422
10 565
10 721
10 777
11 287
11 290
11 531
11 635
11 708
11 725
12 68
12 196
12 223
12 323
12 477
12 555
13 41
13 75
13 234
13 376
13 423
13 436
13 542
13 637
13 722
13 775
14 808
15 651
16 145
16 359
16 415
17 235
18 78
18 134
18 449
18 457
19 46
19 120
19 153
19 223
19 236
19 351
19 406
19 432
19 447
19 485
19 499
19 515
19 538
19 594
19 634
19 684
19 688
19 696
19 706
19 738
19 781
20 105
20 482
20 492
20 729
21 32
21 61
21 427
21 647
22 121
22 429
22 583
22 651
22 759
22 772
23 59
23 151
23 340
23 396
23 495
23 557
23 599
23 735
23 780
24 36
24 139
24 151
24 203
24 239
24 267
24 289
24 340
24 396
24 397
24 493
24 557
24 619
24 625
24 677
24 681
24 735
24 737
24 780
24 785
25 102
25 106
25 194
25 308
25 332
25 759
25 763
25 774
26 152
26 201
26 217
26 274
26 447
26 522
26 524
26 617
26 747
27 31
27 70
27 215
27 310
27 353
27 367
27 395
27 514
27 608
27 665
28 128
28 129
28 130
28 225
28 245
28 248
28 298
28 324
28 393
28 560
28 615
28 718
28 767
29 72
29 164
29 425
29 484
29 534
29 568
29 668
29 707
30 312
30 529
30 586
31 375
31 504
31 586
31 611
32 61
32 184
32 304
32 374
32 495
32 582
32 587
32 692
32 713
32 741
33 49
33 110
33 116
33 144
33 402
33 857
34 38
34 93
34 116
34 237
34 256
34 394
34 482
34 526
34 552
34 853
34 861
35 155
35 320
35 369
35 370
35 421
35 464
35 523
35 717
35 808
36 139
36 239
36 396
36 495
36 600
36 602
36 660
36 667
36 677
36 735
36 737
37 44
37 494
37 620
37 725
37 754
37 797
37 849
38 256
38 257
38 394
38 453
38 542
38 546
38 552
38 584
38 647
38 661
38 710
38 799
38 861
39 82
39 337
40 42
40 66
40 108
40 161
40 530
40 590
40 593
40 622
40 719
40 739
40 801
40 831
40 850
40 852
41 73
41 361
41 426
41 478
41 636
41 753
41 860
42 106
42 195
42 228
42 331
42 530
42 587
42 674
42 719
42 796
42 801
42 831
42 850
42 852
44 797
44 849
44 856
44 860
45 48
45 296
45 396
45 678
45 681
45 778
45 785
45 792
45 855
46 184
46 271
46 328
46 363
46 366
46 445
46 696
46 741
47 238
47 389
47 419
47 803
47 849
48 454
48 695
48 713
48 718
48 768
49 402
50 172
50 236
50 239
50 522
50 524
50 527
50 548
50 594
50 684
50 776
51 58
51 155
51 211
51 454
51 686
51 695
51 702
51 713
51 718
51 732
51 802
52 93
52 141
52 219
52 238
52 337
52 372
52 531
52 777
53 76
53 494
54 57
54 58
54 109
54 195
55 57
55 58
55 665
55 734
57 76
57 268
57 309
57 356
57 655
58 369
58 646
58 855
59 61
59 80
59 88
59 99
59 345
59 374
59 496
59 523
59 551
59 589
59 619
59 625
59 648
59 663
59 735
60 78
60 97
60 156
60 331
60 390
60 448
60 517
60 582
60 585
60 674
60 751
60 821
61 92
61 184
61 318
61 330
61 345
61 369
61 495
61 547
61 551
61 614
61 648
61 653
61 733
61 749
61 807
61 845
62 257
62 316
62 324
62 350
62 859
62 866
63 255
63 585
63 652
63 720
64 214
64 440
64 548
64 634
64 656
64 675
64 684
64 721
64 761
64 781
64 794
64 834
65 185
65 328
65 696
66 340
66 517
66 530
66 573
66 590
66 593
66 719
66 739
66 796
66 801
66 831
66 850
66 852
67 141
67 244
67 379
67 579
67 710
67 857
67 859
68 186
68 315
68 547
68 701
68 769
69 117
69 563
69 876
70 111
70 215
70 392
70 585
70 592
70 689
70 786
70 844
71 392
71 411
71 431
71 488
71 671
71 672
71 842
71 872
72 265
72 425
72 534
72 585
72 589
72 707
72 720
73 231
73 361
73 604
73 608
73 728
73 753
73 805
73 858
74 131
74 175
74 226
74 244
74 552
74 687
75 162
75 254
75 259
75 353
75 514
75 579
75 722
76 199
76 344
76 353
76 411
76 429
76 430
76 494
76 790
76 824
78 417
78 512
78 562
78 604
78 636
78 854
79 117
79 127
79 238
79 441
79 458
79 498
79 607
79 640
80 161
80 345
80 346
80 374
80 599
80 629
80 648
80 692
81 179
81 291
81 379
81 543
81 725
81 769
81 843
82 380
82 631
82 649
82 725
82 792
82 860
83 119
83 464
83 523
83 610
83 622
83 739
83 850
84 129
84 279
84 506
84 694
84 721
84 761
85 215
85 283
85 480
85 755
85 775
85 875
86 139
86 153
86 203
86 230
86 239
86 261
86 276
86 288
86 325
86 334
86 370
86 396
86 397
86 681
86 737
86 766
86 787
87 156
87 274
87 322
87 390
87 411
87 471
87 539
87 545
87 621
87 680
87 828
88 151
88 259
88 296
88 413
88 608
88 692
89 90
91 98
91 292
92 95
92 185
92 226
92 268
92 278
92 325
92 363
92 398
92 445
92 447
92 766
93 180
93 298
93 348
93 550
93 615
93 777
93 861
94 114
94 326
94 609
94 636
95 267
95 289
95 325
95 363
95 463
95 515
95 549
95 625
95 835
96 348
96 757
96 777
96 803
97 134
97 156
97 369
97 390
97 449
97 715
97 722
97 724
97 751
98 99
98 159
98 203
98 222
98 278
98 342
98 399
98 493
98 557
98 599
98 678
98 691
98 735
98 772
98 824
99 107
99 114
99 143
99 151
99 203
99 205
99 252
99 269
99 278
99 288
99 437
99 461
99 495
99 556
99 591
99 614
99 619
99 679
99 817
99 838
100 115
100 324
100 327
100 391
100 393
100 422
100 427
100 443
100 476
100 615
100 627
100 761
100 839
100 873
101 157
101 201
101 236
101 297
101 391
101 427
101 497
101 595
101 617
101 634
101 712
101 743
101 761
101 777
101 839
102 104
102 184
102 195
102 352
102 356
102 430
102 461
102 537
102 582
102 602
102 759
102 801
103 389
103 558
103 596
103 639
104 336
104 369
104 438
104 516
104 602
104 683
104 759
104 816
105 301
105 376
105 392
105 471
105 482
105 492
105 545
105 587
105 653
105 729
105 822
106 253
106 471
107 159
107 184
107 190
107 253
107 273
107 323
107 442
107 495
108 161
108 390
108 486
108 590
108 658
108 674
108 719
108 751
108 783
108 785
108 852
109 244
109 245
109 512
109 654
109 745
109 812
109 871
110 141
110 379
110 380
110 643
110 710
110 800
110 854
110 857
111 137
111 167
111 379
111 647
111 810
112 199
112 330
112 370
112 417
112 435
112 493
112 495
112 496
113 188
113 286
113 295
113 403
113 518
113 534
113 589
113 668
114 128
114 379
114 437
114 457
114 504
114 580
114 857
115 266
115 327
115 443
115 470
115 486
115 501
115 712
116 118
116 175
116 247
116 256
116 315
116 394
117 238
117 389
117 470
117 563
117 635
117 645
117 708
118 146
118 321
118 405
118 512
118 587
118 618
119 191
119 241
119 320
119 367
119 369
119 451
119 491
119 695
119 707
120 318
120 363
120 445
120 483
120 499
120 565
120 634
121 216
121 583
121 585
122 156
122 484
122 568
122 624
122 633
122 778
123 452
123 747
124 135
124 366
124 382
124 483
124 538
124 691
124 706
124 741
124 874
125 224
125 371
125 540
125 693
125 763
126 566
126 574
126 832
126 840
127 129
127 287
127 563
127 708
127 743
128 129
128 145
128 150
128 226
128 440
128 458
128 468
128 550
128 661
128 698
128 736
128 833
129 130
129 131
129 287
129 298
129 440
129 468
129 500
129 550
129 736
129 746
129 833
130 207
130 210
130 475
130 497
130 500
130 506
130 743
130 834
131 210
131 257
131 404
131 435
131 468
131 470
131 740
131 760
131 832
131 854
131 871
133 136
133 391
133 447
133 548
133 684
133 837
133 841
134 336
134 353
134 449
134 578
134 581
134 724
134 784
135 267
135 382
135 469
135 493
135 691
136 148
136 318
136 500
136 721
136 873
137 167
137 264
137 360
137 604
138 267
138 341
138 428
138 763
138 769
138 843
138 847
139 203
139 226
139 239
139 253
139 268
139 281
139 288
139 325
139 370
139 396
139 397
139 445
139 463
139 629
139 675
139 681
139 766
139 787
139 851
140 200
140 326
140 451
140 467
140 519
140 821
141 234
141 532
141 710
142 235
142 243
142 280
142 395
142 523
142 573
142 582
142 844
143 276
143 397
143 592
143 692
143 838
144 247
144 402
145 413
145 440
145 661
145 712
145 721
145 841
146 319
146 321
146 430
146 579
148 444
148 640
148 723
148 809
148 837
149 150
149 174
149 210
149 257
150 413
150 440
151 344
151 396
151 598
151 600
151 625
151 678
151 692
151 699
151 735
151 774
152 307
152 601
153 185
153 288
153 335
153 445
154 188
154 241
154 473
154 597
154 779
154 802
154 818
155 338
155 372
156 177
156 228
156 246
156 255
156 448
156 513
156 573
156 587
156 602
156 621
156 624
156 625
156 633
156 674
156 778
156 796
157 279
157 342
157 558
157 601
157 632
157 712
157 723
157 747
158 797
159 184
159 296
159 436
160 174
160 233
160 249
160 440
160 532
160 541
160 607
160 813
161 246
161 261
161 340
161 374
161 487
161 517
161 590
161 595
161 621
161 629
161 648
161 719
161 831
162 587
162 602
162 609
162 657
162 848
163 402
164 385
164 421
165 655
166 284
166 323
166 328
166 417
166 430
166 464
166 481
167 556
167 659
168 200
168 302
168 718
168 727
168 807
169 200
169 243
169 589
169 666
170 266
170 337
170 391
170 548
170 594
170 595
170 617
170 723
170 841
171 186
171 555
171 727
172 176
172 527
172 712
172 747
172 869
173 299
173 407
173 666
173 711
173 800
174 175
174 413
174 446
174 604
174 661
174 703
174 749
174 800
175 299
175 304
175 417
175 661
176 458
176 639
176 708
176 711
177 320
177 568
177 608
177 695
177 791
177 821
178 646
178 773
179 262
179 328
180 348
180 393
180 506
181 279
181 377
181 427
181 462
181 721
181 746
181 834
182 231
182 259
182 494
182 842
182 863
183 500
184 187
184 190
184 291
184 345
184 366
185 463
185 469
185 584
185 706
186 196
186 246
186 356
186 477
186 530
186 555
186 646
186 709
187 190
187 267
187 291
187 792
188 213
188 309
188 310
188 668
188 808
189 242
189 424
189 426
189 478
189 542
189 628
189 636
189 864
190 291
190 460
190 547
190 749
191 211
191 367
191 463
191 473
191 534
191 695
191 808
194 292
194 308
194 332
194 479
194 582
194 587
194 791
195 246
195 269
195 309
195 315
195 331
195 356
195 430
195 555
195 655
195 875
196 203
196 296
196 330
196 331
196 397
196 477
196 769
196 802
197 354
197 359
197 422
197 546
197 552
197 815
198 280
198 544
199 234
199 338
199 362
199 507
199 540
199 603
200 518
201 377
201 383
201 391
201 393
201 595
201 617
201 634
201 698
202 316
202 601
203 239
203 281
203 310
203 397
203 495
203 614
203 619
203 660
203 663
203 705
203 721
203 737
203 785
204 365
204 401
204 405
204 416
204 676
205 278
205 495
205 817
206 211
206 300
206 395
206 561
206 733
206 784
208 227
208 348
208 645
208 832
209 349
209 439
209 468
209 507
210 312
210 315
210 398
210 404
210 550
210 570
210 766
211 356
211 361
211 409
211 464
211 535
211 667
211 690
211 702
211 728
212 296
212 344
212 365
212 526
212 557
212 650
212 678
212 689
212 699
212 774
213 310
213 748
213 762
214 447
214 548
214 656
214 675
214 679
214 696
214 747
214 794
214 834
215 280
215 294
215 336
215 480
215 637
215 768
215 848
216 404
216 564
216 868
217 270
217 628
217 731
218 707
218 720
219 339
219 574
219 575
219 601
219 639
220 242
220 636
221 458
222 230
222 428
222 436
222 662
222 771
222 847
223 384
223 413
223 485
223 487
223 495
223 565
223 663
223 679
223 741
223 826
223 829
224 283
224 371
224 562
224 728
224 818
224 825
225 230
225 245
225 248
225 398
225 410
225 521
225 765
225 767
225 875
226 251
226 268
226 305
226 306
226 325
226 398
226 463
226 555
226 565
226 642
226 718
226 734
226 735
226 741
226 862
227 306
227 371
227 372
227 749
228 448
228 471
228 479
228 567
228 751
228 801
228 821
229 275
229 324
229 404
230 325
230 363
230 499
230 685
230 766
230 770
230 851
231 385
231 686
231 727
231 742
231 756
231 779
231 855
232 312
232 324
232 404
232 462
232 643
232 851
233 726
234 282
234 542
234 557
234 603
234 860
234 861
235 280
235 374
235 573
235 582
235 683
235 692
236 391
236 443
236 447
236 470
236 499
236 515
236 548
236 594
236 634
236 684
236 777
236 781
236 841
237 247
237 249
237 382
237 453
237 549
238 389
238 531
238 596
238 645
238 803
238 810
238 867
239 281
239 396
239 397
239 493
239 681
239 737
239 780
239 785
239 792
241 255
241 280
241 523
241 622
241 658
241 707
241 763
241 778
241 784
241 823
241 844
242 250
242 306
242 333
242 354
242 422
242 516
242 683
243 326
243 825
244 245
244 642
244 766
244 770
244 863
245 404
245 410
245 642
245 734
245 766
245 767
245 770
245 862
246 331
246 530
246 614
246 739
246 850
247 249
247 285
247 402
247 455
247 566
247 620
247 736
248 275
248 324
248 386
248 550
248 615
248 642
248 765
248 767
249 382
249 532
249 541
249 736
250 429
250 683
250 729
250 870
251 268
251 306
251 335
251 546
251 565
251 615
251 737
251 766
251 770
251 859
251 875
252 282
252 332
252 874
253 276
253 288
253 346
253 347
253 580
253 648
253 874
254 259
254 326
254 371
255 280
255 308
255 581
255 652
256 328
256 394
256 529
256 861
257 297
257 350
257 422
257 440
257 544
257 552
257 649
257 721
257 794
258 824
259 286
259 326
259 403
259 516
259 568
259 609
261 497
261 517
261 590
261 719
261 783
262 328
262 355
262 501
262 715
264 507
265 425
265 456
265 516
265 683
265 707
266 277
266 278
266 391
266 443
266 446
266 447
266 594
266 698
266 834
266 837
266 839
266 841
266 867
267 291
267 340
267 382
267 396
267 557
267 588
267 625
267 660
267 678
267 679
267 769
267 772
267 792
268 299
268 370
268 398
268 584
268 610
268 649
268 655
268 734
268 766
268 770
268 851
268 862
269 288
269 289
269 323
269 346
269 442
269 577
269 685
269 721
270 345
270 411
270 431
270 452
270 478
270 525
270 544
270 620
270 628
271 289
271 366
271 538
271 706
271 874
272 417
273 309
273 331
273 356
273 547
273 642
273 804
274 390
274 501
274 619
274 680
274 852
275 324
275 331
275 360
275 386
275 400
275 404
275 422
275 427
275 477
275 486
275 550
275 560
275 570
275 615
275 766
275 834
276 288
276 289
276 325
276 363
276 483
276 580
276 737
277 394
277 400
277 575
277 684
277 746
277 788
278 288
278 417
278 497
278 580
278 591
278 600
278 679
278 817
278 837
278 838
279 462
279 694
279 721
279 839
280 387
280 581
280 592
280 658
280 778
280 784
280 844
281 551
281 663
281 735
282 388
282 459
282 709
282 763
282 812
283 426
283 533
283 775
283 856
284 480
284 609
284 748
285 472
286 403
286 429
286 473
286 633
287 290
287 468
287 640
287 746
288 289
288 347
288 370
288 463
288 541
288 580
288 696
288 715
288 766
288 770
288 817
288 835
288 851
289 325
289 370
289 406
289 515
289 580
289 675
289 685
289 696
289 705
289 710
289 721
289 738
289 820
290 372
290 377
290 420
290 470
290 548
290 563
290 635
290 708
290 869
292 308
292 332
292 545
292 791
293 294
293 299
293 377
293 423
293 436
293 450
293 453
293 641
293 776
294 756
295 329
295 695
295 808
296 323
296 334
296 344
296 529
296 667
296 847
297 375
297 400
297 485
297 486
297 565
297 661
297 691
297 765
297 780
298 312
298 324
298 393
298 475
298 506
298 550
298 708
299 335
299 398
299 485
299 631
299 641
299 749
299 853
300 353
300 479
300 567
300 722
300 831
301 304
301 394
301 512
302 758
302 807
303 384
304 335
304 398
304 547
304 586
305 370
305 445
305 643
305 766
306 315
306 394
306 398
306 465
306 521
306 532
306 626
306 642
306 687
306 711
306 734
306 770
306 859
306 862
307 339
307 723
307 838
307 869
308 332
308 479
308 545
308 582
309 331
309 356
309 477
310 694
310 711
310 756
310 759
310 848
311 424
311 842
312 398
312 404
312 410
312 472
312 642
312 734
314 399
314 691
314 712
314 788
314 790
314 822
315 465
315 687
316 761
317 651
318 335
318 410
318 485
318 626
318 642
318 741
318 862
320 371
320 421
320 559
320 561
320 622
320 658
320 733
321 326
321 542
321 647
321 655
321 863
322 411
322 842
323 360
323 442
323 529
323 685
323 806
323 853
324 327
324 383
324 393
324 462
324 486
324 550
324 560
324 615
324 675
324 767
325 445
325 463
325 483
325 737
325 741
325 845
326 329
326 519
326 609
327 435
327 443
327 447
327 486
327 501
327 615
327 675
328 429
328 430
328 483
328 538
328 741
329 518
329 609
329 759
330 346
330 598
330 676
330 699
330 705
330 774
331 356
331 378
331 517
331 766
331 770
332 433
332 530
332 587
333 384
334 495
334 537
334 694
334 709
334 787
335 422
335 483
335 485
335 500
335 564
335 656
335 675
335 721
335 741
335 776
335 833
335 859
335 873
336 451
336 519
336 573
336 638
336 693
336 768
336 846
337 372
337 531
337 569
338 507
338 564
338 787
339 558
339 601
339 639
339 693
339 761
339 836
339 869
340 344
340 493
340 530
340 557
340 625
340 660
340 719
340 735
340 771
341 544
341 556
342 464
342 490
342 586
342 599
342 677
342 847
343 449
343 724
344 598
344 678
344 699
344 769
344 774
344 791
345 396
345 397
345 495
345 579
345 597
345 663
345 772
346 587
346 648
346 676
346 692
346 772
346 874
347 370
347 580
347 687
347 770
347 851
348 704
348 721
348 777
349 468
349 612
349 616
349 740
350 501
350 529
350 607
351 406
351 470
351 485
351 499
351 820
352 449
352 561
352 819
352 829
353 395
353 429
353 484
353 514
354 439
354 585
354 689
354 762
354 830
356 369
356 380
356 742
356 773
357 670
358 621
358 672
358 872
359 673
360 537
360 752
361 559
361 592
361 618
361 637
361 728
361 753
361 858
362 507
362 540
362 603
362 787
363 445
363 466
363 696
363 741
363 874
364 409
364 520
364 535
364 690
364 702
364 744
364 756
364 790
364 846
364 848
365 401
365 405
365 418
365 474
365 518
366 432
366 445
366 466
366 538
366 774
366 820
367 414
367 523
367 593
367 622
367 850
369 387
369 435
369 519
369 523
369 718
369 728
370 435
370 445
370 463
370 580
370 715
370 766
370 853
370 864
371 504
371 659
371 763
372 373
372 377
372 435
372 607
372 608
372 700
372 809
372 810
373 440
373 548
373 560
373 571
373 574
373 607
373 634
373 712
373 788
374 556
374 582
374 587
374 692
375 449
375 493
375 494
375 715
375 724
375 816
375 828
376 457
376 853
377 531
377 548
377 635
377 723
378 547
378 727
379 736
379 857
380 461
380 800
380 857
381 644
381 731
382 643
383 763
384 644
384 731
384 799
385 562
385 587
385 742
385 818
385 831
386 415
386 475
386 867
387 449
387 517
387 724
387 784
388 611
389 645
389 803
389 867
390 448
390 449
390 513
390 536
390 621
390 674
390 680
390 751
391 400
391 440
391 447
391 548
391 594
391 721
391 781
391 834
391 838
391 841
392 482
393 422
393 560
393 649
394 529
394 874
395 514
395 816
395 819
396 397
396 438
396 578
396 619
396 625
396 681
396 780
396 785
396 787
397 477
397 530
397 555
397 568
397 619
397 625
397 660
397 663
397 705
397 737
397 785
397 787
397 845
398 546
398 552
398 580
398 615
398 644
398 734
398 766
398 859
398 862
398 875
399 691
399 712
399 822
400 410
400 470
400 548
400 584
400 639
400 750
400 788
402 840
403 459
403 473
403 501
403 518
403 581
403 589
403 651
403 657
403 668
403 720
403 758
403 830
404 570
404 626
404 642
404 711
404 718
404 726
404 766
406 549
406 565
406 688
406 696
406 738
406 820
407 490
407 749
407 813
407 814
408 415
409 535
409 690
409 702
409 756
409 808
410 476
410 552
410 626
410 641
410 734
411 414
411 478
411 544
411 620
411 725
411 753
411 828
412 839
413 442
413 579
413 659
415 475
415 601
415 664
416 474
416 551
416 577
416 636
416 685
416 713
417 430
417 512
417 608
417 829
418 583
418 714
420 422
420 531
420 623
420 635
420 684
420 847
420 873
421 561
421 819
422 427
422 462
422 595
422 615
422 673
422 777
422 815
422 839
422 873
423 435
423 436
423 450
423 453
423 631
423 847
423 853
424 426
424 666
424 795
425 436
425 516
425 576
425 583
425 670
426 533
427 462
427 485
427 527
427 606
427 720
427 839
428 436
428 699
428 769
428 771
428 826
428 847
429 478
429 518
429 650
429 827
430 433
430 460
430 824
430 846
431 488
431 544
431 628
431 631
431 822
431 860
432 445
432 463
432 538
433 581
433 587
433 791
435 853
436 450
436 453
436 510
436 528
436 556
436 631
436 749
436 769
436 826
436 847
437 817
438 578
438 779
438 780
438 855
438 864
439 833
440 441
440 443
440 501
440 548
440 656
440 661
440 694
440 712
440 721
440 834
441 527
441 607
441 627
441 661
441 675
441 698
441 700
441 761
441 777
441 788
442 474
442 676
442 752
442 758
443 470
443 486
443 656
443 712
444 506
444 574
444 809
444 837
445 538
445 549
445 679
445 696
445 704
445 706
445 851
447 470
447 548
447 594
447 595
447 627
447 708
447 721
447 743
447 834
447 874
448 513
448 674
448 680
448 751
449 581
449 715
449 724
449 751
449 816
450 453
450 641
450 710
451 491
451 695
451 707
452 489
452 526
452 557
453 472
453 631
453 853
454 458
454 695
454 713
454 732
455 566
456 516
456 624
456 657
456 683
457 504
457 559
457 618
457 693
458 571
458 869
459 720
460 461
460 556
460 587
460 732
460 872
461 510
461 528
461 556
461 564
461 628
461 659
461 771
461 854
462 506
463 484
463 835
463 868
464 473
464 535
464 599
464 702
464 728
464 778
466 483
466 549
466 688
466 741
466 835
468 637
468 740
469 691
470 563
470 594
470 634
470 635
470 640
470 708
470 761
470 777
471 545
471 582
471 680
472 490
472 726
472 799
475 486
476 642
476 646
476 709
476 734
476 804
476 862
476 863
478 514
478 744
478 790
478 827
478 856
478 860
479 482
479 509
479 519
479 582
479 587
479 670
479 722
479 735
479 774
479 831
480 587
480 670
480 775
482 487
482 573
482 632
482 786
483 741
483 868
484 568
484 669
484 683
484 690
484 703
484 805
484 842
485 565
485 643
485 706
485 736
485 741
485 776
485 820
485 868
486 560
486 615
486 749
486 777
486 863
486 868
487 590
487 679
487 769
488 545
488 672
488 821
490 832
491 561
491 597
491 695
491 702
491 784
492 729
492 832
493 735
493 785
494 662
494 756
494 863
495 556
495 614
495 663
495 692
495 705
495 713
495 817
495 834
496 501
496 551
496 609
496 676
496 845
497 501
497 595
497 663
498 527
499 515
499 565
499 684
499 820
500 503
500 506
500 713
500 761
500 781
500 833
500 866
501 794
503 506
503 531
503 637
503 815
505 849
506 574
506 595
506 615
506 704
506 723
506 767
506 836
507 603
509 602
509 699
509 822
512 622
512 653
512 676
512 739
513 674
513 751
514 516
514 671
515 594
515 598
515 684
515 696
515 820
516 583
516 585
516 657
516 683
516 778
516 824
517 530
517 590
517 621
517 719
517 801
517 866
518 593
518 808
518 830
518 850
520 565
520 585
520 592
520 824
521 552
521 626
521 766
522 527
522 601
523 578
523 593
523 597
523 690
523 695
523 778
523 796
523 850
524 527
524 601
525 628
526 650
526 652
526 683
526 689
527 747
528 556
528 604
528 771
530 568
530 590
530 602
530 629
530 719
530 739
530 801
530 808
530 850
530 852
531 563
531 635
531 867
532 534
532 541
532 861
534 613
534 671
534 707
534 796
535 690
535 790
535 846
536 636
536 674
536 751
537 620
537 787
538 634
538 696
538 706
538 874
539 587
539 801
540 787
541 736
541 749
542 544
542 647
542 709
542 822
542 872
543 611
543 865
544 631
544 754
544 800
544 805
544 875
545 587
545 791
546 552
546 570
546 709
546 718
546 859
547 628
547 789
548 595
548 634
548 635
548 656
548 684
549 688
549 738
549 774
550 560
550 570
550 661
550 698
550 716
550 765
551 614
551 629
551 648
551 719
551 780
551 845
552 584
553 716
553 871
554 665
555 662
555 713
555 769
555 855
556 564
556 610
556 659
556 771
556 845
557 772
557 792
558 632
558 830
559 637
559 658
559 818
559 825
561 597
561 695
561 702
561 819
562 581
562 722
563 635
563 761
564 776
564 787
564 847
565 706
565 777
567 722
567 792
567 826
568 609
569 730
570 642
570 669
570 718
570 749
571 777
573 582
573 739
573 828
574 575
574 607
574 712
574 866
575 601
575 704
576 693
578 724
578 780
578 816
578 864
579 653
579 659
579 711
580 619
580 648
580 752
580 817
580 835
581 658
581 818
582 602
582 652
582 674
582 692
582 739
582 796
582 850
583 650
583 671
583 683
584 599
585 592
585 650
585 652
585 671
585 689
585 782
585 844
586 599
586 677
587 602
587 744
587 752
588 591
588 660
588 662
589 593
589 707
590 621
590 719
590 739
590 783
590 831
590 850
591 817
592 608
592 824
592 837
592 838
593 720
593 739
593 782
593 850
594 617
594 634
594 649
594 684
594 781
595 617
595 743
596 810
597 622
597 690
597 695
597 728
597 821
598 677
598 678
598 699
598 817
599 619
599 679
599 769
599 847
600 625
600 677
600 739
600 817
601 869
602 735
602 801
604 663
604 760
604 769
604 805
604 854
605 814
607 608
607 700
607 712
607 736
607 750
607 788
607 832
607 865
608 728
609 676
610 662
610 687
610 851
612 811
613 651
613 671
613 796
614 676
614 681
614 787
614 795
614 845
615 723
616 726
617 723
617 777
619 625
619 677
619 705
621 719
621 751
621 783
622 739
622 763
622 850
623 656
623 712
623 721
623 834
623 868
623 869
623 873
624 633
624 674
624 707
625 780
625 785
626 687
626 734
626 766
626 875
627 708
627 721
627 803
627 837
628 631
628 815
629 648
629 679
629 719
631 641
631 826
631 875
632 786
633 720
634 656
634 721
634 834
635 761
636 751
637 853
638 755
640 809
640 866
640 867
641 747
641 754
641 826
642 731
642 734
642 765
642 766
642 804
642 862
643 644
643 741
643 770
643 776
643 857
644 725
644 754
645 867
646 655
646 709
646 732
646 804
647 872
648 692
649 868
650 652
650 671
650 683
650 689
651 671
652 683
652 689
653 722
653 729
653 787
656 675
656 684
656 706
656 721
656 781
656 787
656 794
656 834
656 841
656 873
657 669
657 702
658 778
658 784
658 816
659 854
660 769
660 792
661 749
662 678
662 766
663 737
664 864
666 799
666 800
667 678
667 728
667 769
667 774
668 707
668 808
669 690
669 702
669 732
669 749
669 871
669 874
670 758
671 689
671 782
671 796
672 703
672 872
673 815
673 864
674 751
675 721
675 737
675 834
677 735
677 737
678 699
678 735
678 774
678 776
680 751
680 821
681 785
683 689
684 721
686 727
686 728
686 742
686 756
686 779
686 855
686 863
687 710
687 766
687 862
687 873
688 738
688 776
689 796
689 844
690 702
690 717
690 756
690 790
690 846
691 706
693 846
695 713
695 824
696 820
698 704
698 837
698 838
698 841
699 769
699 772
699 774
702 728
702 756
702 759
702 784
703 722
703 786
703 842
704 712
704 746
704 788
706 741
706 750
707 720
708 837
709 765
709 773
710 726
710 774
710 857
710 859
712 723
712 750
712 771
712 788
712 791
712 810
712 864
712 869
713 768
713 845
714 755
717 759
717 808
718 727
718 766
718 804
719 739
719 783
719 801
719 831
719 850
720 823
721 781
721 787
721 834
721 841
721 873
722 806
722 831
723 746
724 816
725 731
726 736
727 728
727 732
727 773
727 779
727 802
727 812
728 732
728 756
728 759
728 802
728 808
728 812
729 863
730 809
730 811
731 849
732 733
732 760
732 766
732 802
732 812
733 819
734 766
734 862
736 799
737 766
737 787
739 801
739 831
739 850
739 852
740 829
741 868
744 776
745 760
745 871
746 788
746 836
747 866
750 839
752 874
753 858
756 779
756 863
757 840
758 762
758 775
759 763
759 784
759 848
760 854
760 871
765 862
766 770
766 862
769 792
769 826
769 831
769 847
770 859
771 843
772 792
774 776
775 795
777 815
778 784
778 790
778 844
779 802
779 855
780 785
781 841
783 852
784 816
785 792
790 824
794 841
797 832
798 847
799 800
799 854
801 850
802 808
803 847
803 866
804 862
805 858
805 863
808 819
809 837
809 869
813 814
816 844
818 824
818 825
821 831
822 860
824 838
824 843
826 847
826 875
829 853
834 873
837 838
839 841
842 872
843 847
845 853
850 852
863 871
