#num-nodes
563
#num-links
2066
#links
0 147
0 148
0 156
0 235
0 504
0 505
0 525
1 545
2 35
2 120
2 153
2 324
2 325
2 422
2 430
2 465
3 37
3 69
3 85
3 273
3 386
3 395
3 491
4 152
4 157
4 198
4 211
4 296
4 299
4 335
4 357
4 406
4 407
4 497
4 555
5 457
5 550
6 38
6 59
6 200
6 268
6 299
7 190
7 221
7 501
7 532
7 562
8 107
8 167
8 197
8 204
8 244
8 337
8 390
8 463
8 497
8 515
9 14
9 143
9 172
9 225
9 260
9 266
9 367
9 460
9 516
9 546
9 550
9 555
10 43
10 58
10 158
10 210
10 278
10 469
10 504
10 505
12 31
12 39
12 47
12 49
12 129
12 141
12 145
12 155
12 219
12 291
12 323
12 336
12 338
12 487
12 488
12 561
13 190
13 412
13 538
14 143
14 193
14 366
14 373
14 534
14 559
15 120
15 152
15 370
15 444
16 213
16 309
16 498
16 522
17 63
17 93
17 115
17 346
17 433
17 548
18 201
18 246
18 386
19 30
19 87
19 106
19 207
19 291
19 308
19 336
19 347
19 403
19 414
19 501
20 24
20 134
20 227
20 307
21 32
21 128
21 154
21 212
21 282
21 319
21 397
21 421
21 441
21 482
22 125
22 132
22 229
22 249
22 469
22 539
23 136
23 286
23 497
24 107
24 144
24 167
24 227
24 286
24 304
24 372
24 407
24 510
25 98
25 124
25 148
25 493
26 106
26 159
26 213
26 234
26 331
26 337
26 471
26 484
26 488
26 540
26 542
27 83
27 139
27 308
27 459
28 37
28 122
28 178
28 224
28 266
28 343
28 385
28 386
28 460
28 468
28 516
29 330
29 454
29 461
29 491
30 64
30 168
30 324
30 352
30 358
30 368
30 445
30 517
30 537
31 39
31 47
31 57
31 139
31 141
31 159
31 184
31 234
31 256
31 291
31 301
31 321
31 331
31 338
31 347
31 475
31 487
31 561
32 127
32 131
32 282
32 319
32 329
32 344
32 479
32 485
33 90
33 211
33 393
33 400
33 511
34 132
34 236
34 249
34 267
34 273
34 309
34 361
34 369
34 386
34 395
34 493
34 539
35 36
35 168
35 258
35 271
35 325
35 422
36 62
36 72
36 153
36 165
36 168
36 170
36 324
36 499
37 69
37 81
37 85
37 125
37 273
37 341
37 491
37 539
38 50
38 288
38 322
38 406
38 443
39 155
39 159
39 444
39 527
39 529
39 542
39 553
40 84
40 95
40 277
40 415
41 54
41 163
41 216
41 334
41 421
41 449
41 534
41 556
42 75
42 222
42 269
42 270
42 351
42 362
42 457
42 550
43 66
43 69
43 306
43 326
43 469
43 504
43 505
44 56
44 61
44 160
44 168
44 180
44 186
44 205
44 237
44 256
44 280
44 445
44 472
44 473
44 552
45 174
45 211
45 247
45 349
45 400
46 106
46 219
46 308
46 471
46 542
46 554
47 159
47 301
47 308
47 336
47 338
47 542
47 561
48 134
48 247
48 250
48 357
49 195
49 403
49 501
49 553
50 107
50 204
50 240
50 247
50 268
50 288
50 302
50 312
50 406
50 443
50 450
50 500
51 112
51 314
51 364
52 101
52 246
52 274
52 382
52 386
52 482
52 526
54 60
54 334
54 373
54 449
54 559
54 560
55 198
55 302
55 349
55 390
55 439
55 541
56 92
56 110
56 123
56 279
56 331
56 430
56 451
56 495
56 502
57 115
57 137
57 218
57 292
57 297
57 435
57 440
57 548
58 66
58 105
58 124
58 306
58 316
58 395
58 533
59 263
59 473
60 78
60 143
60 163
60 227
60 334
60 348
60 543
60 556
60 559
61 168
61 237
61 380
61 429
61 513
61 552
62 72
62 80
62 133
62 138
62 165
62 168
62 261
62 324
62 429
62 430
62 503
62 549
62 552
63 102
63 222
63 253
63 265
63 269
63 297
63 346
63 377
63 389
63 433
63 456
63 486
63 548
64 186
64 217
64 237
64 256
64 264
64 310
65 99
65 109
65 252
66 95
66 105
66 116
66 143
66 285
66 313
66 316
66 330
66 469
67 158
67 192
67 210
67 214
67 505
68 334
68 449
68 559
69 85
69 105
69 118
69 293
69 306
69 341
69 411
69 552
71 75
71 292
71 440
71 486
72 110
72 138
72 160
72 165
72 261
72 358
72 429
72 464
72 537
72 549
72 552
73 114
73 167
73 204
73 208
73 390
73 446
73 497
74 149
74 158
74 163
74 306
74 547
75 91
75 100
75 137
75 222
75 292
75 362
75 435
75 509
76 189
76 294
76 297
76 346
76 367
76 427
76 467
76 489
76 527
76 547
78 179
78 212
78 216
78 274
78 326
78 397
78 399
78 421
78 508
78 543
78 560
79 189
79 294
79 297
79 427
79 527
79 547
80 133
80 138
80 160
80 165
80 261
80 280
80 358
80 380
80 430
80 464
80 503
80 549
80 552
81 159
81 249
81 402
81 427
81 492
81 526
81 527
81 546
82 144
82 233
82 288
82 296
82 322
82 342
82 390
82 443
82 510
83 195
83 207
83 412
83 484
84 277
84 306
85 243
85 273
85 341
85 365
85 448
85 558
86 146
86 173
86 203
86 423
86 428
86 557
87 120
87 254
87 336
87 347
87 359
88 182
88 239
88 334
89 132
89 236
89 246
89 249
89 267
89 276
89 285
89 361
89 369
89 394
89 395
89 449
89 539
90 511
91 150
91 172
91 225
91 241
91 246
91 254
91 294
91 351
91 359
91 367
92 110
92 279
92 331
92 495
92 502
92 503
92 549
92 554
93 113
93 172
93 218
93 253
93 260
93 265
93 343
93 367
93 385
93 419
93 506
93 516
94 303
94 432
95 117
95 132
95 293
95 306
95 493
95 551
96 145
96 219
96 332
96 391
96 403
96 484
96 488
96 522
96 554
98 148
98 354
99 213
99 252
99 329
99 482
100 260
100 307
100 478
100 489
101 226
101 329
101 382
101 507
102 107
102 115
102 253
102 297
102 433
102 548
103 183
103 337
103 459
103 501
103 562
104 269
104 539
105 116
105 125
105 282
105 316
105 330
105 392
105 395
105 533
106 159
106 219
106 471
106 484
106 488
106 490
106 540
106 542
106 554
107 144
107 152
107 167
107 191
107 198
107 204
107 247
107 286
107 288
107 304
107 322
107 339
107 342
107 463
107 465
108 135
108 141
108 184
108 221
108 275
108 291
108 300
108 321
108 353
108 409
108 561
109 116
109 274
110 153
110 169
110 251
110 368
110 376
110 380
110 429
110 451
110 495
110 502
110 521
110 557
111 290
112 191
112 208
112 250
112 314
112 364
113 199
113 287
113 389
113 460
113 506
114 136
114 144
114 157
114 174
114 191
114 247
114 307
114 335
114 342
114 390
114 407
114 439
114 555
115 222
115 265
115 269
115 346
115 433
115 548
116 278
116 330
116 392
116 438
116 479
116 485
116 491
117 143
117 166
117 379
117 551
118 137
118 216
118 313
119 306
120 221
120 281
120 412
120 529
121 150
121 222
121 265
122 125
122 229
122 460
123 228
123 376
123 414
123 451
123 495
124 249
124 345
124 361
124 431
124 493
125 229
125 316
125 453
125 533
126 343
126 467
126 480
127 131
127 212
127 255
127 262
127 319
127 391
127 397
127 479
127 485
127 526
128 154
128 212
128 216
128 255
128 282
128 295
128 479
128 482
128 508
128 518
129 151
129 308
129 371
129 388
129 466
129 488
129 538
129 553
130 199
130 242
130 427
130 546
131 255
131 262
131 479
131 485
132 177
132 236
132 295
132 361
132 369
132 395
132 431
132 539
133 258
133 261
133 324
133 429
133 430
133 499
133 503
133 552
134 191
134 247
134 250
134 307
135 141
135 184
135 300
135 321
135 353
135 561
136 144
136 152
136 233
136 288
136 296
136 322
136 342
136 390
136 406
136 515
137 140
137 150
137 218
137 224
137 270
137 272
137 292
137 435
137 440
137 527
138 160
138 170
138 196
138 350
138 358
138 375
138 380
138 423
138 428
138 464
138 499
138 537
138 552
139 145
139 151
139 359
139 371
139 412
139 459
140 257
140 303
140 354
140 418
140 527
140 529
141 155
141 275
141 300
141 321
141 336
141 338
141 475
141 487
141 561
142 149
142 188
142 313
142 399
142 539
143 163
144 152
144 165
144 191
144 197
144 211
144 288
144 296
144 304
144 307
144 322
144 342
144 390
144 404
144 407
144 430
144 510
144 515
144 530
145 155
145 219
145 291
145 308
145 323
145 332
145 336
145 359
145 403
145 412
145 441
145 475
145 488
146 173
146 203
146 423
146 428
146 442
147 235
147 341
147 392
147 453
147 504
148 214
148 272
148 294
148 354
148 432
149 158
149 454
150 189
150 222
150 260
150 265
151 213
151 308
151 323
151 359
151 371
151 466
151 488
151 538
151 553
152 204
152 233
152 288
152 322
152 390
152 463
152 515
153 160
153 169
153 171
153 228
153 263
153 376
153 451
153 552
154 212
154 226
154 241
154 246
154 255
154 326
154 397
154 482
154 518
154 535
155 209
155 291
155 327
155 359
155 475
155 487
156 294
157 312
157 372
157 443
158 163
158 306
158 418
158 454
159 195
159 234
159 291
159 301
159 347
159 412
159 471
159 475
159 484
159 488
159 490
159 527
159 540
159 542
160 230
160 261
160 464
160 503
160 537
160 549
160 552
161 220
161 309
161 405
162 206
162 315
162 439
163 216
163 334
163 391
163 399
163 559
164 186
164 245
164 264
164 310
164 430
164 517
165 196
165 230
165 256
165 261
165 310
165 324
165 380
165 464
165 552
167 208
167 250
167 339
167 446
167 463
167 497
167 519
168 237
168 263
168 280
168 429
168 445
168 473
168 499
168 517
168 549
169 376
169 513
170 196
170 380
170 384
170 430
170 458
170 549
171 228
171 376
171 513
172 225
172 231
172 266
172 351
172 367
172 410
172 457
172 462
173 203
173 428
173 442
174 197
174 304
174 360
174 372
174 404
174 407
175 272
175 506
175 547
176 193
176 461
177 236
177 539
178 224
178 272
178 343
178 351
178 385
178 460
179 212
179 241
179 262
179 267
179 282
179 319
179 333
179 348
179 363
180 205
180 280
180 445
180 455
180 472
180 473
180 542
181 189
181 433
181 467
181 527
182 239
182 254
182 334
182 496
184 291
184 323
184 338
184 359
184 409
184 487
184 561
186 217
186 237
186 256
186 264
186 310
186 355
186 464
186 537
187 240
187 450
187 500
187 555
188 493
189 467
189 480
189 489
190 195
190 412
191 304
191 307
191 404
191 443
191 463
191 500
191 515
192 193
192 257
192 373
192 396
192 432
192 461
192 518
193 366
193 375
193 421
193 534
194 318
194 384
194 405
194 522
194 554
195 207
195 325
195 331
195 347
195 388
195 400
195 484
195 532
195 542
196 261
196 358
196 464
196 499
196 503
196 537
196 549
196 552
197 198
197 204
197 233
197 268
197 304
197 312
197 335
197 339
197 357
197 372
197 404
197 407
198 204
198 302
198 335
198 339
198 400
198 407
198 450
198 519
199 242
199 297
199 389
199 417
199 427
199 460
199 462
199 506
200 444
201 209
202 225
202 231
202 462
202 525
203 358
203 423
203 428
203 442
204 247
204 268
204 312
204 357
204 443
204 450
204 463
204 500
205 237
205 280
205 445
205 472
205 473
206 302
207 347
207 532
208 470
209 507
209 526
210 381
210 504
210 505
211 400
211 406
212 255
212 282
212 333
212 397
212 421
212 479
212 485
212 508
212 543
213 317
213 356
213 484
213 488
213 522
214 257
214 354
214 413
214 418
214 432
214 483
214 494
215 329
216 274
216 334
216 348
216 421
216 438
217 256
217 264
217 310
218 224
218 266
218 272
218 287
218 343
218 410
218 419
218 460
218 506
218 516
218 550
219 234
219 332
219 371
219 403
219 488
219 542
219 554
220 309
220 347
220 371
220 405
220 412
220 466
220 498
221 409
221 501
221 532
222 260
222 265
222 269
222 297
222 486
222 528
222 548
223 373
223 453
223 534
224 266
224 272
224 385
224 440
224 462
224 516
224 546
225 367
225 462
226 246
226 326
226 344
226 438
228 368
228 376
228 495
229 293
229 316
229 395
229 469
229 533
230 499
231 457
231 462
232 327
232 328
232 346
232 434
232 447
232 456
232 478
232 558
233 296
233 307
233 322
233 335
233 342
233 390
233 510
234 242
234 331
234 370
234 490
235 270
235 550
236 249
236 267
236 276
236 285
236 295
236 320
236 369
236 394
236 539
236 540
237 256
237 264
237 310
237 355
237 445
237 451
237 473
237 476
237 499
237 519
238 383
238 437
239 417
239 449
240 500
241 246
241 255
241 262
241 274
241 333
241 348
241 382
241 397
241 535
242 269
242 389
242 546
243 453
244 302
244 515
244 519
245 465
245 495
246 254
246 262
246 493
246 560
247 250
247 357
247 474
247 500
247 530
248 483
249 254
249 267
249 293
249 345
249 394
249 431
249 539
250 393
251 263
251 279
251 368
252 397
252 441
253 327
253 351
253 398
253 427
253 433
253 447
253 492
253 548
254 336
254 403
254 431
254 532
255 274
255 397
255 479
255 485
256 264
256 310
256 451
256 476
257 303
257 354
257 396
257 413
257 418
257 432
258 324
258 422
258 464
258 499
258 537
259 272
259 420
259 492
259 550
260 265
260 385
260 419
260 462
260 478
260 516
261 280
261 324
261 358
261 380
261 429
261 430
261 503
261 549
261 552
262 373
262 441
262 560
263 465
263 503
264 310
264 325
264 340
264 451
265 480
265 528
265 548
266 297
266 460
266 506
266 516
267 273
267 276
267 285
267 361
267 369
267 386
267 394
267 539
268 312
268 407
268 470
269 346
269 389
269 427
270 294
271 384
271 440
272 292
272 435
272 440
272 506
273 295
273 320
273 341
273 345
274 482
275 281
275 300
275 321
275 434
275 447
275 461
275 561
276 285
276 369
276 394
276 539
277 415
277 491
278 330
278 491
279 495
279 502
280 325
280 445
280 472
280 473
280 549
282 333
282 344
282 382
282 526
283 323
283 359
283 553
284 372
284 378
284 530
285 295
285 539
286 400
286 404
286 497
287 427
287 440
287 457
287 550
288 296
288 322
288 342
288 355
288 390
288 393
288 443
288 446
289 298
289 318
289 401
290 447
290 456
291 300
291 308
291 321
291 359
291 466
291 475
291 476
291 487
292 294
292 435
292 440
293 505
293 551
295 361
295 394
295 441
295 539
296 322
296 342
296 383
296 390
296 443
296 510
296 530
297 486
297 547
299 335
299 497
299 555
300 321
300 448
300 453
300 531
301 308
301 338
301 542
302 439
302 463
302 519
303 432
304 339
304 443
304 446
304 500
306 504
306 539
306 551
307 406
307 443
307 500
308 336
308 409
308 538
308 542
308 554
308 561
309 405
309 414
309 553
310 422
311 545
312 335
312 450
312 470
312 519
313 424
314 364
314 474
314 555
315 393
315 511
316 395
316 469
316 533
317 356
317 405
317 522
317 536
318 416
319 329
319 344
319 348
319 382
319 518
319 535
319 544
320 394
321 336
321 475
321 477
321 561
322 342
322 390
322 443
322 446
322 515
322 541
323 336
323 338
323 409
323 487
323 488
324 383
324 429
324 537
324 539
325 422
325 445
327 434
327 447
327 456
327 558
328 434
329 348
329 382
329 482
329 526
330 355
330 392
330 452
330 454
330 491
331 347
331 471
331 484
331 490
331 502
331 540
331 542
332 359
332 374
332 409
332 488
332 516
332 542
332 561
333 382
333 535
334 449
334 559
335 357
335 474
335 541
336 338
336 403
336 532
336 561
337 370
337 490
337 540
338 403
338 409
338 487
338 561
339 390
339 404
339 406
340 502
340 521
342 510
343 460
343 462
343 516
344 366
344 391
344 438
345 347
345 394
345 539
346 433
346 456
346 548
347 371
347 403
347 538
348 382
348 391
348 535
349 378
349 470
349 555
351 398
351 468
353 412
355 476
356 405
356 416
356 536
357 463
357 497
358 380
358 429
358 499
358 537
358 549
359 475
360 378
360 404
360 470
361 369
361 394
361 395
361 431
361 493
362 457
362 492
362 550
363 369
363 493
366 373
366 534
367 385
367 419
367 462
369 394
369 395
369 469
371 388
371 403
371 466
371 524
371 538
372 446
372 555
373 449
373 453
373 523
373 534
373 556
376 414
376 422
376 430
376 495
376 513
376 521
376 557
378 407
378 474
378 530
379 461
379 491
379 534
380 552
381 504
382 417
382 482
382 526
382 560
383 437
384 416
385 419
385 492
385 546
386 431
388 466
388 562
389 427
389 486
389 506
389 527
390 404
390 406
390 439
390 443
390 446
390 463
390 515
390 541
391 433
391 481
391 485
391 556
392 453
393 511
395 431
397 518
397 535
399 438
399 534
399 556
400 439
400 474
400 519
401 538
402 468
403 412
403 501
403 538
403 553
404 407
404 515
405 414
405 416
405 426
405 444
405 522
406 502
409 476
409 487
409 561
410 516
411 469
411 551
413 432
414 495
414 524
416 522
417 421
418 483
419 447
419 546
420 492
421 508
421 543
421 556
421 560
422 476
423 442
424 448
424 453
426 444
427 506
428 442
429 502
429 552
430 476
430 499
430 513
430 552
431 493
431 539
432 494
433 447
434 447
434 456
434 558
435 440
436 476
436 501
436 538
438 479
438 485
439 541
440 457
440 550
443 463
443 515
445 455
445 473
445 476
445 499
445 503
446 519
447 456
447 478
447 558
448 453
449 559
449 560
450 500
451 476
451 480
451 487
451 489
451 499
451 502
451 541
452 461
452 514
453 469
453 531
453 534
453 539
453 559
454 461
455 551
457 462
457 545
457 550
458 459
460 489
461 491
462 516
463 497
464 537
464 549
464 552
465 517
466 498
466 538
467 480
467 527
467 539
468 492
469 505
471 472
471 484
471 488
471 540
471 542
472 473
473 476
473 499
474 530
475 487
475 488
476 513
476 519
476 561
477 507
479 485
479 535
481 556
484 488
484 540
484 542
485 535
487 488
487 561
488 540
489 506
490 540
491 493
495 502
498 522
500 530
501 538
502 503
502 517
503 537
507 544
508 543
515 530
516 550
518 535
519 530
526 544
526 560
527 542
530 541
532 562
533 539
537 549
540 542
553 562
