#num-nodes
946
#num-links
4022
#links
0 55
0 147
0 351
0 437
0 519
0 759
0 791
0 799
0 808
1 126
1 143
1 208
1 366
1 409
1 423
1 592
1 625
1 666
1 785
1 942
2 36
2 128
2 170
2 221
2 492
2 530
2 626
2 665
2 857
2 900
2 915
3 126
3 148
3 208
3 298
3 306
3 366
3 646
3 785
3 796
3 911
4 122
4 167
4 210
4 233
4 373
4 548
4 550
4 768
5 36
5 95
5 347
5 396
5 766
5 768
5 795
6 107
6 198
6 225
6 244
6 339
6 488
6 554
6 602
6 687
6 873
7 24
7 123
7 201
7 289
7 389
7 453
7 794
7 825
7 843
7 846
7 945
8 136
8 253
8 731
8 763
9 57
9 838
10 62
10 458
10 505
10 555
10 588
10 688
10 718
10 791
11 92
11 117
11 184
11 192
11 197
11 235
11 237
11 242
11 282
11 385
11 450
11 455
11 555
11 636
11 712
11 719
11 835
11 928
12 67
12 111
12 164
12 175
12 200
12 209
12 254
12 312
12 407
12 910
13 56
13 125
13 178
13 236
13 382
13 390
13 478
13 609
13 649
13 731
13 810
13 838
14 68
14 159
14 202
14 217
14 237
14 242
14 602
14 801
14 929
15 22
15 135
15 150
15 346
15 407
15 639
15 704
15 721
15 722
15 771
15 810
15 824
15 871
16 64
16 92
16 103
16 112
16 199
16 245
16 396
16 432
16 444
16 548
16 732
16 743
16 853
17 28
17 319
17 597
17 737
17 842
18 159
18 212
18 335
18 490
18 517
18 543
18 602
18 620
18 934
19 177
19 231
19 342
19 509
19 534
20 58
20 178
20 254
20 298
20 455
20 482
20 523
20 530
20 572
20 664
20 680
20 706
20 731
20 876
20 919
21 75
21 92
21 112
21 146
21 369
21 399
21 406
21 442
21 521
21 539
21 582
21 636
21 726
21 897
22 437
22 557
22 576
22 632
22 672
22 744
22 759
22 802
23 50
23 105
23 196
23 213
23 391
23 393
23 477
23 578
23 781
23 786
23 821
23 892
24 103
24 113
24 172
24 604
24 937
25 215
25 254
25 869
25 907
26 63
26 397
26 474
26 520
26 527
26 639
26 677
26 756
26 824
26 826
26 827
26 932
27 154
27 306
27 938
28 216
28 319
28 561
28 574
28 597
28 691
28 725
28 744
28 842
29 63
29 404
29 639
29 759
30 121
30 124
30 197
30 320
30 371
30 428
30 640
30 673
30 706
30 713
30 896
30 920
30 925
31 240
31 250
31 502
31 508
31 528
31 590
31 593
31 651
31 689
32 752
32 774
33 61
33 288
33 369
33 371
33 406
33 428
33 497
33 651
33 745
33 795
33 830
33 896
33 897
33 901
33 925
34 56
34 125
34 136
34 227
34 407
34 432
34 577
34 654
35 57
35 72
35 147
35 329
35 332
35 788
35 801
35 880
36 41
36 94
36 103
36 115
36 215
36 227
36 244
36 267
36 339
36 395
36 480
36 500
36 515
36 569
36 610
36 640
36 708
36 910
36 944
37 319
37 340
37 387
37 449
37 597
37 606
37 744
37 895
38 64
38 95
38 265
38 813
38 876
39 158
39 160
39 208
39 293
39 349
39 421
39 643
39 776
39 866
39 879
39 906
39 937
39 943
40 219
40 504
40 632
40 759
41 117
41 199
41 235
41 278
41 395
41 412
41 515
41 551
42 107
42 128
42 198
42 217
42 226
42 294
42 372
42 416
42 620
42 626
42 681
42 749
42 783
42 877
43 255
43 295
43 401
43 412
43 587
43 721
43 748
43 749
43 909
44 940
45 145
45 173
45 217
45 294
45 365
45 733
45 790
45 850
45 929
45 944
46 128
46 172
46 201
46 235
46 309
46 317
46 388
46 432
46 489
46 533
46 540
46 617
46 640
46 804
46 859
46 869
46 928
47 50
47 59
47 204
47 445
47 633
47 789
47 816
47 841
47 864
47 870
48 815
48 913
49 71
49 74
49 191
49 260
49 303
49 587
49 748
49 774
49 844
49 895
50 261
50 269
50 416
50 490
50 570
50 892
51 162
51 446
51 486
51 498
51 765
51 904
52 109
52 168
52 242
52 325
52 373
52 381
52 409
52 550
52 778
52 856
52 887
53 70
53 92
53 201
53 444
53 698
53 790
53 797
53 844
53 907
54 258
54 451
54 647
54 883
54 893
55 149
55 222
55 334
55 445
55 891
56 125
56 236
56 390
56 471
56 627
56 810
57 78
57 164
57 172
57 220
57 272
57 329
57 331
57 332
57 375
57 388
57 573
57 578
57 579
57 691
57 725
57 740
57 818
58 69
58 309
58 315
58 317
58 336
58 365
58 455
58 482
58 577
58 599
58 664
58 876
58 907
58 912
58 919
59 169
59 184
59 246
59 398
59 508
59 815
59 865
60 367
60 799
61 75
61 167
61 325
61 362
61 389
61 503
61 614
61 743
62 170
62 180
62 267
62 431
62 470
62 502
62 505
62 555
62 588
62 622
62 688
63 397
63 445
63 527
63 601
63 639
63 677
63 932
64 65
64 92
64 95
64 167
64 347
64 399
64 464
64 550
64 613
64 795
65 156
65 249
65 435
65 480
65 613
65 649
65 788
65 796
65 823
65 883
65 944
66 192
66 237
66 239
66 253
66 254
66 439
66 627
66 840
67 69
67 120
67 209
67 211
67 581
67 649
67 808
67 834
68 106
68 145
68 249
68 294
68 323
68 339
68 361
68 380
68 422
68 438
68 510
68 554
69 155
69 315
69 317
69 455
69 476
69 480
69 599
69 664
69 709
69 834
69 919
70 124
70 129
70 134
70 155
70 267
70 406
70 476
70 480
70 610
70 673
70 698
70 808
70 859
71 74
71 139
71 247
71 260
71 303
71 748
71 774
71 792
72 147
72 329
72 376
72 417
72 568
72 730
72 752
72 831
72 886
72 906
72 923
73 105
73 113
73 227
73 286
73 411
73 424
73 511
73 582
73 590
73 662
73 668
73 689
73 699
73 716
73 779
73 815
74 219
74 257
74 263
74 291
74 360
74 506
74 562
74 578
74 596
74 642
74 688
75 369
75 389
75 503
75 601
75 614
75 644
75 690
75 855
75 925
75 945
76 80
76 84
76 308
76 376
76 758
76 828
77 82
77 172
77 266
77 348
77 476
77 532
77 633
77 724
77 935
78 172
78 379
78 818
79 833
80 376
80 401
80 856
81 170
81 173
81 403
81 461
81 594
81 618
81 687
81 873
82 194
82 348
82 476
82 515
82 633
82 736
82 739
82 747
83 105
83 467
83 815
83 835
83 881
83 887
83 891
83 894
83 908
84 842
85 161
85 567
86 192
86 381
86 479
86 733
87 95
87 140
87 192
87 235
87 373
87 539
87 640
87 699
87 795
88 293
88 567
89 204
89 207
89 455
89 632
89 759
89 791
89 900
90 345
90 387
90 495
90 601
90 744
91 179
91 189
91 840
92 103
92 112
92 189
92 215
92 278
92 290
92 314
92 331
92 369
92 385
92 395
92 415
92 548
92 743
92 766
92 775
92 853
93 127
93 521
94 97
94 156
94 211
94 244
94 304
94 372
94 426
94 480
94 608
94 772
94 807
94 839
95 114
95 347
95 464
95 795
96 97
96 165
96 173
96 368
96 488
96 733
96 735
97 101
97 113
97 170
97 457
97 620
97 677
97 687
97 807
98 140
98 261
98 393
98 651
98 759
98 786
98 819
98 854
99 160
99 196
99 297
99 332
99 337
99 345
99 355
99 618
99 628
99 679
99 761
99 778
99 781
99 786
100 253
100 346
100 639
100 722
101 145
101 173
101 679
101 687
101 873
101 901
102 196
102 457
102 675
102 827
103 112
103 290
103 326
103 743
103 766
103 768
104 350
104 421
104 586
104 865
105 107
105 239
105 286
105 541
105 568
105 777
105 815
105 826
106 108
106 157
106 181
106 414
106 454
106 531
106 533
106 665
106 884
106 918
107 353
107 454
107 626
107 679
107 687
107 827
107 851
107 934
108 242
108 297
108 473
108 475
108 647
108 684
108 883
108 918
109 112
109 115
109 125
109 143
109 194
109 324
109 491
109 734
109 805
110 128
110 199
110 415
110 494
110 561
110 727
110 821
110 857
111 150
111 189
111 193
111 210
111 324
111 365
111 507
111 569
111 658
111 674
111 820
111 840
112 290
112 402
112 415
112 444
112 555
112 605
112 619
112 745
112 766
112 772
112 776
112 843
112 853
113 184
113 281
113 333
113 358
113 486
113 511
113 557
113 590
113 632
113 668
113 677
113 685
113 726
114 267
114 406
114 502
114 539
114 555
114 831
114 940
115 125
115 136
115 315
115 324
115 482
115 592
115 726
115 900
116 122
116 123
116 506
117 237
117 278
117 282
117 302
117 395
117 430
117 444
117 636
118 205
118 331
118 746
119 123
119 162
119 281
119 297
119 302
119 355
119 360
119 421
119 481
119 513
120 129
120 137
120 209
120 298
120 307
120 322
120 380
120 472
120 581
120 619
120 796
120 869
121 159
121 252
121 427
121 428
121 444
121 559
121 920
122 385
122 465
122 566
122 741
122 825
123 370
123 379
123 542
123 741
123 927
124 134
124 155
124 322
124 444
124 610
124 623
124 698
124 797
124 859
124 928
125 136
125 151
125 236
125 315
125 317
125 324
125 367
125 390
125 423
125 471
125 512
125 599
125 609
125 726
125 810
125 942
126 148
126 366
126 489
126 530
126 534
126 609
126 646
126 907
127 259
127 521
128 156
128 170
128 217
128 226
128 244
128 304
128 365
128 372
128 434
128 602
128 608
128 620
128 681
128 747
128 839
128 944
129 254
129 406
129 415
129 432
129 548
129 581
129 673
129 723
129 745
129 853
129 899
129 910
130 367
130 371
130 381
130 385
130 449
130 636
130 651
130 815
130 927
131 218
131 808
132 164
132 167
132 217
132 290
132 324
132 336
132 367
132 512
132 525
132 581
132 627
132 674
132 678
132 780
132 853
132 936
133 521
133 707
133 797
134 194
134 267
134 440
134 467
134 494
134 577
134 604
134 608
134 610
134 623
134 673
134 698
134 724
134 797
134 928
135 138
135 189
135 200
135 343
135 442
135 493
135 552
135 714
135 771
135 871
136 315
136 409
136 472
136 627
136 659
136 796
137 227
137 246
137 298
137 317
137 365
137 472
137 489
137 589
137 619
137 708
137 834
137 899
138 215
138 239
138 305
138 398
138 507
138 599
138 861
139 251
139 338
139 398
139 400
139 798
140 242
140 329
140 396
140 400
140 453
140 470
140 487
140 617
140 623
140 644
140 746
140 754
140 787
140 941
141 525
142 145
142 219
142 225
142 328
142 434
142 788
142 862
142 879
142 880
143 146
143 229
143 409
143 423
143 442
143 476
143 547
143 552
143 625
143 666
143 753
143 943
144 767
145 211
145 372
145 413
145 612
145 620
145 699
145 862
145 884
145 921
146 442
146 515
146 547
146 607
146 654
146 753
146 805
146 856
146 876
147 379
147 437
147 519
147 802
147 844
147 886
148 208
148 307
148 366
148 396
149 389
150 407
150 491
150 525
150 537
150 780
150 810
150 840
150 871
151 164
151 189
151 218
151 274
151 367
151 501
151 512
151 780
151 785
152 326
152 341
152 371
152 428
152 469
152 487
152 795
152 802
152 825
153 175
154 346
154 563
154 598
154 722
154 849
155 315
155 317
155 476
155 654
155 698
155 723
155 724
155 755
155 816
155 870
155 874
156 217
156 221
156 244
156 339
156 372
156 480
156 921
157 304
157 411
157 531
157 549
157 600
157 608
157 665
157 727
157 788
157 850
157 930
158 161
158 170
158 231
158 243
158 313
158 416
158 531
158 583
158 643
158 647
158 665
158 727
158 821
158 883
158 906
158 930
158 937
159 160
159 181
159 208
159 422
159 469
159 475
159 543
159 575
159 591
159 602
159 613
159 628
159 657
159 918
159 929
160 206
160 279
160 323
160 380
160 543
160 585
160 620
160 634
160 665
160 742
160 889
161 272
161 299
161 567
161 638
161 906
161 937
162 184
162 271
162 281
162 300
162 408
162 446
162 544
162 639
162 736
162 784
162 881
162 926
163 345
163 418
163 514
163 594
163 744
163 927
164 189
164 674
164 805
165 356
165 733
165 735
166 603
166 928
167 189
167 290
167 550
167 780
167 787
167 840
168 325
168 527
168 644
168 937
168 945
169 180
169 359
169 384
169 748
169 792
170 180
170 208
170 217
170 232
170 304
170 372
170 461
170 530
170 772
170 944
171 242
171 352
171 789
171 891
172 440
172 530
172 566
172 857
172 921
173 226
173 294
173 454
173 583
173 591
173 733
173 740
173 833
173 873
173 889
174 179
174 280
174 503
174 793
174 803
174 849
175 462
176 257
176 298
177 338
177 364
177 906
177 932
178 179
178 197
178 236
178 455
178 680
178 718
178 731
178 763
178 810
178 838
179 197
179 455
179 507
179 674
179 763
179 840
179 877
179 907
180 245
180 359
180 419
180 938
181 225
181 244
181 258
181 277
181 281
181 451
181 602
181 687
181 814
181 918
181 943
184 253
184 264
184 276
184 316
184 544
185 529
185 757
188 266
188 281
188 546
188 568
188 663
188 759
189 200
189 290
189 312
189 537
189 658
189 674
189 840
190 293
190 294
190 297
190 380
190 391
190 475
190 585
190 631
190 641
190 657
190 665
190 681
190 753
190 850
190 906
191 318
192 237
192 381
192 385
192 487
192 690
192 745
193 277
193 393
193 416
193 721
193 740
193 761
193 798
193 840
193 941
194 409
194 442
194 491
194 577
194 734
194 797
194 810
194 928
195 210
195 218
195 286
195 302
195 581
195 619
195 646
195 685
195 796
195 866
196 215
196 301
196 354
196 405
196 483
196 546
197 199
197 254
197 309
197 478
197 537
197 552
197 718
198 353
198 380
198 396
198 413
198 488
198 631
198 641
198 677
198 783
198 827
198 851
199 210
199 229
199 245
199 415
199 444
199 494
199 548
199 723
199 823
200 222
200 305
200 407
200 493
200 674
200 780
200 840
201 252
201 386
201 388
202 247
202 249
202 413
202 426
202 489
202 600
202 602
202 640
202 788
202 807
202 823
202 866
202 884
202 922
203 629
204 207
204 289
204 633
204 759
204 841
204 864
205 355
205 468
205 479
205 539
205 585
205 613
206 252
206 334
207 565
207 572
207 841
207 864
208 283
208 287
208 307
208 322
208 368
208 507
208 530
208 563
208 785
208 876
208 877
209 227
209 298
209 505
209 569
209 708
209 808
209 834
210 211
210 218
210 229
210 307
210 322
210 423
210 518
210 599
210 619
210 747
210 804
210 944
211 261
211 304
211 600
211 727
211 788
211 821
211 884
212 535
212 536
212 585
212 620
212 857
213 469
213 573
215 476
215 515
215 548
215 646
215 928
216 345
216 387
216 596
216 679
216 744
216 842
217 221
217 226
217 244
217 294
217 304
217 322
217 372
217 434
217 488
217 490
217 602
217 605
217 839
217 862
218 239
218 245
218 278
218 297
218 395
218 472
218 496
218 592
218 599
218 685
218 736
219 257
219 291
219 353
219 410
219 479
219 562
219 618
219 624
219 648
219 759
219 828
220 755
220 774
221 226
221 578
221 580
221 602
221 626
221 918
222 245
222 246
222 312
222 444
222 482
222 507
222 530
222 537
222 622
222 678
222 706
222 777
222 789
222 807
222 868
223 889
224 412
224 413
224 438
224 454
224 522
224 612
224 687
224 783
224 873
225 435
225 451
225 454
225 469
225 516
225 543
225 554
225 575
225 687
225 788
225 873
225 884
226 273
226 302
226 322
226 328
226 372
226 477
226 620
226 749
226 921
226 929
227 298
227 382
227 569
227 709
227 834
227 913
228 360
228 370
228 521
228 557
228 710
228 827
228 828
228 867
229 423
229 442
229 466
229 552
229 577
229 592
229 625
229 654
229 790
230 232
230 256
230 303
230 323
230 368
230 510
230 740
230 749
230 827
231 317
231 641
231 800
232 323
232 416
232 442
232 570
232 869
233 311
233 313
233 388
233 550
233 643
233 719
233 800
233 831
234 278
234 288
234 314
234 428
234 515
234 617
234 659
234 746
234 800
234 901
234 910
234 920
234 925
235 237
235 242
235 282
235 302
235 363
235 539
235 544
235 636
235 640
235 673
235 872
236 315
236 390
236 478
236 609
236 680
236 731
236 763
236 838
236 840
237 264
237 305
237 430
237 444
237 540
237 880
238 465
238 521
239 419
239 439
239 507
239 589
239 739
239 777
239 899
239 905
240 465
240 741
241 377
241 715
241 782
242 253
242 373
242 381
242 699
242 704
242 750
242 853
243 311
243 313
243 349
243 386
243 788
243 875
243 884
244 249
244 304
244 353
244 372
244 421
244 522
244 543
244 591
244 602
244 608
244 631
244 687
244 772
244 788
244 839
244 869
244 934
244 944
245 246
245 286
245 359
245 395
245 419
245 706
245 938
246 415
246 491
246 541
246 589
246 592
246 625
246 654
246 698
246 777
246 834
246 939
247 378
247 413
247 426
247 435
247 454
247 457
247 461
247 513
247 522
247 575
247 772
247 788
247 922
248 320
248 491
248 544
248 712
248 829
248 871
249 294
249 305
249 517
249 542
249 591
249 723
249 750
249 772
249 807
249 823
250 716
250 831
250 866
251 338
251 502
251 812
252 386
252 388
252 647
252 669
252 723
252 780
252 915
253 264
253 271
253 288
253 305
253 346
253 627
253 668
253 709
253 771
254 309
254 588
254 726
254 840
254 869
254 891
255 295
255 353
255 401
255 412
255 587
255 721
255 742
255 909
257 588
257 688
257 804
258 451
258 473
258 647
258 729
258 918
259 264
259 320
259 364
259 450
259 529
259 540
259 557
259 754
260 477
260 587
260 748
260 828
260 832
261 304
261 355
261 427
261 490
261 600
261 782
261 786
262 375
262 452
262 660
262 835
263 371
263 404
263 605
263 614
263 655
263 694
263 825
263 896
263 901
263 925
264 316
264 450
264 540
264 557
264 771
265 500
266 284
266 663
267 278
267 314
267 395
267 480
267 551
267 610
267 939
268 276
268 470
268 825
269 392
269 578
269 742
269 906
270 508
270 655
270 901
271 281
271 627
272 299
272 375
272 388
272 567
272 578
272 720
272 812
272 835
273 328
273 477
274 367
274 471
274 512
274 569
274 891
274 907
274 942
276 390
276 415
276 485
276 508
276 651
276 655
276 890
277 330
277 337
277 372
277 418
277 594
277 679
277 740
277 822
277 901
278 302
278 442
278 496
278 515
278 539
278 548
278 551
278 577
278 592
278 685
278 942
279 391
279 634
279 641
280 337
280 418
280 503
280 594
280 682
280 745
280 793
280 846
280 890
280 941
281 282
281 446
281 450
281 485
281 544
281 662
281 881
282 289
282 297
282 298
282 453
282 474
282 493
282 527
282 673
282 945
283 302
283 869
283 875
284 311
284 481
284 663
284 683
285 593
285 915
286 481
286 541
286 660
286 662
286 698
286 756
287 675
287 752
287 869
287 876
288 314
288 371
288 373
288 428
288 497
288 651
288 830
288 901
288 925
289 453
289 493
289 527
289 690
289 945
290 690
290 745
290 766
290 840
290 925
291 353
291 648
291 688
291 827
292 376
292 758
292 782
292 889
293 313
293 391
293 634
293 880
293 884
294 323
294 380
294 406
294 492
294 510
294 615
294 634
294 681
294 790
294 804
294 814
294 850
295 456
295 457
295 587
295 721
295 909
296 425
297 355
297 438
297 676
297 742
298 300
298 302
298 455
298 505
298 544
298 551
298 581
298 607
298 615
298 619
298 709
298 796
298 834
299 303
299 401
299 565
299 638
299 653
299 710
299 741
299 774
299 812
300 505
300 544
300 881
300 891
300 908
301 546
301 607
302 395
302 446
302 541
302 685
303 401
303 676
303 792
303 863
304 434
304 522
304 549
304 839
304 930
305 348
305 359
305 450
305 646
305 746
306 382
306 439
306 738
306 784
307 317
307 342
307 472
307 541
307 581
307 619
307 646
307 685
307 708
307 747
307 777
307 796
307 869
307 911
308 330
308 364
308 384
308 529
308 556
308 650
308 746
308 779
308 828
309 317
309 480
309 482
309 635
309 723
309 726
309 899
309 907
311 313
311 342
311 402
311 676
311 739
312 478
312 537
312 658
312 800
313 349
314 617
314 682
314 779
314 862
314 908
315 324
315 390
315 423
315 455
315 478
315 599
315 609
315 646
315 664
315 726
315 919
315 942
316 386
316 487
316 714
316 719
317 402
317 480
317 599
317 664
317 726
317 899
317 931
319 387
319 449
319 455
319 597
319 678
319 744
319 842
320 323
320 367
320 487
320 639
320 789
320 815
320 868
320 871
320 896
321 328
321 361
321 421
321 473
322 489
322 517
322 581
322 645
322 814
322 880
323 339
323 380
323 416
323 510
323 750
323 760
323 790
323 869
324 622
324 666
324 726
324 753
324 900
325 563
325 707
325 809
326 346
326 439
327 596
327 618
328 513
328 716
328 720
329 400
329 886
330 441
330 711
331 388
331 389
331 605
331 647
331 789
331 936
332 400
332 517
332 705
332 886
333 383
333 504
333 764
334 891
335 421
335 522
335 549
335 585
335 643
335 850
335 930
336 367
336 838
336 852
336 876
337 418
337 453
337 594
337 682
337 793
337 798
337 941
338 341
338 532
338 812
338 837
339 380
339 413
339 435
339 554
339 585
339 591
339 687
339 796
339 873
339 877
339 934
340 343
340 449
340 495
340 629
340 721
340 744
340 755
340 842
340 896
340 901
341 812
341 825
341 867
342 402
342 489
342 619
342 695
342 775
342 931
343 493
343 527
343 580
343 639
343 678
343 755
343 781
343 891
343 896
344 411
344 428
344 590
344 670
344 896
344 897
344 927
345 360
345 387
345 744
346 627
346 704
346 705
346 722
346 771
346 824
347 363
347 464
347 768
347 795
348 476
348 528
348 636
348 683
348 724
348 739
348 866
348 915
349 434
349 533
349 631
349 717
349 823
349 936
349 937
350 421
350 477
350 506
350 571
350 827
350 865
351 352
351 505
351 519
351 574
351 780
352 550
352 868
352 880
352 891
352 908
353 454
353 506
353 583
353 827
354 847
355 395
355 479
355 549
355 585
355 677
355 767
355 930
356 572
357 694
358 741
359 419
359 796
359 938
360 562
361 380
361 391
361 554
361 634
361 635
361 641
361 684
361 742
361 824
361 896
361 925
363 415
363 640
363 673
363 719
363 743
363 797
364 377
364 430
364 432
364 529
364 556
364 882
364 941
365 372
365 466
365 489
365 518
365 531
365 790
365 807
365 814
365 821
365 857
366 534
366 546
366 785
366 900
367 482
367 512
367 680
367 907
367 942
368 827
369 371
369 406
369 428
369 539
369 651
369 655
369 670
369 896
369 897
369 901
369 920
369 925
370 411
370 925
370 927
371 373
371 397
371 411
371 428
371 497
371 670
371 830
371 896
371 901
371 925
371 927
372 422
372 510
372 591
372 602
372 608
372 620
372 681
372 807
372 921
373 550
373 722
373 771
373 896
373 920
373 925
374 690
375 385
375 433
375 465
375 573
375 579
375 691
375 696
375 725
375 758
375 806
376 758
376 775
377 495
377 529
377 715
377 782
378 575
379 587
379 730
379 755
379 758
379 891
380 391
380 438
380 510
380 634
380 641
380 645
380 804
380 827
381 385
381 412
381 503
381 562
381 605
381 745
381 829
382 478
382 491
382 500
382 541
382 547
382 797
382 905
383 817
384 401
384 486
384 504
384 737
384 767
385 636
385 683
385 815
385 870
386 517
386 585
386 657
386 866
387 447
387 449
387 744
387 842
387 914
388 502
388 559
388 669
388 724
389 574
389 582
389 732
389 749
389 764
389 945
390 478
390 609
390 654
390 678
390 810
390 838
391 438
391 634
391 635
391 641
391 644
391 657
392 488
392 635
392 906
393 560
393 628
393 631
393 655
393 769
393 798
394 487
394 588
394 804
395 398
395 428
395 486
395 496
395 515
395 539
395 592
395 615
395 777
395 922
395 939
396 444
396 644
396 673
396 719
396 747
396 766
396 768
396 801
396 808
397 474
397 527
397 590
397 639
397 677
397 771
397 826
397 827
398 419
398 439
398 589
398 777
398 938
399 427
399 659
399 699
399 776
399 803
399 897
399 916
401 540
401 557
401 587
401 676
401 710
401 774
401 792
402 541
402 695
402 869
402 874
404 493
404 614
404 686
404 824
404 868
405 436
405 628
405 638
405 720
406 444
406 555
406 610
406 795
406 804
406 810
406 910
407 525
407 577
407 734
407 763
407 840
407 871
409 442
409 496
409 507
409 547
409 577
409 592
409 780
409 829
409 840
410 438
410 469
410 909
411 511
411 651
411 764
411 921
411 927
412 807
413 426
413 554
413 583
413 783
413 807
413 884
414 451
414 729
414 889
415 432
415 444
415 494
415 515
415 673
415 747
415 766
415 853
416 602
416 657
416 740
416 798
416 941
418 594
418 941
419 589
419 938
421 422
421 571
421 934
422 426
422 438
422 488
422 612
422 633
422 657
422 684
422 801
422 839
422 879
423 552
423 625
423 654
423 678
424 428
424 511
424 651
424 655
424 689
424 815
424 894
424 904
424 920
424 925
425 908
426 435
426 510
426 562
426 687
426 788
426 807
426 823
426 839
426 884
426 922
427 428
427 539
427 786
427 890
428 497
428 539
428 548
428 716
428 745
428 896
428 920
428 925
429 693
430 444
430 556
430 640
430 677
430 732
430 825
430 882
430 932
431 537
431 881
432 461
432 494
432 640
432 853
433 517
433 875
433 893
434 531
434 533
434 549
434 570
434 717
434 788
435 516
435 562
435 575
435 740
435 814
435 873
435 884
436 638
436 720
436 797
436 943
437 519
437 521
437 707
437 799
437 802
438 561
438 578
438 598
438 634
438 684
438 742
439 491
439 589
440 465
440 797
441 586
442 491
442 496
442 515
442 551
442 552
442 577
442 625
442 654
442 734
442 736
442 753
442 856
443 563
444 530
444 673
444 724
444 732
444 853
444 915
445 499
445 749
446 544
447 914
448 519
448 697
448 741
448 881
448 894
448 945
449 597
449 744
449 842
450 528
450 540
450 738
450 756
451 473
451 602
451 647
452 542
452 801
453 493
453 527
453 541
453 614
453 660
453 677
453 690
453 926
453 941
454 583
454 733
454 760
454 833
454 873
455 482
455 552
455 664
455 680
455 840
455 842
455 919
456 827
456 909
457 459
457 733
457 748
457 873
457 921
458 470
458 502
458 622
460 650
460 661
460 711
460 728
460 779
461 516
461 750
461 788
461 922
461 943
461 944
462 505
463 466
463 528
463 654
463 709
463 747
463 807
463 887
463 909
463 911
465 653
465 696
465 902
465 924
466 489
466 518
466 591
466 640
466 676
466 681
466 790
466 807
466 821
466 839
466 893
467 505
467 509
467 540
467 800
467 804
467 810
467 866
467 880
467 903
468 479
468 748
468 788
469 488
469 489
469 862
469 886
470 487
470 882
471 569
471 785
472 685
472 708
472 785
472 796
473 475
473 790
473 827
474 493
474 527
474 538
474 590
474 614
474 639
474 677
474 824
474 826
474 827
475 479
475 585
475 814
475 877
476 489
476 747
476 874
477 850
477 879
477 919
478 607
478 734
478 868
478 917
479 585
479 833
480 518
480 808
480 866
480 910
481 738
481 930
482 512
482 530
482 646
482 664
482 680
482 910
483 530
483 549
483 902
483 930
484 580
484 702
484 783
484 937
485 668
485 926
486 504
486 598
486 769
486 881
486 926
487 489
487 632
487 640
487 759
487 787
488 580
488 587
488 612
488 631
488 879
489 533
489 640
489 669
489 727
489 859
490 517
490 522
490 587
490 748
490 786
490 836
490 934
491 633
491 829
492 612
492 781
492 862
493 527
493 614
493 781
493 871
494 610
494 673
494 723
494 910
494 928
495 668
495 670
495 715
495 782
496 592
496 625
496 654
496 736
496 939
497 855
497 925
498 713
498 765
498 904
499 508
499 527
499 538
499 677
499 756
500 569
500 808
500 876
501 645
501 712
501 732
502 555
502 812
502 940
503 614
503 690
503 745
503 803
503 855
504 669
504 755
504 764
505 555
505 588
505 598
505 882
506 652
507 666
507 706
507 875
507 900
508 651
508 655
508 689
508 775
508 815
509 532
510 512
510 542
510 749
510 804
510 839
510 869
511 651
511 689
511 775
512 589
512 907
513 602
513 608
513 703
513 748
513 798
515 547
515 551
515 577
515 853
515 910
516 575
516 618
517 586
517 906
518 620
518 785
518 790
518 807
518 907
518 912
519 799
519 945
520 574
520 639
520 677
520 690
520 756
520 882
521 802
522 560
522 712
522 742
522 750
522 798
522 862
522 880
524 760
525 537
525 622
525 712
525 780
526 689
526 716
527 538
527 677
527 824
527 827
527 877
527 941
527 945
528 695
528 709
528 747
528 887
528 905
528 911
529 556
529 603
529 697
530 549
530 673
530 724
530 747
530 900
531 533
531 549
531 665
531 717
531 727
531 850
531 857
531 930
532 667
532 847
533 549
533 575
533 631
533 703
533 874
533 877
533 900
537 585
537 657
537 658
537 673
537 905
538 594
538 677
538 682
538 690
538 787
538 824
538 827
538 873
539 640
539 651
539 715
539 920
540 557
540 572
540 639
540 645
540 764
540 864
541 698
541 706
541 756
541 758
541 790
541 869
542 546
542 644
542 669
542 835
542 880
543 591
543 723
544 677
544 771
544 784
544 796
544 880
544 881
546 785
546 831
546 935
547 577
547 753
547 876
548 550
549 584
549 585
549 620
549 658
549 724
549 893
549 930
549 931
550 699
551 563
551 753
551 808
551 939
552 840
553 621
553 793
553 819
554 615
554 742
554 807
554 873
554 943
555 588
555 766
556 603
556 617
556 882
557 576
557 587
557 656
557 759
557 932
558 932
558 941
559 696
560 628
560 740
560 798
560 836
561 675
561 875
562 750
562 839
563 699
563 762
563 897
565 572
565 861
567 669
567 774
568 638
568 737
568 774
568 923
569 708
569 808
569 834
569 911
570 631
571 865
572 633
572 680
572 841
572 864
573 672
573 676
573 691
573 725
573 806
573 888
574 672
574 888
576 603
576 656
576 811
577 610
577 625
577 734
577 829
577 939
578 580
578 624
578 828
578 865
579 672
579 691
579 725
579 806
579 888
580 583
580 655
580 705
580 732
580 749
580 781
580 786
580 827
580 828
580 901
581 619
581 796
581 899
582 815
582 908
583 615
583 637
583 742
583 781
583 873
583 895
584 647
584 931
584 935
585 772
585 833
585 841
585 930
587 748
587 749
587 909
588 627
588 678
588 688
588 759
588 791
588 825
588 841
589 708
589 777
589 869
590 662
590 826
590 904
591 635
591 797
591 807
591 850
591 934
592 625
592 654
592 666
592 900
592 939
593 617
594 697
594 715
594 782
594 941
595 667
597 744
597 842
597 895
599 919
600 684
600 821
600 883
601 660
601 673
601 755
602 613
602 772
602 783
602 788
602 922
603 694
603 811
603 903
603 926
604 698
604 719
604 747
604 797
604 804
604 928
605 614
605 794
605 825
605 843
605 846
605 890
606 809
606 891
607 609
608 681
608 772
608 788
608 839
608 893
608 944
609 838
610 616
610 673
610 747
610 797
610 859
612 615
612 879
613 772
613 788
613 790
613 884
614 690
614 745
614 843
614 855
615 771
615 788
615 795
616 747
616 804
616 861
616 887
617 694
617 794
617 851
617 882
617 891
618 624
618 628
618 761
619 646
619 708
619 785
619 796
619 808
619 834
619 866
619 899
619 931
620 790
620 807
620 850
620 857
621 642
621 781
621 798
621 819
622 632
622 654
622 862
623 719
623 797
623 812
623 905
623 928
624 628
624 676
624 732
624 761
625 654
626 657
626 783
627 706
627 709
627 771
627 780
627 826
627 942
628 637
628 643
628 761
628 781
630 751
631 740
631 788
631 884
632 734
632 759
632 764
632 871
633 794
633 829
633 841
633 864
634 641
634 657
634 742
636 640
636 834
636 861
637 679
637 735
637 761
637 869
638 720
639 658
639 677
639 678
639 694
639 756
639 945
642 672
642 744
643 727
643 742
643 850
643 908
644 715
644 854
645 712
645 732
645 784
646 664
646 796
646 834
646 876
646 907
646 931
647 665
647 909
647 930
647 936
649 810
650 661
650 711
650 728
650 779
651 655
651 668
651 670
651 689
651 815
651 819
651 830
651 896
651 897
651 901
651 925
651 941
652 735
652 760
652 781
652 783
652 851
652 889
652 943
653 811
654 872
655 710
655 740
655 815
655 901
657 740
658 734
659 715
659 925
660 835
660 908
661 779
662 668
664 876
664 919
664 931
665 788
665 883
665 884
665 895
665 918
665 930
666 780
666 907
668 670
668 689
668 815
669 866
670 896
670 901
670 925
670 927
672 791
672 863
673 684
673 685
673 747
674 868
676 793
677 756
677 771
677 824
677 826
677 932
678 825
678 842
679 682
679 735
679 740
680 686
680 810
680 838
680 907
680 942
681 772
681 807
681 814
681 921
681 944
682 793
683 870
683 923
684 857
685 736
685 808
686 868
688 936
689 716
689 885
690 745
691 696
691 725
691 806
691 888
694 843
697 798
697 941
698 797
699 746
699 762
703 874
703 880
704 722
704 856
704 868
704 871
705 732
705 885
705 886
706 736
706 756
706 824
708 808
708 899
708 931
709 834
709 911
709 913
710 792
710 836
711 728
711 735
711 779
711 863
712 732
714 731
715 764
715 782
715 854
715 890
716 815
717 922
717 937
718 791
718 917
718 940
719 797
719 844
719 905
721 771
721 781
722 728
723 823
723 884
724 797
724 874
724 915
724 935
725 806
725 888
726 805
727 821
727 857
728 779
730 752
730 886
731 734
731 810
731 838
733 735
733 749
733 827
734 829
736 739
736 777
736 820
736 866
736 939
736 945
737 792
739 777
739 820
739 866
740 798
741 797
741 861
742 909
743 766
743 768
743 795
744 842
745 794
745 843
746 747
747 804
747 852
747 911
748 792
749 827
749 877
749 879
750 807
750 823
752 886
753 805
753 834
753 940
755 856
756 824
756 826
758 774
759 828
759 841
760 783
760 873
763 768
763 770
763 780
763 907
763 943
764 927
764 936
765 881
765 894
766 768
766 853
767 915
768 795
768 843
769 796
770 905
771 880
772 776
772 788
772 807
772 857
772 884
772 918
772 944
774 792
774 828
776 839
776 862
776 880
776 925
777 796
777 869
777 899
780 871
780 891
781 786
782 890
784 881
785 907
787 793
788 807
788 839
788 850
788 884
788 893
788 918
789 791
789 805
789 868
790 807
790 814
791 841
791 860
791 891
794 799
794 825
794 843
794 846
794 923
795 844
797 844
797 905
797 928
798 941
799 802
799 808
799 892
799 945
801 834
801 835
801 880
801 909
801 929
804 866
806 888
807 821
807 893
807 922
807 944
808 834
810 838
810 840
810 880
810 885
811 880
814 879
814 906
815 920
816 841
816 870
821 857
823 883
823 944
824 826
825 843
825 846
825 882
827 851
827 873
828 867
829 841
829 864
830 846
830 896
830 901
830 925
831 912
834 849
834 866
834 899
834 919
835 849
835 908
841 864
841 871
843 846
844 916
846 941
847 887
848 867
850 857
850 883
850 944
851 862
852 860
855 890
855 897
856 924
856 943
857 900
857 921
857 930
862 879
865 896
865 901
869 876
869 895
869 931
879 880
880 885
880 893
881 894
881 908
881 926
883 918
884 893
884 918
886 934
887 911
890 897
890 925
891 894
894 908
896 897
896 925
897 901
897 925
901 925
904 938
905 911
905 928
907 936
912 942
920 925
925 927
927 937
929 944
