#num-nodes
71
#num-links
220
#links
0 35
0 36
0 51
1 19
1 26
1 32
1 44
1 45
1 56
1 58
1 61
1 68
2 5
2 28
2 33
2 39
4 7
4 13
4 37
4 43
5 18
5 25
5 39
5 46
6 12
6 14
6 20
6 23
6 32
6 41
6 64
7 8
7 13
7 17
7 22
7 34
7 37
7 42
7 43
7 59
8 22
8 35
8 36
8 48
8 49
8 59
8 64
8 66
9 26
9 55
9 63
9 68
10 15
10 20
10 69
11 53
12 14
12 28
12 30
12 50
13 17
13 29
13 37
13 42
13 43
14 15
14 23
14 32
14 64
15 20
15 21
15 23
15 30
15 41
15 50
15 64
17 29
17 35
17 37
17 43
17 59
18 25
18 39
18 46
19 20
19 26
19 32
19 45
19 55
19 58
19 63
19 68
20 21
20 23
20 50
21 64
22 27
22 34
22 35
22 36
22 48
22 59
22 66
23 50
24 33
24 47
24 53
24 57
24 60
24 65
25 28
25 33
25 46
25 53
25 59
26 44
26 45
26 55
26 68
26 69
27 31
27 59
28 33
28 40
28 47
28 53
28 57
28 60
28 69
29 38
29 42
29 43
29 49
29 53
30 32
30 33
30 41
30 50
30 57
30 60
30 65
31 33
31 42
31 59
32 45
32 50
32 56
32 58
32 61
32 63
32 68
33 42
33 47
33 50
33 52
33 53
33 57
33 60
33 65
34 37
34 39
34 49
34 51
34 59
34 67
35 36
35 41
35 48
35 49
35 59
35 66
36 59
37 42
37 59
37 67
38 44
38 54
39 40
39 46
39 55
39 65
40 52
41 50
41 64
42 43
42 53
42 54
44 55
44 68
45 55
45 58
45 63
45 68
47 57
47 60
47 65
48 49
48 66
50 51
50 57
50 60
50 63
50 65
51 62
51 65
51 67
51 70
52 53
52 60
53 60
57 60
57 65
58 68
60 64
60 65
62 67
63 68
65 67
65 70
67 70
