#num-nodes
1755
#num-links
4017
#links
0 582
2 248
2 789
2 944
3 337
3 995
4 140
4 152
4 686
6 676
7 274
7 451
7 898
10 158
10 248
10 473
10 525
10 547
11 59
12 665
12 792
12 1000
13 238
13 430
14 69
14 274
14 475
14 675
14 788
14 795
14 898
17 351
17 434
17 661
18 242
18 356
18 525
18 567
18 767
19 163
19 336
19 531
19 747
19 779
19 994
22 54
22 273
22 383
22 984
22 993
23 944
24 375
24 543
24 764
24 843
24 949
26 157
26 671
26 1002
26 1005
27 256
27 349
28 668
28 889
30 33
30 69
30 150
30 337
30 560
30 707
30 784
30 964
30 999
31 46
31 126
31 619
31 722
31 783
31 810
32 109
32 307
32 568
32 917
33 84
33 243
33 253
33 442
33 561
34 174
34 200
34 462
34 478
34 491
34 713
34 757
34 830
34 901
35 272
36 41
36 264
36 438
36 528
36 686
37 105
37 210
37 267
37 297
37 443
37 549
37 713
37 863
37 871
38 117
38 154
38 237
38 240
38 258
38 400
38 587
38 668
38 693
38 763
39 98
39 449
39 593
40 109
40 165
40 240
40 278
40 440
40 481
40 554
40 620
40 652
40 931
41 173
41 245
41 366
41 377
41 380
41 528
41 719
42 366
43 138
43 300
43 365
45 138
45 300
45 430
45 437
45 483
45 583
45 685
45 847
45 881
45 963
46 253
46 783
47 75
47 191
47 214
47 341
47 675
47 741
47 784
47 791
48 119
48 869
48 987
49 209
49 848
50 51
50 211
50 287
50 322
50 382
51 271
51 287
51 288
51 294
51 382
52 151
52 338
52 428
52 658
52 754
52 907
53 141
53 142
53 195
53 204
53 237
53 450
53 495
53 518
53 578
54 273
54 383
54 993
55 124
55 192
55 266
55 364
55 744
56 266
56 799
57 111
57 192
57 216
57 799
57 855
58 381
58 425
58 543
58 764
58 774
58 859
59 555
60 393
60 577
60 935
60 945
60 968
61 183
61 221
61 457
61 848
61 890
62 189
62 357
62 838
63 305
64 364
64 507
64 543
66 132
66 350
66 527
66 855
66 861
66 924
67 391
67 448
67 462
67 679
68 369
68 665
68 740
69 151
69 274
69 451
69 609
69 795
71 191
71 279
71 669
71 709
73 538
74 202
74 256
74 354
74 486
75 90
75 136
75 233
75 399
75 404
75 668
75 684
75 791
77 260
78 244
78 861
79 539
79 745
80 162
80 419
80 700
80 940
81 464
81 526
81 528
81 704
81 863
81 869
81 960
82 151
82 436
82 571
83 639
84 163
84 243
84 255
84 368
84 989
85 118
85 143
85 195
85 278
85 327
85 337
85 484
85 619
85 677
85 747
85 987
86 184
86 762
86 851
87 557
87 766
87 769
87 841
87 892
88 267
88 649
89 892
90 762
90 791
90 846
92 350
92 380
92 785
93 149
93 153
93 162
93 872
94 240
96 649
96 966
96 969
98 185
98 187
98 346
98 349
98 690
100 336
100 349
100 830
100 944
103 417
105 176
105 340
105 443
105 464
105 736
105 737
107 290
107 531
108 730
109 537
110 864
114 379
114 667
114 771
115 243
115 368
115 374
115 560
116 655
117 177
117 237
117 258
117 265
118 137
118 151
118 269
118 536
118 795
120 370
120 434
120 465
121 777
121 948
121 1003
122 766
122 769
122 841
123 349
123 370
123 536
126 537
126 637
126 699
126 783
126 969
127 580
127 794
128 152
128 371
128 548
130 400
130 763
130 917
130 945
131 219
131 223
131 248
131 473
131 734
131 849
131 871
131 878
132 183
132 213
132 645
132 861
132 881
132 924
133 148
133 241
133 296
133 444
133 733
133 838
133 844
133 970
134 164
134 181
135 271
135 382
135 444
135 882
136 590
136 634
136 672
137 139
137 161
137 761
137 808
137 823
137 962
137 981
137 998
138 300
138 365
138 820
139 331
139 614
140 214
140 686
140 697
140 831
141 183
141 350
141 457
141 495
141 577
141 645
141 746
141 814
141 879
141 948
142 450
142 451
142 697
143 201
143 427
143 640
143 864
144 837
144 954
144 967
145 175
145 258
145 307
145 529
145 565
145 568
145 654
145 763
145 809
147 281
147 369
147 411
147 467
147 642
147 686
147 787
147 888
148 733
148 856
149 525
150 159
150 688
151 338
151 658
151 707
151 708
151 761
151 795
151 962
151 971
152 222
152 842
152 850
153 176
153 702
153 872
154 178
154 297
154 587
154 655
154 693
154 713
154 871
155 579
156 236
156 275
156 394
156 525
156 796
158 248
158 431
158 448
158 498
158 567
158 789
159 175
159 586
159 595
159 653
159 654
159 729
159 813
160 164
160 474
160 551
161 164
161 181
161 392
161 895
161 981
161 1004
161 1005
162 403
162 419
163 182
163 531
163 939
164 181
164 442
164 733
165 436
165 530
165 995
166 279
166 944
166 977
167 400
167 859
168 182
168 683
168 978
169 174
169 181
169 236
169 360
169 386
169 392
169 481
169 482
169 484
169 526
169 688
169 708
169 749
169 812
169 845
169 900
170 674
170 832
172 335
172 397
172 445
172 545
172 598
172 601
172 913
172 972
172 974
173 431
173 455
173 542
174 178
174 462
174 496
174 537
174 549
174 632
174 649
174 651
174 654
174 713
174 871
174 872
174 903
175 649
175 653
175 654
175 729
175 813
176 872
176 917
177 526
177 587
177 647
177 713
177 732
177 765
177 863
178 239
178 267
178 443
178 464
178 526
178 567
178 595
178 632
178 713
179 653
179 729
179 813
180 756
181 290
181 442
181 484
181 739
181 853
182 275
182 525
182 545
182 547
182 597
182 683
182 901
183 221
183 288
183 289
183 645
183 665
183 792
183 948
183 1000
184 461
184 470
184 557
184 590
186 867
187 339
187 685
187 771
188 293
189 218
189 357
189 756
190 424
190 459
190 508
190 561
190 704
190 798
190 843
190 869
190 906
190 952
191 341
191 603
191 669
191 685
191 951
191 992
192 214
192 364
192 395
192 798
194 347
194 436
194 544
194 646
195 634
197 376
198 236
200 261
200 349
200 356
200 360
200 462
200 679
200 757
200 955
201 427
201 842
202 256
204 374
205 281
205 671
207 379
207 958
209 848
210 267
210 443
210 464
210 637
212 752
213 251
213 288
213 378
213 581
214 260
214 288
214 434
214 787
214 792
214 894
215 665
215 881
216 681
219 248
219 567
219 734
219 878
220 271
221 289
221 355
221 384
221 518
221 799
221 890
222 233
222 559
222 639
223 431
223 464
223 683
223 757
227 272
227 546
227 798
227 896
228 253
228 281
228 369
230 748
230 842
233 578
233 757
233 889
233 894
233 920
233 943
233 948
234 279
234 297
234 725
234 737
234 917
235 542
236 388
236 398
236 688
236 942
236 956
237 945
238 401
238 430
238 905
238 978
239 279
239 334
239 537
239 737
239 742
239 745
239 872
240 552
240 586
240 700
240 702
240 995
241 392
241 619
241 870
242 387
242 394
242 423
242 448
242 478
242 525
242 567
242 575
242 706
242 767
243 374
243 401
243 426
243 442
243 450
243 973
244 855
244 860
245 351
245 366
245 497
245 773
245 909
246 325
246 361
246 425
246 540
246 678
246 689
246 764
246 805
246 826
246 947
247 963
248 734
248 757
248 849
248 878
249 376
249 440
250 276
250 291
250 582
250 755
251 266
251 382
251 395
251 814
251 991
252 480
252 964
252 999
253 354
253 450
253 545
253 561
253 784
253 869
253 953
253 977
254 272
254 906
255 368
256 354
256 588
257 676
258 400
258 529
258 533
258 594
258 903
258 916
260 555
260 559
260 734
260 794
261 448
261 525
261 575
261 757
262 520
262 565
262 660
262 801
262 965
264 463
264 523
265 560
266 364
266 395
266 507
266 553
266 991
267 443
267 519
267 549
267 565
267 649
267 651
267 693
267 731
267 871
268 286
268 550
268 890
269 566
269 856
270 575
270 611
270 798
270 960
270 976
271 287
271 382
272 274
272 575
272 611
272 638
272 659
272 798
272 843
272 960
272 976
273 383
273 444
273 709
273 993
274 399
274 465
274 475
274 609
274 668
274 715
274 898
275 923
276 291
276 406
276 465
276 583
276 998
277 386
277 725
278 376
278 834
278 995
279 361
279 758
279 989
280 342
281 382
281 411
281 467
281 570
281 639
281 642
281 787
281 881
283 743
287 294
287 382
287 799
288 792
288 997
289 814
291 362
291 388
291 671
291 755
293 384
293 671
293 856
294 382
295 577
295 792
296 336
296 349
297 443
297 519
297 655
298 362
298 577
298 889
298 943
299 435
299 761
300 778
300 839
300 845
300 892
302 574
302 970
304 335
304 643
304 944
304 989
307 649
307 742
308 468
308 677
308 886
309 338
309 754
309 834
310 451
310 898
312 468
315 666
315 968
315 982
315 990
317 943
320 541
325 361
325 425
325 540
325 678
325 690
325 764
325 947
327 466
327 687
327 688
327 856
332 378
333 393
333 565
333 731
334 519
334 742
335 913
335 994
336 349
336 356
336 428
336 830
337 433
337 571
337 962
338 541
338 754
338 971
340 474
340 575
340 767
341 656
341 669
341 690
341 869
341 992
343 354
343 431
343 670
343 955
343 985
344 468
344 860
344 1004
345 597
345 659
346 656
346 710
346 797
346 951
346 954
347 544
347 646
348 674
349 356
349 498
349 706
349 781
349 830
350 380
350 464
350 526
351 366
351 502
351 691
354 467
354 503
354 588
354 592
354 977
355 490
355 848
355 890
356 434
356 462
356 478
357 756
358 752
360 462
360 623
360 999
361 425
361 689
361 949
362 694
363 705
364 418
364 543
364 553
364 663
364 776
364 859
365 638
365 914
366 427
366 464
366 832
367 494
367 1003
368 808
369 411
369 432
369 642
369 787
369 888
370 432
370 465
370 842
370 857
370 888
371 434
371 439
371 465
371 794
371 857
372 985
374 748
374 943
374 995
375 573
375 681
375 992
376 489
376 834
377 380
377 438
377 570
378 861
378 991
380 438
380 719
381 509
381 527
382 570
382 814
382 882
383 883
383 885
383 993
384 1004
385 435
385 560
385 761
388 466
388 671
391 445
391 448
391 644
391 972
392 458
392 466
392 677
392 739
392 895
393 945
394 445
394 525
394 567
394 747
395 425
395 838
395 991
396 789
396 878
396 944
397 445
397 545
397 989
398 426
398 968
399 450
399 518
399 750
399 762
399 791
400 763
401 456
401 561
401 766
404 472
404 571
404 762
404 847
404 851
405 778
409 551
409 649
409 875
411 787
416 592
416 768
416 846
418 515
418 774
419 700
419 940
421 673
421 684
421 755
422 603
422 669
423 523
423 718
423 944
424 526
424 920
424 941
425 509
425 774
425 805
425 885
426 470
426 672
426 968
426 990
427 527
427 790
427 842
428 658
428 707
428 907
428 971
429 674
429 832
429 877
430 437
430 685
431 448
431 495
431 525
431 542
431 757
432 443
432 464
432 465
432 655
432 842
432 871
432 888
433 449
433 560
433 912
434 857
435 668
435 856
436 486
436 544
436 646
436 885
437 456
437 461
437 685
437 847
437 912
438 719
439 897
440 620
443 520
443 651
443 655
445 608
445 913
445 972
445 974
446 654
446 809
447 524
447 820
448 478
448 757
448 974
449 467
449 841
449 869
450 518
450 697
450 793
450 869
451 668
451 715
451 738
451 795
451 801
451 898
453 473
453 551
453 569
453 873
455 542
455 965
456 847
457 728
457 848
457 861
457 890
458 480
458 640
458 804
458 859
460 752
461 666
461 839
462 473
462 478
462 491
462 498
462 547
462 632
462 713
462 757
462 900
463 785
463 920
464 526
464 528
465 509
466 536
466 669
466 671
466 981
466 987
467 679
470 518
470 557
470 571
470 590
470 958
472 685
473 545
474 551
474 575
474 743
474 767
475 518
475 788
475 898
475 998
477 1000
478 747
478 757
478 974
481 987
482 790
482 964
483 582
483 964
484 536
484 739
485 521
485 526
485 542
485 863
485 965
487 554
487 652
488 690
489 834
489 995
490 572
490 671
490 848
491 545
491 567
491 974
492 666
493 632
493 667
494 752
495 535
495 572
495 665
495 776
495 948
496 875
497 526
497 832
498 644
498 989
502 880
503 643
503 646
503 753
503 787
507 543
507 859
508 659
508 798
508 960
509 553
509 833
509 950
514 552
515 776
515 859
516 629
517 521
517 732
518 571
518 615
518 697
518 898
518 982
519 742
519 840
520 731
520 794
521 657
523 679
523 706
523 779
524 630
524 810
525 547
525 567
525 588
525 598
525 601
525 608
525 632
525 676
525 705
525 706
525 767
525 821
525 955
525 974
526 528
526 542
526 688
526 863
526 920
526 965
527 790
527 855
528 542
528 863
529 648
529 903
530 705
530 771
530 798
531 830
531 939
532 554
532 560
532 593
532 702
532 784
534 678
534 681
536 761
536 864
536 903
536 904
536 971
536 981
536 998
536 1004
537 595
537 651
537 653
537 729
538 627
538 707
538 823
538 946
538 958
539 745
540 678
540 689
540 774
540 805
540 826
540 947
541 738
541 754
541 782
541 892
541 898
541 995
541 1004
541 1005
542 765
542 863
542 965
543 776
543 859
543 949
544 646
545 994
545 1004
546 551
546 676
546 821
546 937
547 567
547 683
549 595
549 655
549 660
549 731
549 871
550 799
551 561
551 875
551 891
551 976
552 821
552 906
552 936
553 663
553 774
553 776
554 666
554 914
554 983
556 560
556 794
557 589
557 685
558 575
559 560
559 754
559 794
560 707
560 737
560 754
560 784
560 981
561 978
563 637
563 729
563 867
564 748
565 660
565 731
566 587
566 867
567 608
567 767
567 974
568 653
568 729
568 840
569 777
569 873
569 876
571 615
571 684
571 768
571 791
571 808
571 846
571 921
573 690
573 992
574 750
574 919
575 611
575 767
575 900
575 976
577 630
578 879
578 889
578 943
578 948
582 963
582 964
583 688
583 936
584 712
585 717
585 943
586 702
587 668
587 812
592 846
592 958
595 653
596 982
598 955
598 974
601 849
601 972
603 669
603 992
605 993
608 644
608 787
608 974
609 898
611 659
611 976
616 987
619 761
619 987
622 758
623 989
627 751
627 752
627 834
627 946
627 958
628 666
628 982
630 854
631 664
631 854
633 986
634 998
637 699
637 888
638 898
640 777
640 939
641 648
642 686
642 787
643 782
644 714
645 665
645 861
646 885
647 732
647 765
649 653
649 959
650 712
650 802
650 959
651 655
651 871
653 729
653 813
653 840
653 917
653 964
654 875
654 969
656 690
656 797
656 949
656 950
658 907
658 971
659 704
659 798
660 863
660 965
662 958
663 776
663 881
663 992
665 1000
666 968
666 982
666 984
668 734
668 757
668 812
669 949
669 951
669 992
672 968
672 990
673 755
673 835
674 855
674 860
674 877
675 782
675 898
676 821
676 976
677 739
677 886
678 689
678 826
679 753
680 805
680 826
680 950
682 833
683 901
684 687
684 791
684 846
685 771
687 885
688 747
690 709
690 949
690 950
694 746
698 859
698 861
698 880
702 783
703 873
704 789
704 798
704 960
706 779
706 830
706 955
707 784
708 795
708 865
709 797
709 951
709 954
710 797
712 959
713 757
713 863
715 898
725 749
728 799
728 890
728 935
728 945
729 813
730 759
733 734
733 830
733 838
733 844
734 849
734 878
734 944
735 758
735 760
736 785
736 869
736 899
737 745
738 795
738 964
738 1004
740 870
742 745
742 908
745 886
745 904
747 843
747 901
748 769
749 839
749 871
749 903
751 823
751 857
752 906
755 835
755 856
761 857
761 971
761 981
761 998
762 851
763 917
766 841
767 944
768 846
769 841
769 1526
771 805
771 881
774 875
776 859
777 873
777 876
778 1005
779 955
781 838
783 851
783 869
786 858
787 857
787 888
788 898
789 808
789 849
789 913
789 994
791 898
792 988
792 1000
794 998
795 856
797 883
797 885
797 951
797 954
797 992
798 821
798 843
802 874
802 959
802 966
804 942
804 956
804 994
806 1002
806 1005
807 875
808 973
814 879
814 948
814 1000
821 896
821 976
823 857
823 946
823 981
825 893
826 947
830 944
832 857
832 877
836 962
837 967
839 966
842 850
842 878
842 888
843 863
843 900
843 901
848 890
849 944
852 859
853 889
855 860
858 894
858 951
861 924
863 965
864 904
864 987
867 1002
867 1005
868 983
869 872
870 932
873 876
873 1005
875 891
878 944
879 948
882 927
882 980
883 885
885 993
886 993
889 943
892 1203
892 1423
900 964
900 999
904 987
905 952
906 976
907 971
909 960
911 967
912 962
913 994
919 970
927 980
935 945
936 957
942 956
942 994
949 992
952 985
959 969
963 986
964 995
964 999
968 982
968 990
971 987
981 998
984 993
1002 1005
1006 1176
1006 1211
1006 1226
1006 1233
1006 1299
1006 1345
1006 1634
1007 1175
1007 1183
1007 1260
1007 1384
1007 1453
1007 1480
1007 1536
1007 1679
1007 1681
1007 1698
1007 1712
1008 1032
1008 1098
1008 1194
1008 1240
1008 1275
1008 1400
1008 1451
1008 1475
1008 1590
1008 1623
1009 1035
1009 1069
1009 1120
1009 1476
1009 1507
1009 1741
1011 1035
1011 1077
1011 1512
1012 1033
1012 1115
1012 1131
1012 1231
1012 1289
1012 1293
1012 1379
1012 1405
1012 1549
1012 1622
1012 1655
1012 1668
1012 1754
1013 1074
1013 1075
1013 1351
1013 1613
1013 1642
1014 1110
1014 1267
1014 1370
1014 1376
1014 1417
1014 1418
1014 1620
1014 1691
1015 1020
1015 1078
1016 1193
1017 1067
1017 1361
1017 1526
1017 1585
1017 1742
1018 1043
1018 1229
1018 1644
1018 1645
1019 1029
1019 1104
1019 1171
1019 1492
1019 1586
1019 1633
1020 1081
1020 1109
1020 1300
1020 1450
1021 1097
1021 1258
1021 1273
1021 1420
1021 1465
1021 1575
1021 1689
1021 1698
1021 1729
1022 1053
1022 1070
1022 1228
1022 1333
1022 1389
1022 1405
1022 1408
1022 1459
1022 1481
1022 1528
1022 1577
1022 1584
1022 1667
1022 1697
1022 1700
1023 1024
1023 1281
1023 1426
1023 1481
1023 1574
1023 1616
1023 1677
1023 1685
1023 1720
1024 1122
1024 1416
1024 1484
1024 1615
1024 1652
1024 1683
1024 1690
1025 1030
1025 1087
1026 1063
1026 1077
1026 1125
1026 1244
1026 1306
1026 1500
1026 1554
1027 1191
1027 1692
1028 1030
1028 1140
1028 1349
1028 1427
1028 1497
1028 1671
1029 1049
1029 1214
1029 1293
1029 1349
1029 1437
1029 1549
1029 1594
1029 1705
1031 1169
1032 1098
1032 1119
1032 1400
1032 1415
1032 1475
1033 1045
1033 1076
1033 1148
1033 1596
1033 1664
1033 1701
1034 1104
1034 1245
1034 1281
1034 1469
1034 1481
1034 1495
1034 1584
1034 1633
1035 1069
1035 1119
1035 1203
1035 1297
1035 1486
1035 1628
1035 1677
1035 1741
1036 1112
1036 1236
1037 1094
1037 1236
1037 1265
1037 1345
1037 1538
1038 1058
1038 1065
1038 1074
1038 1075
1038 1161
1039 1331
1039 1346
1039 1428
1039 1723
1040 1206
1040 1524
1040 1635
1041 1198
1041 1214
1041 1231
1042 1045
1042 1137
1042 1302
1042 1322
1042 1370
1042 1393
1042 1404
1042 1544
1043 1382
1043 1408
1043 1531
1043 1633
1043 1738
1043 1750
1044 1161
1044 1725
1045 1076
1045 1088
1045 1115
1045 1178
1045 1218
1045 1226
1045 1688
1045 1710
1046 1215
1046 1575
1047 1101
1047 1576
1047 1706
1048 1051
1048 1076
1048 1179
1048 1234
1048 1281
1048 1469
1048 1488
1048 1489
1048 1492
1048 1495
1048 1504
1048 1516
1048 1655
1048 1664
1049 1051
1049 1155
1049 1211
1049 1288
1049 1406
1049 1623
1049 1664
1049 1668
1049 1677
1049 1754
1050 1292
1050 1361
1050 1453
1050 1456
1050 1509
1050 1518
1050 1555
1050 1556
1050 1561
1050 1578
1051 1076
1051 1114
1051 1234
1051 1372
1051 1464
1051 1469
1051 1492
1051 1577
1051 1584
1051 1664
1051 1668
1051 1702
1052 1087
1052 1399
1053 1089
1053 1155
1053 1293
1053 1365
1053 1368
1053 1373
1053 1731
1054 1414
1055 1220
1055 1348
1055 1361
1055 1434
1055 1447
1055 1457
1055 1509
1055 1656
1056 1339
1057 1070
1057 1099
1057 1121
1057 1128
1057 1237
1057 1291
1057 1591
1057 1699
1058 1086
1058 1506
1058 1721
1059 1183
1059 1320
1059 1371
1059 1384
1059 1440
1059 1548
1059 1592
1059 1685
1059 1712
1060 1205
1060 1511
1061 1423
1061 1582
1061 1654
1061 1751
1062 1751
1063 1077
1063 1125
1063 1244
1063 1435
1063 1500
1064 1168
1064 1252
1064 1740
1065 1071
1065 1161
1065 1358
1065 1387
1065 1609
1065 1610
1065 1631
1065 1670
1066 1154
1066 1382
1066 1542
1066 1547
1067 1145
1067 1385
1067 1433
1067 1585
1067 1610
1067 1707
1067 1747
1068 1219
1068 1329
1068 1554
1068 1639
1069 1203
1069 1286
1069 1305
1070 1179
1070 1488
1070 1504
1070 1546
1070 1560
1070 1591
1070 1685
1070 1728
1070 1738
1070 1741
1071 1135
1071 1168
1071 1223
1071 1428
1071 1610
1071 1631
1071 1657
1072 1398
1073 1074
1073 1393
1073 1465
1073 1729
1074 1075
1074 1098
1074 1159
1074 1169
1074 1289
1074 1351
1074 1390
1074 1708
1075 1592
1075 1717
1076 1372
1076 1478
1076 1586
1077 1080
1077 1134
1077 1300
1077 1458
1077 1681
1078 1613
1078 1640
1079 1085
1079 1119
1079 1148
1079 1256
1079 1383
1079 1415
1079 1427
1079 1511
1079 1620
1079 1731
1080 1414
1080 1447
1080 1688
1081 1513
1082 1084
1082 1254
1082 1441
1082 1478
1082 1598
1083 1254
1083 1525
1084 1117
1084 1244
1084 1261
1084 1392
1084 1406
1084 1412
1084 1429
1084 1467
1084 1478
1084 1604
1084 1686
1084 1701
1084 1703
1085 1627
1085 1716
1086 1259
1086 1287
1086 1361
1087 1399
1087 1560
1087 1687
1087 1726
1088 1244
1088 1338
1088 1412
1088 1478
1088 1686
1088 1690
1088 1701
1088 1741
1089 1090
1089 1099
1089 1202
1089 1285
1089 1335
1089 1462
1089 1660
1090 1368
1090 1389
1091 1132
1091 1149
1091 1157
1091 1253
1091 1295
1091 1298
1091 1316
1091 1361
1091 1398
1091 1629
1092 1150
1092 1272
1092 1559
1093 1095
1093 1526
1093 1710
1094 1154
1094 1386
1094 1435
1094 1611
1094 1715
1095 1155
1095 1231
1095 1572
1095 1710
1096 1332
1096 1525
1096 1555
1096 1633
1096 1739
1097 1290
1097 1376
1097 1417
1097 1465
1097 1729
1098 1194
1098 1240
1098 1512
1099 1198
1099 1208
1099 1291
1099 1481
1099 1553
1099 1607
1099 1623
1099 1696
1100 1331
1100 1378
1100 1542
1100 1632
1100 1687
1101 1476
1101 1706
1102 1123
1102 1273
1102 1402
1102 1420
1102 1470
1102 1589
1102 1727
1103 1183
1103 1358
1103 1366
1104 1228
1104 1281
1104 1312
1104 1333
1104 1337
1105 1338
1105 1586
1105 1664
1106 1114
1106 1179
1106 1636
1107 1275
1107 1451
1107 1574
1107 1616
1107 1666
1108 1268
1108 1348
1108 1398
1108 1458
1109 1273
1109 1279
1109 1300
1109 1319
1109 1420
1109 1465
1109 1589
1109 1727
1110 1230
1110 1277
1110 1296
1110 1322
1110 1333
1110 1336
1110 1399
1110 1400
1110 1682
1110 1685
1111 1328
1111 1353
1112 1617
1112 1748
1113 1228
1113 1337
1113 1469
1113 1495
1113 1584
1113 1697
1114 1251
1114 1297
1114 1404
1114 1418
1114 1422
1114 1459
1114 1462
1114 1594
1114 1612
1114 1628
1114 1696
1115 1119
1115 1203
1115 1415
1115 1655
1116 1141
1116 1229
1116 1676
1116 1690
1117 1327
1117 1336
1117 1359
1117 1375
1117 1397
1117 1478
1117 1504
1117 1534
1117 1604
1117 1682
1117 1686
1117 1732
1118 1199
1118 1282
1118 1614
1119 1383
1119 1400
1119 1415
1119 1417
1119 1497
1120 1156
1120 1275
1120 1400
1120 1467
1120 1476
1120 1624
1120 1626
1120 1719
1121 1128
1121 1145
1121 1186
1121 1291
1121 1361
1121 1492
1121 1656
1121 1684
1122 1198
1122 1322
1122 1416
1122 1484
1122 1615
1122 1623
1122 1660
1122 1676
1122 1685
1123 1420
1123 1589
1123 1727
1124 1575
1124 1662
1124 1698
1125 1244
1125 1425
1125 1440
1125 1500
1126 1128
1126 1309
1126 1369
1126 1599
1127 1272
1127 1301
1127 1303
1127 1435
1127 1559
1127 1635
1127 1660
1128 1186
1128 1414
1128 1561
1129 1296
1129 1635
1130 1172
1130 1253
1130 1356
1130 1360
1130 1540
1130 1592
1130 1682
1131 1655
1132 1137
1132 1206
1132 1303
1132 1338
1132 1378
1132 1380
1132 1433
1132 1670
1134 1300
1134 1330
1134 1398
1134 1450
1134 1525
1134 1545
1134 1619
1135 1223
1135 1428
1135 1631
1135 1657
1135 1693
1136 1463
1136 1506
1136 1688
1137 1303
1137 1639
1138 1217
1139 1544
1139 1631
1140 1349
1140 1355
1140 1466
1140 1508
1140 1510
1140 1649
1140 1660
1141 1146
1141 1229
1141 1355
1141 1452
1141 1532
1141 1606
1141 1649
1141 1677
1141 1734
1142 1540
1142 1640
1142 1687
1143 1169
1143 1186
1143 1259
1143 1424
1143 1492
1143 1637
1143 1644
1143 1683
1143 1699
1143 1728
1144 1277
1144 1299
1144 1544
1144 1601
1144 1642
1144 1717
1145 1274
1145 1349
1145 1355
1145 1430
1145 1433
1145 1453
1145 1559
1145 1610
1145 1660
1146 1277
1146 1354
1146 1559
1146 1754
1147 1443
1147 1596
1147 1606
1147 1636
1147 1658
1148 1511
1148 1682
1148 1692
1149 1526
1149 1629
1149 1645
1149 1746
1150 1273
1150 1465
1151 1163
1151 1740
1151 1748
1152 1252
1152 1669
1153 1341
1153 1425
1153 1621
1153 1664
1154 1542
1154 1751
1155 1246
1155 1289
1155 1373
1155 1462
1155 1507
1155 1731
1156 1275
1156 1476
1156 1624
1156 1626
1156 1680
1156 1685
1156 1719
1157 1220
1157 1315
1157 1340
1157 1361
1157 1384
1157 1434
1157 1489
1157 1530
1157 1633
1158 1458
1158 1646
1158 1712
1159 1161
1159 1176
1159 1236
1160 1360
1160 1564
1160 1569
1160 1578
1166 1743
1168 1224
1169 1289
1169 1427
1170 1288
1170 1334
1170 1460
1170 1541
1170 1700
1171 1197
1171 1569
1171 1633
1171 1645
1171 1648
1172 1321
1172 1374
1172 1402
1172 1409
1172 1538
1172 1736
1173 1191
1173 1266
1173 1303
1173 1344
1173 1423
1173 1582
1174 1294
1174 1452
1174 1496
1174 1649
1175 1253
1175 1260
1175 1463
1176 1226
1176 1299
1176 1496
1176 1634
1177 1211
1177 1349
1177 1386
1177 1396
1177 1466
1177 1663
1178 1557
1179 1312
1179 1347
1179 1552
1179 1618
1179 1644
1180 1183
1180 1320
1180 1598
1181 1624
1181 1628
1182 1427
1182 1677
1183 1257
1183 1260
1183 1320
1183 1371
1183 1384
1183 1440
1183 1473
1183 1536
1183 1548
1183 1712
1184 1352
1184 1635
1184 1717
1185 1209
1185 1384
1185 1391
1185 1435
1185 1543
1185 1565
1185 1585
1185 1600
1186 1291
1186 1622
1186 1684
1186 1699
1186 1705
1186 1716
1187 1418
1187 1455
1187 1486
1188 1241
1188 1247
1188 1345
1188 1519
1188 1744
1188 1745
1190 1209
1190 1254
1190 1391
1190 1601
1190 1732
1191 1556
1192 1582
1193 1394
1194 1240
1194 1489
1194 1574
1194 1590
1194 1616
1194 1626
1194 1661
1196 1205
1196 1594
1197 1382
1197 1408
1197 1645
1197 1738
1198 1623
1198 1705
1199 1322
1199 1425
1199 1470
1199 1554
1199 1614
1200 1611
1201 1278
1201 1328
1201 1382
1201 1417
1201 1494
1201 1553
1202 1227
1202 1251
1202 1444
1202 1462
1202 1696
1203 1389
1203 1672
1203 1741
1204 1429
1204 1600
1205 1214
1205 1280
1205 1410
1205 1511
1205 1549
1206 1298
1206 1378
1206 1431
1206 1433
1206 1448
1206 1665
1207 1406
1207 1436
1207 1598
1207 1732
1208 1309
1208 1457
1208 1598
1208 1599
1208 1718
1209 1327
1209 1375
1209 1391
1209 1432
1209 1543
1209 1678
1210 1309
1210 1363
1210 1603
1211 1270
1211 1285
1211 1335
1211 1354
1211 1431
1211 1634
1212 1264
1212 1397
1213 1216
1213 1306
1213 1336
1213 1397
1213 1443
1213 1467
1213 1596
1214 1230
1214 1322
1214 1547
1214 1549
1214 1594
1214 1622
1214 1730
1215 1246
1215 1284
1215 1290
1215 1303
1215 1511
1215 1518
1216 1359
1216 1397
1216 1467
1216 1604
1217 1435
1217 1713
1218 1581
1219 1308
1219 1505
1219 1639
1219 1695
1219 1733
1220 1340
1220 1384
1220 1407
1220 1553
1221 1258
1221 1312
1221 1330
1221 1393
1221 1563
1221 1665
1221 1678
1221 1717
1221 1729
1222 1348
1222 1384
1222 1681
1222 1693
1223 1224
1224 1707
1225 1514
1226 1233
1226 1299
1226 1345
1226 1634
1227 1251
1227 1286
1227 1368
1227 1474
1227 1490
1227 1605
1227 1672
1228 1333
1228 1411
1228 1421
1228 1488
1228 1584
1228 1638
1229 1648
1229 1677
1229 1690
1229 1734
1229 1754
1230 1316
1230 1668
1231 1494
1231 1572
1232 1475
1232 1661
1233 1345
1233 1385
1233 1531
1234 1421
1234 1469
1234 1487
1234 1668
1234 1675
1235 1294
1237 1291
1237 1537
1237 1668
1237 1684
1238 1522
1238 1616
1239 1274
1239 1344
1239 1361
1239 1398
1239 1582
1240 1275
1240 1552
1241 1278
1241 1328
1241 1382
1241 1401
1241 1553
1242 1264
1242 1319
1242 1404
1242 1725
1243 1558
1243 1606
1244 1425
1244 1500
1244 1686
1245 1250
1245 1266
1245 1333
1245 1644
1245 1746
1246 1383
1246 1541
1246 1606
1247 1335
1247 1354
1247 1519
1247 1671
1248 1391
1248 1468
1248 1689
1249 1333
1250 1488
1250 1645
1250 1714
1250 1746
1251 1297
1251 1383
1251 1418
1251 1459
1251 1474
1251 1486
1251 1528
1252 1430
1252 1740
1253 1356
1253 1407
1253 1505
1253 1543
1253 1554
1253 1633
1254 1534
1254 1543
1254 1598
1255 1498
1255 1607
1255 1648
1255 1708
1256 1280
1256 1289
1256 1347
1256 1373
1256 1417
1256 1427
1256 1594
1256 1627
1256 1716
1257 1330
1257 1384
1258 1381
1258 1413
1258 1439
1258 1554
1258 1642
1258 1678
1258 1680
1258 1729
1259 1268
1259 1423
1259 1595
1259 1695
1259 1751
1260 1480
1260 1483
1260 1548
1260 1631
1260 1712
1260 1751
1260 1753
1261 1326
1261 1397
1261 1522
1261 1574
1261 1604
1261 1697
1262 1279
1262 1322
1262 1376
1262 1381
1262 1420
1262 1425
1262 1465
1262 1626
1262 1727
1263 1328
1263 1389
1263 1492
1264 1307
1264 1308
1264 1309
1264 1471
1264 1562
1265 1277
1265 1299
1265 1345
1265 1349
1265 1355
1265 1385
1265 1539
1265 1643
1266 1269
1266 1421
1266 1455
1266 1489
1266 1648
1267 1322
1267 1549
1267 1552
1267 1620
1267 1623
1268 1403
1268 1656
1268 1736
1269 1271
1269 1355
1269 1379
1269 1437
1269 1487
1269 1754
1270 1404
1270 1685
1271 1349
1272 1483
1272 1544
1272 1559
1273 1279
1273 1300
1273 1319
1273 1420
1273 1465
1273 1589
1273 1619
1273 1717
1274 1344
1275 1377
1275 1383
1275 1400
1275 1417
1275 1451
1275 1552
1275 1624
1275 1626
1275 1666
1275 1680
1276 1352
1276 1433
1276 1461
1276 1747
1277 1299
1277 1349
1277 1396
1277 1658
1278 1382
1278 1401
1278 1553
1279 1420
1279 1751
1280 1293
1280 1365
1280 1455
1280 1459
1280 1522
1280 1584
1280 1624
1280 1627
1281 1372
1281 1537
1281 1557
1281 1577
1281 1584
1281 1586
1281 1720
1282 1402
1282 1646
1285 1304
1285 1312
1285 1368
1285 1572
1285 1573
1285 1690
1286 1399
1286 1418
1286 1454
1286 1459
1286 1511
1286 1584
1286 1588
1286 1735
1287 1398
1287 1640
1288 1333
1289 1351
1289 1370
1289 1373
1289 1417
1289 1549
1289 1594
1289 1620
1289 1621
1289 1622
1289 1627
1290 1293
1290 1729
1291 1492
1291 1623
1291 1684
1291 1705
1292 1332
1292 1378
1292 1449
1292 1718
1293 1368
1293 1624
1293 1655
1294 1544
1295 1434
1295 1593
1296 1531
1296 1606
1296 1750
1297 1326
1297 1365
1297 1368
1297 1418
1297 1459
1297 1486
1297 1605
1298 1378
1298 1380
1298 1578
1298 1665
1299 1345
1299 1354
1299 1539
1299 1544
1299 1607
1299 1622
1299 1634
1299 1643
1299 1745
1300 1319
1300 1450
1300 1536
1300 1560
1300 1619
1301 1579
1301 1747
1302 1442
1302 1716
1302 1748
1303 1388
1303 1635
1304 1309
1304 1436
1304 1713
1305 1436
1305 1597
1306 1425
1306 1598
1307 1308
1307 1311
1308 1439
1308 1505
1308 1639
1308 1695
1309 1597
1309 1599
1310 1723
1312 1368
1312 1504
1312 1584
1312 1725
1313 1583
1313 1725
1314 1361
1314 1384
1315 1340
1315 1558
1316 1629
1318 1606
1318 1754
1319 1404
1319 1450
1320 1712
1321 1398
1321 1630
1321 1736
1322 1370
1322 1451
1322 1549
1322 1594
1322 1620
1322 1731
1323 1452
1323 1515
1323 1750
1324 1428
1324 1470
1324 1471
1325 1362
1325 1369
1325 1395
1325 1472
1325 1491
1326 1522
1326 1574
1326 1621
1327 1392
1327 1412
1327 1441
1327 1668
1328 1353
1328 1382
1328 1401
1328 1536
1328 1553
1328 1743
1329 1334
1329 1505
1329 1639
1330 1384
1330 1664
1331 1361
1332 1564
1332 1633
1333 1337
1333 1408
1333 1584
1333 1638
1333 1738
1334 1351
1335 1354
1335 1562
1335 1634
1336 1359
1336 1364
1336 1406
1336 1443
1336 1467
1336 1504
1336 1600
1336 1604
1336 1686
1337 1469
1337 1581
1337 1641
1338 1441
1338 1485
1338 1490
1338 1664
1339 1698
1341 1425
1342 1385
1342 1433
1342 1566
1342 1610
1342 1739
1343 1670
1344 1595
1345 1355
1345 1539
1345 1643
1345 1663
1345 1745
1346 1428
1346 1616
1347 1389
1347 1627
1348 1384
1348 1398
1348 1432
1348 1434
1348 1457
1348 1458
1348 1509
1348 1555
1348 1564
1348 1651
1348 1681
1349 1437
1349 1460
1349 1466
1349 1573
1349 1606
1349 1649
1349 1690
1349 1734
1350 1366
1350 1457
1350 1599
1350 1641
1350 1652
1350 1682
1351 1390
1351 1704
1352 1717
1353 1584
1353 1749
1354 1562
1355 1394
1355 1496
1355 1532
1357 1586
1357 1708
1358 1740
1359 1364
1359 1397
1359 1436
1359 1443
1359 1467
1359 1551
1359 1686
1360 1485
1360 1508
1360 1510
1360 1564
1361 1380
1361 1415
1361 1432
1361 1434
1361 1458
1361 1509
1361 1555
1361 1585
1361 1609
1361 1631
1361 1656
1361 1670
1361 1681
1361 1712
1361 1734
1362 1391
1362 1392
1362 1439
1362 1472
1363 1603
1363 1713
1364 1392
1364 1441
1364 1459
1364 1467
1364 1644
1364 1686
1365 1396
1365 1459
1365 1667
1366 1570
1366 1703
1367 1576
1367 1704
1367 1752
1368 1459
1368 1507
1369 1472
1369 1631
1369 1703
1370 1417
1370 1594
1370 1620
1370 1627
1371 1384
1371 1440
1371 1548
1371 1598
1371 1717
1371 1753
1372 1421
1372 1481
1372 1569
1372 1648
1372 1675
1372 1700
1373 1594
1373 1627
1374 1680
1375 1397
1375 1500
1375 1534
1376 1402
1376 1425
1376 1432
1376 1444
1376 1702
1377 1494
1378 1570
1379 1437
1379 1455
1380 1670
1380 1739
1381 1413
1381 1439
1381 1642
1381 1719
1382 1401
1382 1408
1382 1553
1382 1738
1383 1415
1383 1462
1383 1590
1383 1606
1383 1690
1384 1407
1384 1432
1384 1489
1384 1555
1384 1564
1384 1681
1384 1713
1385 1538
1385 1579
1385 1610
1385 1747
1386 1466
1386 1610
1386 1611
1386 1748
1388 1662
1388 1665
1389 1530
1390 1531
1390 1538
1390 1579
1390 1610
1391 1472
1391 1543
1391 1601
1392 1439
1392 1441
1392 1443
1392 1472
1392 1686
1393 1454
1393 1729
1394 1430
1394 1496
1394 1649
1395 1604
1395 1703
1396 1466
1396 1538
1396 1539
1396 1663
1396 1716
1397 1429
1397 1468
1397 1604
1397 1713
1398 1609
1399 1583
1399 1687
1400 1415
1400 1475
1400 1624
1400 1644
1401 1432
1401 1553
1402 1432
1402 1702
1403 1752
1404 1418
1404 1459
1404 1588
1404 1691
1405 1408
1405 1481
1405 1528
1405 1641
1405 1696
1405 1697
1405 1738
1406 1467
1406 1504
1406 1601
1406 1686
1406 1732
1408 1469
1408 1495
1408 1516
1408 1528
1408 1584
1408 1661
1408 1697
1408 1738
1409 1513
1409 1612
1409 1693
1412 1422
1412 1446
1412 1462
1412 1478
1412 1701
1413 1439
1413 1443
1413 1554
1413 1591
1413 1636
1413 1678
1414 1447
1415 1624
1416 1484
1416 1656
1416 1684
1416 1685
1417 1494
1417 1511
1417 1588
1417 1620
1417 1627
1417 1700
1417 1705
1418 1459
1418 1486
1418 1588
1418 1628
1419 1463
1420 1589
1420 1727
1421 1481
1421 1487
1421 1492
1421 1557
1421 1675
1422 1444
1422 1446
1422 1462
1422 1696
1422 1708
1423 1595
1425 1435
1425 1500
1426 1476
1426 1528
1426 1677
1426 1685
1426 1701
1426 1720
1427 1606
1428 1470
1428 1471
1429 1468
1429 1478
1429 1602
1429 1604
1429 1686
1430 1533
1430 1539
1431 1448
1431 1635
1432 1544
1432 1598
1432 1702
1434 1457
1434 1458
1434 1509
1434 1555
1435 1483
1435 1500
1435 1550
1435 1598
1436 1439
1436 1443
1436 1597
1436 1603
1437 1499
1437 1573
1437 1596
1437 1606
1437 1642
1439 1441
1439 1443
1439 1621
1439 1686
1440 1598
1440 1622
1440 1717
1440 1733
1441 1443
1441 1467
1441 1686
1441 1728
1443 1467
1443 1478
1443 1604
1443 1686
1443 1701
1445 1594
1445 1662
1446 1462
1446 1696
1447 1688
1448 1461
1448 1563
1449 1451
1449 1666
1450 1507
1450 1619
1450 1720
1451 1494
1451 1631
1451 1666
1451 1677
1452 1743
1453 1472
1453 1492
1453 1556
1453 1751
1453 1753
1455 1486
1455 1683
1456 1546
1456 1622
1457 1509
1457 1555
1458 1555
1458 1592
1458 1681
1459 1467
1459 1497
1459 1560
1459 1728
1459 1754
1460 1466
1460 1569
1460 1737
1461 1663
1462 1696
1462 1697
1462 1701
1463 1514
1465 1575
1465 1717
1465 1727
1465 1729
1466 1663
1467 1478
1467 1551
1467 1604
1467 1686
1468 1598
1468 1602
1469 1489
1469 1516
1469 1549
1469 1572
1469 1607
1469 1622
1469 1641
1469 1648
1470 1471
1470 1592
1471 1508
1471 1698
1472 1483
1472 1594
1472 1753
1474 1605
1475 1572
1475 1590
1475 1636
1476 1528
1476 1574
1476 1592
1476 1616
1476 1720
1477 1487
1477 1489
1477 1492
1477 1569
1477 1607
1477 1633
1477 1648
1478 1483
1478 1686
1478 1701
1479 1536
1479 1630
1479 1740
1480 1606
1481 1577
1481 1581
1481 1633
1481 1641
1481 1675
1482 1745
1482 1748
1483 1551
1483 1559
1483 1600
1483 1753
1484 1612
1484 1623
1484 1636
1484 1683
1486 1507
1488 1584
1488 1644
1488 1648
1488 1660
1488 1746
1489 1569
1489 1633
1489 1754
1490 1664
1491 1517
1491 1590
1491 1654
1491 1703
1491 1750
1492 1737
1493 1562
1493 1718
1494 1620
1494 1622
1494 1666
1494 1676
1494 1700
1495 1516
1495 1630
1495 1633
1495 1668
1495 1754
1496 1634
1497 1560
1499 1596
1499 1717
1501 1503
1501 1694
1502 1724
1503 1694
1504 1523
1504 1591
1504 1621
1504 1682
1505 1639
1505 1688
1506 1632
1506 1721
1507 1696
1508 1622
1508 1730
1509 1555
1509 1662
1509 1690
1511 1627
1512 1661
1514 1598
1515 1517
1515 1703
1515 1750
1517 1711
1517 1750
1520 1606
1520 1612
1520 1708
1520 1716
1522 1574
1525 1543
1525 1565
1525 1598
1525 1608
1526 1538
1526 1585
1526 1739
1527 1673
1528 1685
1528 1697
1528 1738
1531 1635
1531 1654
1531 1750
1532 1744
1533 1669
1534 1602
1534 1689
1535 1578
1535 1638
1536 1748
1539 1643
1539 1663
1539 1713
1541 1734
1543 1565
1543 1598
1543 1600
1543 1608
1546 1654
1547 1616
1547 1703
1548 1712
1549 1622
1549 1700
1551 1689
1552 1594
1552 1668
1552 1730
1554 1678
1555 1633
1555 1638
1555 1647
1555 1681
1556 1610
1556 1748
1557 1633
1557 1637
1557 1754
1558 1672
1559 1573
1560 1619
1561 1610
1563 1662
1563 1665
1563 1717
1564 1582
1565 1598
1569 1607
1569 1633
1569 1648
1570 1691
1570 1708
1571 1669
1572 1641
1574 1616
1574 1621
1576 1704
1576 1752
1577 1633
1578 1633
1580 1587
1583 1732
1584 1738
1585 1747
1586 1652
1588 1672
1588 1719
1589 1619
1590 1685
1591 1618
1591 1641
1592 1594
1592 1659
1592 1751
1594 1730
1594 1753
1595 1651
1595 1659
1598 1600
1598 1608
1598 1621
1600 1601
1600 1602
1600 1604
1604 1686
1604 1713
1605 1628
1606 1641
1607 1648
1608 1753
1612 1716
1614 1731
1615 1636
1615 1683
1615 1705
1615 1735
1616 1690
1616 1741
1620 1627
1621 1641
1622 1627
1622 1655
1622 1674
1622 1697
1623 1636
1623 1676
1623 1699
1623 1735
1623 1737
1624 1644
1624 1685
1625 1654
1626 1636
1626 1641
1626 1680
1626 1719
1628 1654
1629 1637
1631 1679
1632 1687
1632 1709
1633 1754
1635 1670
1636 1680
1636 1719
1636 1741
1639 1695
1639 1733
1641 1648
1641 1682
1643 1745
1644 1746
1646 1647
1648 1649
1648 1675
1652 1660
1661 1738
1662 1665
1667 1704
1668 1682
1668 1685
1668 1754
1671 1702
1676 1735
1677 1690
1677 1700
1677 1701
1677 1720
1677 1741
1677 1754
1678 1680
1679 1712
1680 1699
1680 1719
1681 1697
1684 1705
1684 1735
1684 1737
1686 1701
1697 1738
1699 1737
1700 1714
1702 1728
1703 1750
1704 1752
1705 1735
1708 1716
1719 1735
1725 1733
1727 1733
1727 1742
1727 1744
1744 1745
