#num-nodes
730
#num-links
1678
#links
0 262
0 298
0 430
0 674
1 665
2 174
2 202
3 392
5 96
5 104
5 146
5 154
5 203
5 272
5 357
5 432
5 513
6 86
6 251
6 341
6 394
6 399
7 106
7 115
7 243
8 175
8 226
8 322
8 455
8 542
8 717
9 103
9 649
10 104
10 110
10 218
10 282
10 324
10 342
10 413
10 441
10 454
10 461
10 479
10 521
10 666
11 312
12 546
12 605
13 283
13 307
13 420
13 470
13 521
15 34
15 64
15 184
15 203
15 272
15 374
15 379
15 618
15 689
16 22
16 68
16 714
18 320
18 338
19 66
19 270
19 302
20 42
20 94
20 346
20 449
20 456
20 644
20 696
21 208
21 226
21 507
21 673
21 704
21 717
22 148
22 254
22 605
23 412
23 495
23 666
24 118
24 327
24 355
24 399
24 478
24 698
25 337
25 390
28 638
29 71
29 103
29 121
29 305
29 416
29 724
30 89
30 322
30 634
30 675
30 703
31 61
31 238
31 300
31 366
32 120
32 398
32 464
32 706
32 718
33 111
34 73
34 272
34 300
34 493
34 555
34 689
35 140
35 162
35 190
35 263
35 374
35 611
35 702
36 250
36 358
36 512
36 540
36 642
37 315
37 684
38 108
39 79
39 192
39 367
39 474
39 486
40 276
40 572
41 101
41 130
41 231
41 299
41 315
41 419
41 617
41 620
41 621
41 622
41 634
41 684
42 60
42 251
42 257
42 346
42 347
42 621
42 636
42 640
43 322
43 392
43 394
43 710
43 717
44 238
44 334
45 53
45 125
45 151
45 219
45 432
45 513
45 590
46 60
46 71
46 364
46 389
46 590
47 129
47 182
47 356
47 358
47 434
47 463
47 553
47 561
47 622
47 703
47 715
48 267
48 302
48 714
49 77
49 87
49 128
49 129
49 319
49 333
49 461
49 638
49 695
49 726
50 118
50 133
50 221
50 222
50 410
50 454
50 467
50 505
50 521
50 725
51 83
51 87
51 263
51 415
51 418
51 520
51 566
51 638
52 589
53 95
53 157
53 513
54 142
54 684
54 692
55 60
55 127
55 173
55 182
55 201
55 258
55 297
55 331
55 343
55 531
55 599
55 661
55 687
55 691
56 66
56 174
56 183
56 505
56 701
58 230
59 60
59 390
59 391
59 408
59 581
59 647
59 687
60 71
60 102
60 137
60 177
60 258
60 508
60 599
60 605
60 621
60 687
61 283
61 339
61 445
61 532
61 555
61 583
61 656
62 295
62 433
63 202
63 483
64 72
64 184
64 286
64 555
66 68
66 102
66 302
66 312
66 601
68 97
68 293
68 575
68 648
68 690
68 695
69 327
69 376
69 381
69 478
69 575
69 591
69 603
69 609
70 189
70 238
70 300
70 522
71 454
71 724
72 184
72 342
72 501
72 653
73 153
73 238
73 300
73 589
73 696
75 666
76 112
76 114
76 177
76 344
76 468
76 553
76 603
76 610
76 655
76 727
77 191
77 333
77 450
77 461
77 638
77 685
77 726
78 629
78 696
78 718
79 680
81 109
81 176
81 266
81 352
81 362
81 369
81 528
81 567
82 200
82 521
82 551
82 587
82 642
82 705
83 622
84 635
85 621
85 672
86 97
86 251
86 302
87 94
87 242
87 263
87 373
87 418
87 461
87 509
87 520
87 536
87 557
87 613
88 228
88 480
88 667
89 211
89 394
89 507
89 640
89 675
90 266
90 369
90 523
90 536
92 101
92 132
92 394
92 620
93 169
93 245
93 261
93 336
93 413
93 446
93 454
93 574
94 222
94 346
94 398
94 601
94 677
94 687
94 709
94 722
94 727
95 104
95 125
95 167
95 168
95 587
96 188
96 195
96 374
96 406
96 487
96 552
96 719
97 269
97 293
97 628
99 228
99 329
99 349
99 491
99 558
99 559
99 672
100 270
100 298
100 471
100 613
100 623
100 628
100 635
100 701
101 142
101 394
101 440
101 537
101 542
101 572
101 619
102 136
102 218
102 599
102 601
103 143
103 324
103 408
103 410
103 447
103 496
103 567
103 583
103 627
104 125
104 151
104 157
104 167
104 218
104 219
104 326
104 432
104 443
104 513
104 587
104 618
105 192
105 313
105 367
105 499
106 135
106 190
106 309
106 338
106 374
106 397
107 460
108 303
108 358
108 536
109 460
109 461
109 499
110 131
110 203
110 238
111 112
111 132
111 192
111 223
111 394
112 177
112 468
112 505
112 601
112 610
112 655
113 455
113 559
113 616
114 138
114 162
114 182
114 200
114 292
114 331
114 466
114 488
114 557
114 599
114 626
114 655
114 685
115 135
115 359
115 469
115 520
115 638
116 120
116 253
116 302
116 312
116 341
116 372
117 315
117 585
117 684
117 729
118 327
118 534
118 696
119 251
119 663
120 236
120 237
120 241
120 593
121 138
121 292
121 305
121 416
121 469
121 557
121 723
121 724
122 186
123 151
123 348
123 375
123 561
123 615
124 525
124 579
125 151
125 167
125 432
125 513
125 587
126 192
126 367
126 704
127 182
127 318
127 343
127 356
127 637
127 726
129 182
129 319
129 488
129 515
129 553
129 561
129 599
129 626
129 703
129 724
130 151
130 322
130 507
130 513
130 587
130 620
130 634
131 252
131 387
131 441
131 493
131 532
131 580
132 264
132 394
132 440
132 542
133 294
133 405
133 477
133 505
133 521
133 720
134 278
134 481
134 521
134 535
134 703
135 243
136 218
136 557
136 599
137 456
137 531
137 718
137 727
138 200
138 259
138 416
138 488
138 549
138 702
139 205
139 279
139 582
141 306
141 473
142 152
142 299
143 449
143 458
143 583
143 644
144 230
144 273
144 327
144 355
144 528
144 609
144 698
145 637
145 673
146 200
146 244
146 521
146 664
147 274
147 319
147 356
147 535
149 267
149 302
149 459
149 534
149 648
149 701
149 714
151 167
151 218
151 318
151 432
151 443
151 513
151 587
151 595
152 299
152 431
154 191
154 378
154 494
154 595
154 622
154 684
154 719
155 574
156 293
156 546
156 605
156 624
157 167
157 169
157 219
157 326
157 413
157 432
157 446
157 521
158 374
158 542
159 460
159 481
159 536
160 384
161 163
161 194
161 278
161 304
161 317
161 474
161 538
161 643
162 277
162 331
162 356
162 599
162 626
162 724
163 194
163 259
163 278
163 280
163 291
163 304
163 413
163 662
164 251
164 382
164 485
165 657
167 219
167 389
167 420
167 443
167 491
167 494
167 533
167 642
167 670
168 328
168 373
168 386
168 432
168 438
169 219
169 261
169 413
169 434
169 446
169 662
170 698
171 187
172 604
173 351
173 367
173 379
173 536
174 267
174 459
174 608
175 226
175 323
175 372
175 473
177 344
177 346
177 392
177 468
177 496
177 609
177 655
179 377
179 424
179 676
180 283
181 283
181 405
181 481
182 257
182 297
182 319
182 331
182 356
182 484
182 511
182 561
182 599
182 626
182 655
182 657
182 703
183 225
183 315
184 292
185 188
186 203
186 252
186 310
186 671
186 719
187 257
187 389
187 470
187 530
187 535
188 406
188 487
188 555
189 258
189 292
189 492
189 615
189 700
190 309
190 397
190 547
191 260
191 279
191 333
191 384
191 429
191 580
191 638
192 223
192 264
192 367
192 394
193 377
194 367
194 521
195 615
196 465
197 320
197 554
197 589
199 498
200 259
200 466
200 488
200 622
200 664
200 702
200 726
201 291
201 531
201 661
201 681
201 698
202 433
202 502
202 596
203 272
203 316
203 402
203 427
203 665
204 319
204 724
206 310
206 400
208 234
208 247
208 404
208 537
209 505
210 486
210 530
211 312
211 440
211 455
211 473
211 507
211 675
211 714
212 291
212 721
214 611
216 474
216 591
216 609
216 676
216 695
218 413
218 494
218 530
218 601
219 326
219 413
219 432
219 434
219 446
219 521
219 611
221 505
221 548
222 363
222 398
222 629
223 322
223 367
226 542
226 710
226 717
227 269
227 542
227 594
228 667
229 244
229 318
229 595
229 723
230 355
233 334
234 419
234 523
234 537
234 659
235 683
235 699
236 587
236 722
238 246
238 300
238 439
238 501
238 544
238 580
239 398
239 706
240 250
240 296
241 384
241 429
241 442
241 593
241 643
241 649
242 263
242 374
242 454
242 557
242 702
243 325
243 492
244 270
244 364
244 720
245 261
245 446
245 721
247 392
248 666
249 344
249 444
249 496
249 567
249 573
249 645
249 720
250 296
250 595
251 271
251 485
251 663
251 690
252 387
252 441
252 493
252 532
252 555
252 580
253 267
253 312
253 473
255 612
256 302
257 308
257 333
257 344
257 389
257 496
258 334
258 379
258 398
258 687
258 706
259 304
259 416
259 549
259 557
259 715
260 333
260 696
261 446
262 430
262 674
262 697
262 720
263 277
263 301
263 418
263 451
263 466
263 517
263 520
263 566
264 367
264 392
264 394
264 507
264 717
266 536
267 270
267 302
267 459
267 471
267 588
268 269
268 563
268 690
268 722
269 365
269 690
270 459
270 613
270 628
270 690
270 701
271 328
271 375
271 494
271 511
271 680
272 345
272 689
273 576
273 591
274 566
274 584
276 317
276 572
276 588
277 279
277 301
277 374
277 418
277 466
277 520
277 626
278 291
278 310
278 433
278 662
279 285
279 333
279 496
280 681
281 346
281 579
281 709
281 727
282 283
282 360
282 413
282 441
283 427
283 532
283 580
283 637
285 338
286 380
286 671
287 377
287 431
287 607
287 692
288 321
288 365
288 403
288 459
288 690
291 662
292 366
292 374
292 416
292 466
292 469
292 549
292 638
292 726
293 435
294 477
294 521
294 606
295 306
295 433
296 629
297 681
298 528
298 613
300 301
300 494
300 497
300 501
300 526
300 533
300 542
300 543
300 589
300 666
301 418
301 463
301 520
301 526
301 584
302 312
302 404
302 471
302 628
302 669
303 433
303 571
304 557
305 521
305 677
305 724
306 372
306 473
306 502
306 650
307 312
307 521
307 703
308 468
308 527
308 548
308 575
309 333
309 397
309 415
309 547
310 316
310 338
310 384
310 460
310 531
310 542
310 582
310 606
311 616
311 619
312 341
312 473
312 640
312 650
312 709
313 435
314 340
314 464
314 591
314 629
315 329
315 585
315 620
315 684
315 729
317 455
317 474
317 568
318 338
318 356
318 466
318 553
319 488
319 553
319 626
319 726
321 608
321 673
322 392
322 394
322 507
322 542
322 634
322 714
324 627
326 443
326 446
326 662
327 355
327 458
327 591
327 698
327 718
328 451
328 509
328 511
328 515
328 622
328 680
329 491
329 558
329 639
329 672
329 684
329 729
331 356
331 484
332 593
333 338
333 397
333 429
333 638
338 661
339 386
339 445
339 555
340 591
343 553
343 655
344 346
344 496
344 609
344 655
345 665
345 671
346 449
346 496
346 579
346 696
346 709
346 727
348 375
348 652
348 679
349 452
349 524
349 558
349 585
349 600
349 672
349 729
350 702
351 379
351 419
352 499
352 660
353 389
354 546
354 564
354 572
354 605
354 635
354 696
355 371
355 376
355 498
355 609
355 698
355 718
356 702
357 378
357 389
357 494
357 526
357 592
357 595
357 642
358 420
358 460
358 463
358 481
358 609
360 427
361 704
363 398
364 498
364 583
364 628
364 677
365 690
366 386
366 555
366 671
367 499
369 448
371 381
371 388
371 395
371 401
372 650
373 418
373 520
374 375
374 415
374 427
374 466
374 547
374 557
374 707
375 584
375 638
376 381
376 591
376 609
376 628
376 698
377 424
378 451
378 478
378 595
378 622
378 623
378 642
379 392
379 493
379 593
379 676
379 687
379 695
381 609
382 485
383 674
384 429
384 442
384 510
384 618
384 643
384 681
385 407
385 462
386 463
386 719
387 441
387 493
387 719
388 474
388 704
389 494
389 533
390 709
391 408
391 444
391 645
392 394
392 455
392 710
392 717
393 433
393 648
394 634
394 675
394 704
394 717
395 401
397 415
397 547
398 464
399 651
399 685
400 454
404 699
406 492
407 409
407 462
407 615
408 437
408 526
408 577
408 581
408 647
408 687
408 709
411 699
411 710
412 440
413 446
415 498
415 596
415 707
416 469
416 724
417 572
417 711
417 712
418 520
418 566
418 638
419 537
419 620
419 659
420 468
424 536
429 442
429 643
429 649
430 483
430 575
430 610
430 655
430 674
430 720
431 607
431 692
432 443
432 513
432 587
433 521
433 648
434 549
434 703
435 474
436 521
436 703
437 562
437 565
437 577
437 619
437 698
438 550
438 692
439 666
441 493
441 521
441 532
441 580
443 660
444 525
444 645
444 712
444 720
444 722
446 662
447 508
448 505
449 456
449 644
449 696
449 727
450 685
452 491
452 524
452 672
452 688
454 724
454 725
456 508
456 581
456 641
456 677
458 517
458 603
459 613
460 481
460 569
461 526
461 599
461 638
461 726
463 520
463 566
463 696
464 561
464 706
464 718
465 498
465 636
465 644
466 488
466 599
466 679
467 721
468 720
469 638
469 703
470 535
471 637
473 699
474 486
474 676
477 720
478 484
478 609
478 623
478 698
480 526
481 536
483 484
483 575
483 637
483 673
484 553
484 575
484 599
485 645
487 719
488 557
488 592
488 626
488 703
490 615
491 688
491 719
492 580
493 532
493 583
493 689
494 512
494 533
494 642
494 705
495 722
496 567
496 579
496 610
496 637
497 666
500 585
500 639
501 719
505 601
505 610
505 655
506 660
507 675
510 564
511 526
511 680
512 530
512 540
513 587
514 674
515 561
517 636
520 566
520 584
520 705
521 532
521 555
521 580
521 589
521 618
521 657
521 703
521 719
522 666
522 700
524 594
524 672
524 688
525 579
525 645
526 595
526 606
526 655
526 678
526 702
530 642
532 548
532 555
532 574
532 580
532 689
533 642
533 705
535 538
535 676
537 620
537 659
542 572
542 594
542 604
542 635
542 640
542 710
542 717
546 605
548 580
553 557
553 582
553 590
553 626
553 723
554 589
555 719
557 626
558 600
558 672
561 599
561 626
562 577
563 594
563 605
565 577
565 698
566 584
567 618
571 637
573 720
574 580
574 618
575 637
575 638
575 659
576 718
577 619
579 709
581 647
582 652
582 679
583 586
583 698
583 727
584 638
584 646
585 684
585 729
586 727
588 625
589 617
589 618
589 631
591 603
591 609
591 623
595 649
599 611
601 610
601 655
601 677
601 701
602 692
603 609
603 677
605 624
605 687
606 678
607 654
607 692
608 690
609 623
611 685
617 620
617 622
618 703
620 621
620 684
620 704
622 702
628 635
628 638
631 694
634 675
635 640
637 673
638 726
639 672
639 729
640 714
641 727
642 705
643 649
644 696
645 712
645 720
645 726
647 709
652 679
655 657
655 720
657 687
666 672
671 719
672 688
676 716
677 687
677 725
679 699
683 699
684 729
691 694
695 704
704 711
709 727
710 717
723 724
723 727
