#num-nodes
578
#num-links
2534
#links
0 113
0 226
0 372
0 537
1 12
1 28
1 29
1 48
1 79
1 126
1 139
1 166
1 181
1 209
1 231
1 249
1 268
1 287
1 309
1 311
1 350
1 352
1 414
1 431
1 545
1 569
2 78
2 164
2 212
2 277
2 284
2 333
2 397
2 409
2 542
2 567
3 49
3 129
3 209
3 298
3 303
3 336
3 509
3 529
3 534
3 539
3 547
4 18
4 100
4 318
4 331
4 394
4 536
4 561
4 565
5 43
5 183
5 195
5 322
5 403
5 547
6 12
6 45
6 79
6 126
6 141
6 157
6 188
6 304
6 309
6 323
6 511
7 16
7 41
7 181
7 187
7 332
7 455
8 506
9 128
9 261
9 319
9 364
9 436
9 498
10 14
10 142
10 164
10 198
10 204
10 212
10 236
10 319
10 355
10 385
10 438
10 474
10 505
10 527
11 123
11 322
11 352
11 511
12 23
12 79
12 101
12 139
12 188
12 252
12 350
12 402
12 457
12 470
12 545
13 45
13 136
13 217
13 276
13 336
13 356
13 430
13 453
13 504
14 17
14 74
14 142
14 204
14 250
14 319
14 423
14 556
14 576
15 61
15 93
15 98
15 177
15 221
15 226
15 339
15 348
15 366
15 379
15 424
15 554
16 29
16 41
16 158
16 181
16 239
16 455
16 497
16 533
17 18
17 60
17 76
17 78
17 144
17 159
17 162
17 164
17 169
17 204
17 205
17 333
17 343
17 383
17 385
17 394
17 397
17 467
17 474
17 530
17 542
18 25
18 67
18 100
18 127
18 164
18 236
18 243
18 318
18 320
18 333
18 375
18 385
18 438
18 439
18 474
18 492
18 530
18 565
19 90
19 93
19 108
19 216
19 265
19 424
20 22
20 80
20 159
20 162
20 169
20 240
20 243
20 354
20 474
20 496
21 61
21 118
21 182
21 205
21 256
21 283
21 298
21 329
21 427
21 471
22 80
22 326
22 474
22 523
22 535
23 257
23 317
23 395
23 400
23 431
23 470
23 475
23 489
23 497
23 566
24 193
24 347
24 381
25 92
25 109
25 153
25 182
25 302
25 366
25 469
25 498
25 501
26 68
26 91
26 153
26 361
26 501
26 520
27 176
27 178
27 200
27 340
27 412
28 99
28 130
28 149
28 174
28 182
28 209
28 210
28 268
28 317
28 352
28 455
28 457
28 498
28 504
28 544
29 126
29 166
29 174
29 187
29 239
29 268
29 352
29 431
29 455
29 533
29 545
29 569
30 102
30 156
30 233
30 248
30 294
30 299
30 404
30 413
30 415
30 465
30 520
30 524
31 55
31 180
31 270
31 316
31 334
31 376
31 535
31 561
31 576
32 95
32 119
32 260
33 225
33 232
33 292
33 426
33 443
33 512
33 525
34 36
34 68
34 103
34 115
34 155
34 208
34 344
34 361
34 380
34 563
35 75
35 229
35 391
35 443
35 523
35 525
35 555
36 75
36 145
36 155
36 156
36 193
36 344
36 361
36 459
36 465
36 515
37 52
37 98
37 172
37 213
37 224
37 274
37 369
37 374
37 375
37 411
38 76
38 80
38 226
38 243
38 329
38 441
38 474
38 496
39 58
39 72
39 73
39 105
39 171
39 206
39 303
39 373
39 382
39 418
39 507
39 514
40 244
40 337
40 371
40 393
40 401
40 435
40 486
40 559
41 181
41 187
41 291
41 533
42 82
42 100
42 143
42 280
42 318
42 331
42 364
42 376
42 392
42 525
42 537
43 56
43 136
43 158
43 195
43 217
43 234
43 276
43 304
43 368
43 395
43 402
43 551
44 370
44 548
45 101
45 136
45 157
45 218
45 356
45 453
46 71
46 324
46 432
46 509
46 553
47 358
47 558
47 560
48 81
48 166
48 231
48 277
48 350
48 431
48 569
49 63
49 117
49 134
49 179
49 298
49 471
49 501
49 547
49 568
50 186
50 269
50 432
50 445
50 507
50 555
51 59
51 158
51 218
51 291
51 304
51 311
51 420
51 457
52 122
52 202
52 266
52 293
52 375
52 413
52 439
53 79
53 220
53 504
53 577
54 83
54 121
54 140
54 163
54 170
54 230
54 250
54 251
54 270
54 271
54 316
54 360
54 433
54 500
54 517
55 121
55 196
55 223
55 237
55 270
55 284
55 293
55 316
55 384
55 436
55 520
56 79
56 252
56 276
56 304
56 311
56 368
56 457
56 464
57 143
57 151
57 263
57 269
57 274
57 340
57 353
57 355
57 503
57 507
57 567
58 106
58 206
58 286
58 305
58 307
58 310
58 412
58 418
58 436
58 528
58 535
59 101
59 149
59 169
59 214
59 218
59 257
59 273
59 304
59 325
60 70
60 147
60 198
60 236
60 270
60 374
60 385
60 426
60 467
60 505
60 536
61 63
61 64
61 278
61 283
61 342
61 348
61 379
61 393
61 519
61 554
62 176
62 364
62 376
62 440
62 570
63 67
63 94
63 104
63 173
63 246
63 556
64 234
64 263
64 274
64 278
64 355
65 89
65 90
65 265
66 77
66 81
66 149
66 231
66 249
66 255
66 317
66 325
66 332
66 339
66 396
66 428
66 431
67 80
67 173
67 214
67 348
67 366
67 483
68 70
68 103
68 115
68 155
68 208
68 248
68 281
68 282
68 293
68 344
68 361
68 380
68 408
68 508
68 532
68 543
68 552
69 98
69 115
69 135
69 137
69 155
69 198
69 224
69 232
69 411
69 426
69 483
70 133
70 155
70 199
70 265
70 347
70 515
70 540
71 95
71 134
71 260
71 262
71 324
71 392
71 407
71 432
71 518
71 559
72 73
72 88
72 105
72 418
73 105
73 113
74 196
74 204
74 207
74 212
74 343
74 383
74 402
74 417
74 526
74 564
74 576
75 82
75 193
75 269
75 335
75 357
75 363
75 483
75 515
76 80
76 144
76 164
76 236
76 474
77 81
77 325
77 339
77 367
78 118
78 162
78 333
78 343
78 387
78 397
78 409
78 467
78 482
78 492
78 542
78 558
78 567
79 81
79 126
79 141
79 157
79 249
79 291
79 309
79 317
79 330
79 396
79 545
80 99
80 170
80 173
80 237
80 243
80 329
80 333
80 441
80 446
80 474
80 496
81 126
81 187
81 352
81 428
81 507
81 567
81 569
82 269
82 280
82 331
82 503
82 525
82 536
82 555
83 140
83 230
83 270
83 398
83 423
83 450
83 500
83 505
84 160
84 253
84 306
84 374
84 408
84 415
84 466
84 520
84 543
85 119
85 215
85 222
85 240
85 383
85 510
86 97
86 133
86 165
86 202
86 224
86 413
86 552
87 470
87 566
88 266
88 327
88 380
88 404
88 413
88 477
88 479
88 493
88 562
89 102
89 107
89 143
89 216
89 265
89 331
89 488
89 536
90 107
90 216
90 265
90 374
91 277
91 313
91 384
91 409
91 467
92 99
92 109
92 153
92 182
92 205
92 246
92 283
92 302
92 469
92 471
92 473
92 480
92 498
92 538
92 550
93 98
93 172
93 224
93 227
93 265
93 274
93 288
93 362
93 411
93 424
93 482
93 483
94 99
94 113
94 182
94 211
94 246
94 251
94 302
94 435
94 471
94 498
94 538
94 572
95 119
95 131
95 154
95 222
95 260
95 315
95 510
96 300
96 306
96 449
96 524
97 165
97 272
97 346
97 347
97 375
97 437
98 199
98 224
98 339
98 362
98 424
98 441
98 482
99 109
99 153
99 182
99 205
99 302
99 329
99 469
99 471
99 473
99 480
99 498
99 501
99 538
99 548
99 550
100 127
100 129
100 170
100 187
100 318
100 331
100 521
100 530
100 536
100 565
101 105
101 130
101 149
101 218
101 273
101 430
102 107
102 108
102 124
102 172
102 247
102 265
102 293
102 477
102 520
103 115
103 155
103 282
103 344
103 347
103 361
103 380
104 246
104 313
104 320
104 422
104 486
104 575
105 169
105 226
105 364
105 382
106 143
106 226
106 247
106 285
106 355
106 494
107 108
107 172
107 216
107 247
107 265
107 274
107 301
107 318
107 331
107 375
107 426
107 492
108 146
108 265
108 299
108 439
108 461
108 477
108 494
109 118
109 182
109 283
109 302
109 366
109 425
109 435
109 469
109 471
109 473
109 480
109 498
109 526
109 538
109 548
109 550
109 556
109 568
110 197
110 238
110 306
110 459
110 463
110 513
110 524
111 326
111 363
111 523
112 238
112 286
112 310
112 341
112 389
113 180
113 251
113 301
114 524
115 155
115 208
115 282
115 344
115 361
115 364
115 508
115 515
117 181
117 234
117 246
117 469
117 471
117 519
118 205
118 264
118 283
118 425
118 471
118 473
118 547
118 556
119 222
119 260
119 297
119 523
120 183
120 367
120 468
121 140
121 147
121 170
121 180
121 230
121 250
121 270
121 271
121 360
121 433
121 451
121 493
121 500
121 505
121 517
122 528
122 531
123 511
124 133
124 143
124 232
124 241
124 292
124 347
124 412
124 426
124 544
125 126
125 128
125 402
125 540
126 139
126 174
126 255
126 287
126 309
126 311
126 330
126 350
126 352
126 368
126 400
126 431
126 545
127 128
127 132
127 143
127 318
127 372
127 492
127 530
128 178
128 194
128 271
128 343
128 359
128 382
128 507
128 525
128 540
129 336
129 568
130 141
130 157
130 174
130 188
130 214
130 268
130 269
130 368
130 402
130 414
131 510
131 532
131 571
132 134
132 161
132 179
132 262
132 534
133 186
133 380
133 459
133 490
133 515
133 567
134 179
134 244
134 262
134 315
134 336
134 547
135 137
135 207
135 226
135 235
135 269
135 486
135 525
136 304
136 317
136 395
136 511
136 551
137 199
138 406
139 166
139 220
139 249
139 255
139 322
139 350
139 352
139 431
139 529
139 545
140 147
140 163
140 230
140 250
140 270
140 316
140 360
140 398
140 433
140 451
140 500
140 550
140 564
141 157
141 174
141 188
141 262
141 323
141 352
141 414
141 464
141 577
142 204
142 319
142 435
142 511
142 564
143 176
143 208
143 292
143 340
143 456
143 503
143 522
144 162
144 164
144 236
144 284
144 333
144 383
144 423
144 467
144 474
144 476
144 540
145 156
145 192
145 225
145 347
145 412
145 465
145 476
145 511
145 543
146 203
146 266
146 327
146 404
146 413
146 439
146 461
146 479
146 493
146 494
146 562
146 563
147 180
147 230
147 250
147 270
147 271
147 360
147 398
147 423
147 433
147 450
147 451
147 493
147 505
147 517
147 561
148 481
149 158
149 214
149 273
149 330
149 410
149 430
149 504
149 519
151 372
151 387
151 503
151 506
152 174
152 255
152 268
152 352
152 545
153 264
153 302
153 313
153 366
153 471
153 498
153 501
153 526
153 550
153 568
154 215
154 277
154 385
154 527
154 557
155 202
155 282
155 293
155 327
155 344
155 361
155 408
155 415
155 461
155 465
155 508
155 515
156 412
156 465
156 476
156 515
157 188
157 252
157 323
157 368
157 400
157 464
157 491
157 532
158 273
158 332
158 410
158 533
159 162
159 169
159 215
159 219
159 277
159 333
159 385
159 507
159 518
159 540
160 192
160 286
160 349
160 421
160 449
160 465
160 520
160 524
160 543
160 546
160 573
161 314
161 315
161 353
161 534
162 169
162 215
162 319
162 320
162 467
162 492
162 505
162 518
162 567
163 230
163 398
163 450
164 189
164 212
164 222
164 228
164 394
164 492
164 542
165 168
165 172
165 272
165 346
165 434
165 437
165 459
165 461
165 502
166 249
166 287
166 350
166 431
166 569
167 192
167 223
167 300
167 328
167 349
168 306
168 338
168 513
168 531
168 546
169 215
169 222
169 333
169 343
169 397
169 518
169 567
170 271
170 316
170 376
170 423
170 433
170 474
170 505
170 517
170 576
171 206
171 226
171 418
171 436
172 265
172 426
172 459
172 549
172 565
173 246
173 267
173 271
173 348
173 366
173 371
173 379
173 425
173 435
173 496
173 576
174 209
174 231
174 255
174 268
174 309
174 317
174 352
174 545
175 245
175 377
175 406
175 575
176 261
176 263
176 289
176 340
176 359
176 373
177 219
177 222
177 392
177 441
177 485
177 509
178 200
178 373
178 440
178 542
179 200
179 353
179 547
180 204
180 205
180 334
180 436
180 438
180 501
180 550
180 556
180 576
181 239
181 246
181 455
181 497
182 283
182 302
182 313
182 425
182 435
182 473
182 480
182 498
182 538
182 550
183 217
183 504
184 189
184 228
184 277
184 469
184 557
185 213
185 223
185 286
185 305
185 310
185 444
185 503
186 223
186 344
187 533
187 569
188 323
188 350
188 368
188 395
188 402
188 431
188 577
189 212
189 222
189 228
189 277
189 394
189 402
189 409
189 417
189 468
189 542
190 318
190 530
190 541
190 565
192 286
192 300
192 328
192 349
192 421
192 449
192 466
192 520
192 524
192 543
194 204
194 373
194 376
194 492
194 507
194 514
195 322
195 374
195 403
196 230
196 316
196 423
196 450
196 500
196 517
196 576
197 223
198 204
198 316
198 541
198 565
199 207
199 221
199 223
199 227
199 362
199 369
199 411
199 443
199 463
199 482
199 490
199 567
200 290
200 364
200 456
200 537
202 203
202 233
202 266
202 334
202 369
202 413
202 459
202 493
203 266
203 282
203 327
203 344
203 413
203 439
203 520
203 546
203 563
204 236
204 319
204 383
204 385
204 394
204 438
204 474
205 211
205 212
205 256
205 264
205 312
205 366
205 397
205 399
205 469
205 526
205 568
206 261
206 416
206 418
206 436
206 561
207 228
207 235
207 269
207 321
207 342
207 440
207 486
207 509
208 282
208 344
209 350
209 431
210 217
210 304
210 367
210 420
210 453
211 246
211 366
211 393
211 399
211 471
211 572
212 236
212 333
212 394
212 397
212 409
212 530
212 542
212 574
213 286
213 288
213 310
213 338
213 374
213 444
214 218
214 231
214 295
214 414
214 468
214 516
215 236
215 333
215 474
215 540
217 325
217 504
218 231
218 273
218 295
218 390
218 453
219 284
219 506
220 529
221 339
221 348
221 379
221 446
221 482
221 483
221 519
221 554
221 567
222 240
222 297
222 354
222 417
222 432
222 510
222 542
223 272
223 305
223 346
223 421
223 444
223 463
223 520
224 227
224 288
224 369
224 411
224 424
224 482
225 265
225 282
225 327
225 408
225 415
225 520
226 248
226 293
226 329
226 369
226 436
226 527
226 561
227 288
227 369
227 424
227 482
227 561
228 240
228 343
228 358
228 417
230 270
230 271
230 360
230 398
230 433
230 450
230 493
231 242
231 273
231 317
231 352
231 368
231 455
232 292
232 426
232 503
233 266
233 327
233 338
233 404
233 408
233 413
233 479
233 563
234 244
234 256
234 298
234 499
234 509
235 368
235 377
235 393
235 469
235 498
235 548
235 575
236 331
236 409
236 438
236 474
236 492
237 243
237 329
237 441
237 446
237 482
238 305
238 310
238 374
238 444
238 463
239 317
239 405
239 497
239 533
240 320
241 269
241 279
241 292
241 445
241 555
242 258
242 368
242 405
242 442
243 329
243 441
243 446
243 496
243 509
243 553
244 298
244 486
244 499
245 406
245 458
245 534
246 366
246 393
246 435
246 469
246 473
246 480
246 532
247 265
247 285
247 334
247 494
248 293
248 404
248 415
248 436
249 252
249 255
249 268
249 309
249 330
249 350
249 352
249 396
249 431
249 545
250 270
250 319
250 433
250 451
250 493
250 505
250 517
250 520
250 576
251 398
252 287
252 304
252 323
252 455
252 457
252 516
252 529
253 306
253 380
253 408
255 268
255 287
255 291
255 311
255 318
255 350
255 352
255 368
255 396
255 431
255 516
255 545
255 569
257 258
257 402
257 475
257 495
257 553
258 304
258 330
258 368
259 432
260 292
260 351
260 389
260 419
260 560
261 436
261 552
262 407
263 276
263 279
263 340
263 445
263 503
264 348
264 379
264 454
264 469
264 509
264 516
264 558
264 568
265 375
266 299
266 404
266 439
266 461
266 479
266 493
266 562
266 563
267 273
267 453
268 304
268 311
268 317
268 352
268 368
268 405
268 414
268 431
268 442
268 457
268 473
268 545
268 569
269 279
269 347
269 445
269 507
269 512
269 525
269 555
269 567
270 271
270 398
270 423
270 433
270 450
270 451
270 493
270 500
270 505
271 360
271 376
271 398
271 423
271 433
271 450
271 451
271 500
271 517
271 576
272 346
272 434
272 437
272 459
272 463
272 520
273 304
273 410
273 551
274 482
274 490
274 506
275 374
275 389
275 463
276 304
276 311
276 336
276 368
276 395
276 516
276 551
277 409
277 507
277 518
277 542
277 557
277 567
277 577
278 554
279 392
279 525
279 555
280 331
280 492
280 536
281 327
281 515
282 290
282 299
282 344
282 347
282 361
282 364
282 380
282 465
282 515
283 302
283 425
283 469
283 473
283 480
283 498
283 538
283 556
284 300
284 333
284 387
284 509
284 518
284 540
284 567
285 300
285 301
285 364
285 429
285 561
286 309
286 310
286 449
286 520
286 524
287 323
287 350
287 352
287 431
287 545
288 369
288 411
288 424
288 524
289 488
290 344
290 361
290 415
290 476
291 311
291 368
291 485
291 518
291 545
292 503
292 537
292 555
293 294
293 380
293 436
293 482
294 300
294 305
294 349
294 404
294 449
294 524
295 367
295 468
296 371
296 391
296 392
296 553
296 559
298 304
298 499
298 529
299 413
299 461
299 479
299 490
299 562
300 349
300 421
300 504
300 531
300 546
300 565
301 355
301 459
301 552
302 313
302 329
302 425
302 469
302 473
302 480
302 526
302 538
302 550
303 378
303 412
303 476
303 529
303 535
304 317
304 336
304 352
304 368
304 457
304 499
304 529
304 551
305 310
306 308
306 349
306 374
306 513
306 520
306 524
307 323
307 528
307 535
308 562
309 311
309 320
309 352
309 396
309 491
309 533
309 545
310 374
311 322
311 352
311 368
311 431
311 491
312 316
312 366
312 384
312 501
312 538
312 564
312 568
313 473
313 480
313 498
313 501
313 538
314 315
314 353
314 534
315 353
315 521
315 534
316 384
316 423
316 505
316 564
316 576
317 405
317 468
318 331
318 565
319 384
319 423
319 438
319 556
319 576
320 323
321 447
321 448
321 553
321 573
322 431
323 330
323 368
324 559
325 356
325 402
325 428
326 363
326 415
326 523
327 380
327 408
327 413
327 415
327 479
327 508
327 543
327 563
329 435
329 441
329 446
329 471
329 496
329 547
330 396
330 401
330 545
331 394
331 492
331 521
331 536
331 537
332 455
332 497
333 409
334 376
334 416
334 528
335 363
335 512
335 537
336 337
336 547
336 568
337 371
337 393
337 401
337 486
337 559
337 568
338 463
338 513
338 546
339 482
340 503
340 506
340 512
340 527
340 542
341 389
342 522
343 358
343 397
343 467
343 542
343 558
343 560
344 361
344 380
344 439
345 522
346 347
346 434
346 437
346 444
347 357
347 512
348 366
348 379
348 519
348 527
349 421
349 449
349 520
349 546
350 414
350 431
350 464
350 491
350 511
350 545
350 569
351 419
351 509
351 560
352 368
352 396
352 414
352 431
352 516
352 569
353 534
356 420
356 428
356 551
358 460
358 467
358 542
358 558
358 560
358 574
359 364
359 376
359 552
360 398
360 433
360 500
360 576
361 369
361 380
361 508
362 369
362 477
362 482
362 490
363 443
363 512
363 557
364 380
364 440
364 570
366 501
366 526
366 568
367 386
368 377
368 396
368 442
369 379
369 411
369 424
370 399
370 509
370 548
371 393
371 401
371 486
371 558
371 559
373 376
373 440
374 381
374 463
374 520
375 381
375 549
376 492
376 505
376 507
376 514
376 535
376 567
376 570
376 576
377 458
378 535
379 428
379 527
379 556
380 408
380 415
380 459
380 471
380 508
380 515
380 521
380 562
381 477
381 490
381 507
381 515
382 418
382 503
382 552
382 567
383 438
383 510
384 564
385 441
385 460
385 519
385 530
387 441
387 474
387 482
387 554
387 567
388 422
388 484
391 481
391 523
391 539
391 553
392 468
392 549
392 555
393 399
393 401
393 486
394 409
394 438
394 492
394 542
394 574
395 400
395 511
395 551
396 545
396 569
397 409
397 417
397 467
397 540
397 542
397 574
398 423
398 433
398 493
398 500
398 505
398 532
398 552
399 572
400 430
400 464
400 532
401 427
401 486
402 409
404 411
404 413
404 429
404 461
404 479
404 562
405 457
407 509
407 549
408 415
408 515
408 543
409 426
409 542
410 414
410 468
410 484
410 504
411 424
411 429
412 465
412 476
412 483
412 543
413 418
413 439
413 461
413 465
413 479
413 493
413 494
413 520
413 546
413 563
414 431
414 457
414 529
415 465
415 508
416 528
417 540
417 542
418 570
419 460
419 469
419 491
419 519
420 437
421 449
421 520
421 524
421 546
422 575
423 438
423 505
423 540
423 576
424 440
424 482
424 483
425 469
425 473
425 480
425 498
425 526
425 548
426 544
431 569
432 443
432 510
433 436
433 451
433 493
433 500
433 505
433 561
433 564
434 459
434 502
435 484
435 498
436 535
436 561
437 459
439 461
439 479
439 494
439 563
440 570
441 496
443 512
445 507
445 555
446 496
446 554
447 553
448 549
448 553
448 573
449 520
449 524
449 543
449 546
450 451
450 500
450 517
450 561
450 576
451 500
451 517
453 504
454 516
454 519
454 572
457 464
457 491
458 484
458 547
459 502
459 515
461 479
461 494
461 502
461 562
461 563
462 470
462 566
463 511
467 542
468 543
469 548
469 568
470 566
471 538
471 554
473 538
473 550
473 556
473 572
474 505
475 495
475 504
476 562
477 490
477 494
477 561
478 541
479 562
479 563
480 498
480 538
480 548
480 550
483 490
483 503
484 519
485 519
485 573
486 547
486 548
486 558
489 566
490 494
491 511
492 507
492 530
493 514
493 529
494 561
494 563
496 510
497 533
498 501
498 505
498 526
498 538
498 548
498 550
498 556
498 568
499 529
500 517
500 532
501 547
501 550
501 568
501 572
503 507
505 564
507 518
507 525
507 537
507 555
507 567
508 530
509 549
509 553
511 543
513 528
513 546
514 543
514 552
517 576
518 540
518 567
519 554
520 543
520 546
521 536
524 543
525 537
525 555
525 567
526 550
526 556
527 557
528 531
531 543
532 552
532 571
538 550
538 556
540 542
542 560
543 552
545 569
547 568
547 575
548 550
548 556
549 553
550 556
553 573
556 568
564 576
