#num-nodes
2037
#num-links
8525
#links
0 218
0 1028
0 1146
0 1151
1 180
1 272
1 424
1 620
1 662
1 676
1 942
1 1025
1 1047
1 1080
1 1192
1 1251
3 14
3 587
3 601
3 733
3 907
4 212
4 215
4 367
4 674
4 679
4 696
4 933
4 973
5 181
5 300
5 344
5 536
5 784
5 933
5 1049
5 1121
5 1261
6 393
6 691
6 849
6 967
6 1488
7 156
7 359
7 519
7 585
7 590
7 852
7 1189
7 1250
8 78
8 223
8 412
8 514
8 609
8 614
8 641
8 645
8 751
8 770
8 833
9 749
10 309
10 357
10 422
10 503
10 578
10 783
10 957
10 1263
11 27
11 115
11 139
11 241
11 247
11 427
11 567
11 570
11 616
11 726
11 822
11 1156
12 72
12 199
12 326
12 498
12 646
12 756
12 885
12 1197
12 1258
13 150
13 154
13 221
13 523
13 654
13 748
13 761
13 998
14 55
14 130
14 243
14 353
14 436
14 584
14 601
14 771
14 1148
14 1193
15 289
15 341
15 485
15 774
15 1012
15 1146
16 488
16 806
18 128
18 145
18 364
18 384
18 403
18 657
18 715
18 750
18 843
18 1044
18 1086
18 1373
19 27
19 139
19 241
19 326
19 390
19 567
19 651
19 826
19 830
19 993
19 1100
19 1140
20 61
20 179
20 250
20 276
20 287
20 333
20 605
20 869
20 1004
20 1010
20 1119
20 1142
20 1178
21 288
21 380
21 411
21 430
21 450
21 476
21 528
21 554
21 616
21 633
21 666
21 945
21 1179
21 1239
21 1253
22 93
22 188
22 520
22 967
22 1183
23 289
23 406
23 791
23 941
23 994
24 333
24 600
24 763
24 860
24 1002
24 1025
24 1125
24 1165
24 1684
24 1766
24 1882
25 74
25 81
25 169
25 396
25 426
25 948
25 1155
26 314
26 315
26 482
26 509
26 603
26 606
26 869
26 1210
26 1650
27 260
27 380
27 442
27 517
27 627
27 737
27 792
27 807
27 822
27 826
27 830
27 834
27 1100
28 462
28 654
28 1183
29 187
29 568
29 573
29 931
29 1254
29 1796
30 44
30 105
30 363
30 393
30 764
30 782
30 970
31 33
31 39
31 52
31 88
31 317
31 543
31 705
31 777
31 848
31 1092
32 121
32 274
32 290
32 295
32 339
32 544
32 811
32 819
32 825
32 842
32 866
32 1056
32 1064
32 1097
32 1164
33 198
33 226
33 267
33 338
33 339
33 348
33 392
33 398
33 421
33 593
33 689
33 706
33 716
33 794
33 833
33 905
33 1072
33 1084
34 161
34 216
34 259
34 614
34 716
34 805
34 1031
34 1112
34 1235
35 273
35 379
35 417
35 664
35 766
35 1123
35 1178
35 1196
35 1225
35 1408
35 1415
35 1453
35 1514
36 687
36 959
36 1138
37 291
37 1226
38 622
38 631
38 934
38 965
38 1146
38 1152
39 88
39 155
39 300
39 349
39 515
39 543
39 665
39 793
39 909
39 1117
40 350
40 705
40 713
40 777
40 861
40 912
40 1237
41 173
41 275
41 1138
42 154
42 275
42 415
42 617
42 1065
42 1190
42 1782
43 248
43 273
43 395
43 663
43 1009
43 1184
43 1188
43 1195
44 391
44 698
45 425
45 450
45 486
45 497
45 527
45 582
45 777
45 909
45 1136
45 1209
45 1372
46 66
46 266
46 488
46 967
46 1093
46 1167
47 71
47 149
47 220
47 321
47 566
47 586
47 597
47 625
47 864
47 1101
47 1137
47 1239
48 52
48 393
48 484
48 512
48 597
48 659
48 772
48 818
48 1166
49 62
49 153
49 232
49 287
49 357
49 422
49 633
49 667
49 678
50 122
50 191
50 247
50 301
50 326
51 160
51 271
51 348
51 432
51 598
51 644
51 701
51 964
51 1041
51 1072
52 69
52 78
52 100
52 368
52 516
52 602
52 775
52 861
52 905
52 908
52 1032
52 1041
52 1076
53 79
53 324
53 461
53 494
53 818
53 927
53 969
53 980
53 1092
53 1190
53 1273
54 625
54 837
54 1571
55 59
55 372
55 397
55 401
55 601
55 673
55 771
55 882
55 884
55 905
55 1035
55 1189
55 1194
56 168
56 366
56 423
56 605
56 612
56 736
56 776
56 778
56 946
56 1020
56 1601
56 1973
57 416
57 421
57 444
57 561
57 684
57 734
57 770
57 774
57 777
57 847
57 1174
58 384
58 527
58 625
58 715
58 837
58 838
58 1205
59 127
59 314
59 371
59 396
59 435
59 613
59 862
59 905
59 987
59 1035
59 1186
60 291
60 337
60 718
60 944
61 379
61 729
61 1032
62 67
62 72
62 350
62 357
62 422
62 507
62 525
62 564
62 633
62 646
62 787
62 826
62 871
62 1190
62 1241
63 78
63 371
63 498
63 675
63 690
63 709
63 771
63 775
63 833
63 850
63 859
63 986
63 1166
63 1242
64 539
64 896
64 994
64 1169
64 1237
65 113
65 281
65 496
65 853
65 1017
65 1194
66 436
66 542
66 623
66 730
66 829
66 848
67 166
67 637
67 723
67 794
67 830
67 1001
68 367
68 1121
68 1131
68 1564
68 1803
68 1860
68 1870
69 78
69 163
69 207
69 392
69 516
69 734
69 833
69 863
69 1041
70 171
70 181
70 268
70 369
70 438
70 493
70 628
70 649
70 678
70 869
70 1082
70 1210
70 1224
70 1856
71 252
71 420
71 502
71 593
71 720
71 927
71 969
71 1224
71 1252
72 219
72 252
72 364
72 431
72 471
72 486
72 708
72 720
72 732
72 917
73 112
73 161
73 246
73 447
73 578
73 840
73 1000
73 1124
74 75
74 81
74 127
74 340
74 396
74 426
74 544
74 862
74 1074
74 1155
75 81
75 348
75 396
75 408
75 426
75 498
75 544
75 618
75 842
75 986
75 1041
75 1072
75 1155
76 574
76 794
76 842
76 1522
77 300
77 531
77 603
77 698
77 836
78 100
78 223
78 492
78 497
78 514
78 516
78 629
78 709
78 722
78 775
78 833
78 863
79 113
79 431
79 496
79 519
79 634
79 720
79 830
80 135
80 193
80 446
80 731
80 756
80 996
80 1045
80 1115
80 1138
81 338
81 340
81 426
81 544
81 899
82 224
82 317
82 384
82 543
82 672
82 855
82 861
82 897
82 1085
82 1171
82 1213
82 1231
82 1256
83 427
83 527
83 847
83 868
83 1021
84 95
84 103
84 241
84 471
84 688
84 792
84 1142
84 1192
84 1260
86 275
86 755
87 270
87 352
87 592
87 668
87 704
87 1104
88 207
88 317
88 543
88 705
88 848
88 1092
88 1171
89 300
89 431
89 434
89 454
89 474
89 540
89 792
89 1025
89 1071
89 1215
90 118
90 568
90 573
90 679
90 702
90 781
90 996
90 1067
90 1107
90 1143
90 1247
91 221
91 253
91 331
91 334
91 440
91 1066
91 1086
91 1197
91 1525
92 108
92 162
92 224
92 430
92 543
92 849
92 1171
93 114
93 568
93 589
93 769
93 810
93 1183
94 482
94 626
94 642
94 785
94 807
94 868
94 921
94 983
94 1112
94 1145
94 1181
94 1236
95 203
95 634
95 830
95 964
95 1063
95 1838
96 502
96 519
96 625
96 832
96 1038
96 1055
96 1110
96 1178
97 171
97 245
97 728
97 870
97 987
97 1037
97 1061
97 1111
97 1116
97 1207
97 1242
97 1328
98 116
98 165
98 619
98 721
98 840
98 1112
99 110
99 379
99 451
99 589
99 653
99 682
99 870
99 928
99 1133
99 1196
99 1783
100 198
100 271
100 339
100 516
100 709
100 722
100 775
100 821
100 863
100 1037
101 169
101 261
101 339
101 447
101 480
101 494
101 641
101 722
101 791
101 862
101 865
101 908
101 1012
102 286
102 315
102 333
102 376
102 761
102 798
102 799
102 1025
102 1142
102 1251
103 230
103 244
103 256
103 515
103 546
103 624
103 792
103 826
103 830
103 941
103 1177
103 1192
103 1663
104 145
104 255
104 259
104 299
104 488
104 671
104 1171
104 1253
105 274
105 324
105 346
105 361
105 409
105 720
105 818
105 969
105 1008
105 1227
106 441
106 764
107 1318
108 182
108 224
108 344
108 624
108 633
108 1048
108 1124
108 1171
108 1250
109 347
109 470
109 655
109 658
109 795
109 933
109 1949
110 379
110 386
110 409
110 692
110 782
110 964
110 1094
110 1133
111 142
111 170
111 272
111 327
111 385
111 431
111 447
111 624
111 640
111 666
111 737
111 808
111 895
111 899
111 911
111 1149
111 1179
112 158
112 272
112 309
112 385
112 394
112 447
112 624
112 745
112 747
112 895
112 908
112 1068
112 1092
112 1230
112 1231
112 1245
112 1249
113 496
113 508
113 670
113 806
113 853
113 928
113 1005
114 154
115 427
115 485
115 582
115 598
115 633
115 703
115 740
115 896
115 965
115 1130
115 1372
116 213
116 695
116 721
116 840
117 147
117 253
117 261
117 334
117 747
117 867
117 889
117 960
117 1075
118 125
118 575
118 996
119 462
119 513
119 1006
119 1450
120 167
120 321
120 516
120 716
120 899
120 1084
120 1207
121 334
121 346
121 811
121 819
121 922
121 1097
121 1164
121 1174
121 1197
123 347
123 411
123 450
123 611
123 1031
123 1096
123 1237
124 178
124 699
124 1261
125 366
125 967
125 996
125 1030
126 396
126 706
126 846
126 1202
126 1254
127 141
127 356
127 501
127 768
127 813
127 862
127 964
127 1041
127 1074
127 1078
127 1186
128 451
128 589
128 873
128 1022
128 1028
128 1146
128 1151
129 1432
130 197
130 240
130 329
130 348
130 353
130 417
130 459
130 498
130 563
130 603
130 628
130 859
130 1072
130 1084
130 1125
130 1186
130 2036
131 384
131 693
131 735
131 743
131 772
131 849
131 1202
131 1235
131 1821
132 154
132 390
132 563
132 651
132 685
132 737
132 836
132 953
132 1033
133 2012
134 473
134 703
134 1136
134 1209
134 1221
135 138
135 377
135 919
135 1059
135 1159
135 1428
136 151
136 867
136 888
136 924
136 1038
136 1193
136 1240
137 1228
137 1237
138 459
138 873
138 919
138 1059
138 1095
138 1131
138 1159
138 1428
138 1688
138 1935
139 241
139 326
139 385
139 442
139 567
139 792
139 830
139 990
139 1100
139 1140
140 335
140 388
140 567
140 570
140 726
140 957
140 1066
140 1069
140 1185
141 221
141 1147
142 158
142 170
142 350
142 608
142 640
142 861
142 899
142 1209
142 1245
143 340
143 515
143 546
143 741
143 807
143 826
143 942
143 1106
143 1232
143 1802
144 248
144 370
144 395
144 576
144 1098
144 1680
144 1967
145 384
145 496
145 715
145 843
145 898
145 1044
145 1137
146 566
146 713
146 1232
147 261
147 314
147 334
147 392
147 398
147 489
147 675
147 867
147 960
147 1024
147 1075
147 1076
147 1170
148 168
148 366
148 562
148 648
148 669
148 940
148 991
148 1023
148 1038
148 1113
149 384
149 444
150 253
150 536
150 584
150 657
150 846
150 931
150 1254
150 1892
150 2022
151 221
151 334
151 363
151 397
151 606
152 374
152 697
152 809
152 1081
152 1108
152 1111
152 1219
153 411
153 788
153 799
153 921
153 1031
153 1169
153 1224
154 415
154 451
154 523
154 526
154 664
154 755
154 1088
154 1171
155 265
155 642
155 665
155 788
155 800
155 834
155 912
155 1124
156 193
156 266
156 276
156 684
156 765
156 770
156 816
156 995
156 1038
156 1133
156 1170
156 1250
156 1252
156 1255
158 239
158 262
158 295
158 640
158 759
158 825
158 826
158 1090
159 1130
159 1199
160 432
160 541
160 742
161 262
161 272
161 411
161 421
161 642
161 749
161 804
161 825
161 997
161 1000
161 1145
162 224
162 399
162 543
162 816
162 897
162 1048
162 1092
162 1116
163 593
163 596
163 643
163 688
163 1034
163 1255
164 219
164 307
164 359
164 365
164 643
164 675
164 716
164 1116
165 173
165 434
165 447
165 549
165 753
165 802
165 822
165 962
166 173
166 178
166 230
166 450
166 471
166 501
166 507
166 539
166 637
166 756
166 882
166 895
166 1062
166 1088
166 1095
166 1169
166 1184
166 1932
166 1958
167 211
167 226
167 271
167 586
167 716
167 844
167 981
167 986
167 1041
168 176
168 1113
168 1227
168 1232
169 396
169 426
169 544
169 675
169 706
169 813
169 1145
169 1155
169 1186
170 272
170 619
170 624
170 626
170 637
170 644
170 783
170 942
170 957
170 1120
170 1231
170 1249
171 348
171 408
171 747
171 794
171 859
171 1076
171 1811
172 175
172 333
172 603
172 798
172 901
172 1010
172 1142
172 1251
172 1585
172 1620
172 1766
172 1882
173 229
173 554
173 585
173 688
173 875
173 945
173 964
173 1030
173 1088
173 1143
174 523
174 554
174 585
174 589
174 877
174 1044
174 1373
174 1539
175 230
175 250
175 458
175 493
175 656
175 866
175 894
175 901
175 1004
176 194
176 1039
176 1221
176 1759
177 435
177 460
177 603
177 606
177 1043
178 209
178 242
178 471
178 487
178 913
178 1078
178 1095
179 250
179 386
179 625
179 947
179 1119
179 1178
180 546
180 613
180 620
180 741
180 860
180 869
180 894
180 1025
180 1201
180 1203
180 1251
181 186
181 260
181 320
181 333
181 344
181 453
181 460
181 486
181 493
181 574
181 600
181 656
181 798
181 830
181 850
181 869
181 1004
181 1066
181 1091
181 1201
182 801
182 808
183 1220
184 479
184 906
185 846
185 1333
186 210
186 287
186 460
186 482
186 591
186 685
186 1025
187 210
187 489
187 768
187 1014
187 1125
187 1204
187 1892
188 414
188 451
188 520
188 615
188 796
188 1385
189 219
189 245
189 348
189 398
189 408
189 413
189 602
189 631
189 675
189 835
189 846
189 960
189 1166
189 1186
189 1238
189 1333
190 209
190 575
190 696
190 760
190 1067
190 1163
190 1228
191 292
191 666
191 798
191 1138
192 681
192 715
193 276
193 564
193 731
193 772
193 1038
193 1115
194 1039
195 473
195 805
195 896
195 950
196 239
196 887
196 968
196 1080
197 324
197 348
197 353
197 354
197 359
197 373
197 459
197 628
197 958
197 1125
198 339
198 416
198 421
198 675
198 768
198 863
198 960
198 1242
199 301
199 603
199 606
199 725
199 756
199 885
199 1172
200 594
200 1220
201 474
201 604
201 617
201 618
201 708
201 712
201 937
201 941
201 994
201 1115
201 1172
203 242
203 422
203 486
203 500
203 712
203 860
203 893
203 1147
203 1172
203 1242
204 291
204 479
204 676
204 694
204 696
204 760
204 784
204 1551
204 1804
204 1935
206 494
206 736
206 1092
206 1117
206 1227
207 223
207 284
207 336
207 343
207 353
207 398
207 514
207 609
207 628
207 690
207 863
207 866
207 1041
208 271
208 487
208 734
208 742
208 1072
209 277
209 760
210 279
210 343
210 460
210 489
210 584
210 1204
211 226
211 271
211 445
211 689
211 1096
211 1545
212 277
212 367
212 505
212 674
212 679
212 781
212 1967
213 247
213 355
213 434
213 721
213 840
214 290
214 741
214 874
214 1087
215 674
216 235
216 280
216 310
216 312
216 464
216 465
216 467
217 328
217 580
218 497
218 738
218 801
219 245
219 295
219 334
219 408
219 413
219 474
219 498
219 842
219 859
219 899
219 1076
219 1116
219 1326
220 227
220 608
220 610
220 616
220 625
220 822
220 859
220 1073
220 1172
221 273
221 279
221 338
221 425
221 518
221 729
221 842
221 867
221 949
221 1147
221 1160
221 1240
222 327
222 340
222 398
222 440
222 545
222 712
222 724
222 728
222 780
222 834
222 1106
222 1257
223 225
223 245
223 398
223 412
223 492
223 514
223 602
223 609
223 614
223 645
223 751
223 833
223 859
224 271
224 276
224 742
224 815
224 1038
224 1048
224 1182
224 1253
225 381
225 476
225 561
225 627
225 1004
226 271
226 356
226 445
226 541
226 701
226 1041
226 1084
227 307
227 308
227 341
227 553
227 703
227 740
227 848
227 856
227 1146
229 585
229 875
229 945
229 1044
229 1109
230 295
230 340
230 458
230 544
230 626
230 637
230 723
230 787
230 826
230 830
230 866
230 1001
230 1025
230 1062
230 1149
230 1215
230 1262
231 321
231 412
231 572
231 659
231 793
231 994
231 1064
231 1080
231 1097
231 1203
232 238
232 319
232 665
232 726
232 736
232 874
232 940
232 976
232 982
232 1130
232 1136
232 1256
233 383
233 639
233 1052
233 1195
234 257
234 282
234 463
234 798
234 824
234 918
234 935
234 1095
234 1178
235 278
235 558
235 559
235 658
235 824
235 883
235 1098
236 278
236 282
236 310
236 557
236 658
236 781
236 824
236 879
236 883
236 1013
236 1019
236 1054
237 296
237 367
237 415
237 882
237 961
237 1051
237 1432
238 255
238 259
238 439
238 611
238 914
238 956
238 1180
238 1507
239 262
239 341
239 444
239 530
239 689
239 1056
240 241
240 243
240 619
240 768
240 1230
240 1244
241 574
241 790
241 822
241 830
241 1590
241 1802
242 267
242 322
242 351
242 458
242 690
242 939
242 1065
242 1078
242 1213
243 359
243 629
243 706
243 801
243 1138
243 1229
243 1234
244 256
244 344
244 357
244 471
244 1177
244 1213
244 1836
245 284
245 327
245 348
245 398
245 408
245 413
245 498
245 751
245 1166
246 378
246 421
246 911
246 963
246 998
246 1000
246 1064
247 260
247 563
247 631
247 840
247 990
247 1068
248 513
248 694
248 1022
248 1191
249 519
249 764
249 782
249 889
249 896
249 1027
249 1181
249 1259
250 290
250 333
250 369
250 618
250 676
250 729
250 1004
250 1010
250 1092
250 1212
251 542
251 1050
251 1085
251 1175
252 497
252 569
252 709
252 819
252 855
253 331
253 334
253 412
253 688
253 747
253 765
253 1225
253 1238
254 270
254 276
254 930
255 280
255 434
255 439
255 848
255 856
255 1031
256 471
256 752
256 1096
256 1192
257 303
257 395
257 463
257 513
257 534
257 598
257 913
257 918
257 1051
257 1261
259 289
259 354
259 434
259 439
259 848
259 1031
259 1158
260 456
260 486
260 492
260 517
260 525
260 574
260 635
260 736
260 830
260 990
260 1066
260 1091
260 1809
261 334
261 392
261 859
261 862
261 867
261 960
261 1065
262 346
262 759
262 904
262 997
262 1058
262 1061
262 1174
263 634
263 1063
264 1746
265 357
265 648
265 745
265 788
266 276
266 363
266 389
266 393
266 495
266 587
266 659
266 668
266 731
266 765
266 980
266 1255
266 1470
267 341
267 424
267 516
267 604
267 774
267 839
267 865
267 876
267 908
267 1242
268 333
268 344
268 425
268 438
268 656
268 851
268 1010
268 1092
268 1160
268 1201
268 1203
268 1210
268 1440
269 326
269 417
269 562
269 666
269 836
269 881
269 944
269 1444
269 1656
270 276
270 621
270 638
270 1070
270 1345
270 1823
271 315
271 339
271 432
271 516
271 742
271 775
271 903
271 987
271 1037
271 1072
271 1074
271 1090
272 458
272 515
272 578
272 624
272 942
272 1231
273 337
273 469
273 816
273 943
273 1123
273 1184
274 497
274 566
274 988
275 419
275 582
275 585
275 587
275 1028
275 1030
275 1088
276 518
276 659
276 731
276 832
276 975
276 995
276 1178
276 1255
277 395
277 666
277 696
277 760
277 1989
278 470
278 557
278 710
278 1102
279 329
279 460
279 567
279 577
279 657
279 798
279 1010
279 1066
279 1142
279 1160
279 1936
280 441
280 757
281 401
281 534
281 615
281 910
281 1194
281 1824
282 422
282 883
282 1019
282 1102
283 288
283 301
283 318
283 326
283 364
283 376
283 425
283 748
283 823
283 1118
283 1247
283 1260
283 1843
283 2020
284 339
284 511
284 768
284 863
284 910
284 981
284 986
284 1176
285 583
285 794
285 850
285 993
285 1766
286 315
286 316
286 376
286 460
286 591
286 814
286 1160
286 1432
287 333
287 357
287 600
287 721
287 773
288 301
288 309
288 381
288 573
288 606
288 627
288 666
288 750
288 822
288 823
288 1118
288 1247
288 1260
288 1822
289 341
289 444
289 774
289 800
290 471
290 717
290 767
290 929
290 952
290 987
290 1007
290 1087
291 437
291 1044
291 1183
291 1237
292 315
292 316
293 310
293 387
293 517
293 542
293 781
293 795
293 1057
294 1240
295 300
295 474
295 544
295 689
295 817
295 842
295 861
295 899
295 1058
295 1089
295 1113
296 443
296 674
296 711
296 916
296 979
296 1158
296 1226
297 601
297 639
297 698
297 730
297 733
297 838
297 1339
297 1435
297 1526
297 1749
297 1808
298 301
298 666
298 670
298 893
298 990
298 1061
298 1086
298 1091
299 671
299 695
299 1130
300 454
300 474
300 617
300 708
300 712
300 917
300 1071
300 1172
300 1210
300 1215
300 1555
301 318
301 326
301 335
301 425
301 570
301 750
301 822
301 823
301 896
301 1118
301 1254
301 1313
301 2020
302 1217
303 513
303 533
303 694
303 1261
303 1323
304 376
304 600
304 860
304 1002
304 1142
304 1201
304 1251
305 324
305 373
305 452
306 519
306 590
306 599
306 668
306 704
306 858
306 1038
306 1042
306 1055
307 311
307 341
307 414
307 643
307 688
307 1008
307 1073
307 1109
307 1112
307 1151
307 1176
308 758
309 428
309 476
309 588
309 823
309 846
309 1085
310 784
310 795
310 961
310 1057
310 1117
310 1905
311 334
311 440
311 471
311 497
311 554
311 725
311 867
311 969
311 1024
311 1170
311 1172
312 434
312 465
312 697
312 824
312 892
312 1054
312 1201
312 1261
313 381
313 524
313 627
313 822
313 823
313 1069
313 1156
313 1263
314 347
314 435
314 509
314 590
314 643
314 766
314 869
314 1035
314 1065
314 1166
314 1242
315 329
316 1702
317 456
317 476
317 543
317 554
317 705
317 777
317 1092
317 1239
318 335
318 446
318 748
318 1118
318 1135
319 631
320 338
320 376
320 438
320 662
320 763
320 798
320 860
320 987
320 989
320 1011
320 1025
320 1142
320 1149
320 1201
320 1620
320 1882
321 323
321 446
321 749
321 899
321 966
321 1112
321 1233
322 566
322 637
322 895
322 941
322 964
322 1228
322 1239
322 1620
323 446
323 566
323 607
323 686
323 705
323 941
323 957
323 961
324 346
324 363
324 373
324 386
324 461
324 484
324 656
324 684
324 738
324 791
324 818
324 922
324 954
324 958
324 1092
324 1174
325 470
325 566
325 586
325 693
326 548
326 822
326 1118
327 356
327 777
327 799
327 1156
327 1179
328 479
328 532
328 873
328 1037
328 1260
329 438
329 577
329 657
329 773
330 361
330 363
330 397
330 410
330 502
330 590
330 614
330 632
330 668
330 858
330 927
330 980
330 1008
330 1055
330 1110
330 1214
330 1227
331 334
331 747
331 1238
333 344
333 388
333 490
333 493
333 600
333 798
333 860
333 1002
333 1004
333 1010
333 1066
333 1165
333 1177
333 1251
333 1320
333 1766
333 1882
334 413
334 440
334 747
334 867
334 960
334 1024
334 1116
335 388
335 417
335 460
335 493
335 563
335 567
335 570
335 737
335 846
335 1019
337 443
337 462
337 836
337 962
337 1009
337 1070
337 1180
338 340
338 371
338 376
338 460
338 613
338 618
338 690
338 860
338 863
338 889
338 901
338 987
338 989
338 1025
338 1142
338 1165
339 426
339 432
339 458
339 498
339 690
339 722
339 768
339 863
339 903
339 998
340 525
340 635
340 794
340 826
340 872
340 882
340 899
340 1245
340 1262
340 1829
341 774
341 1187
342 973
344 417
344 458
344 490
344 509
344 574
344 600
344 723
344 762
344 851
344 894
344 1049
344 1064
344 1066
344 1091
344 1119
344 1165
344 1204
345 813
345 825
345 856
345 862
345 969
346 494
346 502
346 791
346 819
346 927
346 997
346 1097
346 1174
346 1227
347 387
347 568
347 679
348 353
348 359
348 362
348 392
348 408
348 489
348 501
348 602
348 628
348 725
348 835
348 903
348 1014
348 1072
348 1125
348 1167
348 1238
349 732
349 736
349 1256
350 422
350 713
350 861
350 909
350 912
351 591
351 690
351 708
351 820
351 830
351 872
351 917
351 939
351 942
351 1224
352 809
352 1126
352 1220
353 371
353 531
353 628
353 748
353 1014
353 1037
353 1041
353 1125
353 1178
353 1204
353 1339
354 373
354 939
354 948
354 958
355 381
355 388
355 473
355 627
355 666
355 701
355 1263
356 445
356 716
357 404
357 811
357 1165
358 789
358 957
358 1117
359 501
359 502
359 628
359 702
359 889
359 1014
359 1125
359 1189
359 1945
361 409
361 452
361 560
361 614
361 632
361 927
361 970
361 1092
362 515
362 756
362 860
362 1225
362 1245
363 397
363 502
363 632
363 668
363 858
363 967
363 970
363 980
363 1008
364 655
364 715
364 822
364 1069
364 1373
365 413
365 602
365 606
365 675
365 749
365 841
365 899
365 1075
365 1076
365 1112
366 612
366 667
366 692
366 776
366 864
366 1074
366 1113
366 1634
367 513
367 1078
367 1121
367 1159
368 498
368 758
368 770
368 800
368 833
368 891
368 1014
369 531
369 584
369 603
369 717
369 767
369 987
369 1007
369 1035
369 1445
370 411
370 701
370 735
370 749
370 880
370 914
370 979
370 1080
370 1202
371 690
371 820
371 981
371 1050
371 1212
371 1218
372 418
372 437
372 809
372 1045
373 378
373 386
373 452
373 628
373 954
373 958
373 1133
373 1170
374 479
374 886
374 892
374 1077
374 1188
374 1198
374 1218
374 1510
375 1053
376 591
376 600
376 662
376 763
376 798
376 955
376 989
376 1010
376 1025
376 1142
376 1201
376 1260
377 551
377 919
377 1195
378 447
378 452
378 553
378 703
378 759
378 891
378 982
378 1263
379 547
379 664
379 870
379 956
379 967
379 1133
380 598
380 787
380 826
380 1078
381 394
381 521
381 607
381 627
381 874
381 887
381 1069
381 1086
381 1263
382 423
382 538
382 951
384 555
384 715
384 898
384 1137
385 442
385 450
385 624
385 640
385 783
385 792
385 895
385 942
385 1100
385 1149
386 1061
386 1094
386 1133
387 597
387 781
387 880
387 913
387 988
387 1057
387 1098
387 1803
388 567
388 570
388 666
388 737
388 792
388 830
388 934
388 959
388 1100
389 590
389 668
389 765
389 980
389 1040
389 1055
390 488
390 651
390 677
390 692
390 900
391 510
391 512
391 597
392 569
392 799
392 960
392 1170
393 410
393 494
393 670
393 772
393 962
393 970
394 530
394 607
394 627
394 777
394 822
394 834
394 942
395 918
395 1009
395 1674
395 1803
396 426
396 445
396 862
396 986
396 1145
396 1155
397 502
397 601
397 649
397 668
397 733
397 858
397 980
397 1055
397 1081
397 1193
398 413
398 498
398 602
398 675
398 709
398 768
398 775
398 833
398 859
398 1076
398 1166
399 543
399 897
399 1140
399 1213
400 679
400 961
400 1067
401 468
401 469
401 746
401 884
401 910
401 1178
401 1194
402 537
402 846
402 1101
402 1152
402 1224
402 2030
403 468
403 655
403 661
403 881
403 918
403 1134
403 1178
403 1586
403 1783
404 792
404 932
406 611
406 754
406 1096
406 1098
407 647
407 803
407 1412
408 602
408 628
408 859
408 1116
408 1186
409 488
409 651
409 677
409 900
409 902
409 1033
410 451
410 796
410 902
410 1007
410 1017
410 1026
410 1220
410 1303
410 1397
411 445
411 450
411 539
411 553
411 598
411 701
411 721
411 781
411 868
411 880
411 891
411 1169
412 508
412 514
412 609
412 641
412 817
412 952
412 1047
413 492
413 602
413 609
413 675
413 751
413 775
413 799
413 1065
413 1116
413 1166
413 1186
414 522
414 536
414 615
414 894
415 565
415 755
415 1179
415 1497
415 1754
415 1868
415 1945
416 445
416 477
416 648
416 770
416 868
416 885
416 891
416 1032
416 1041
416 1065
416 1071
417 517
417 563
417 846
417 860
417 881
417 1010
417 1142
417 1746
418 419
418 956
418 1020
418 1022
419 1020
419 1022
420 565
420 642
420 649
420 725
420 869
420 1167
420 1224
420 1703
421 492
421 645
421 689
421 791
421 804
421 825
421 863
421 948
421 1145
421 1148
422 581
422 627
422 815
422 826
422 909
422 1062
422 1078
422 1100
422 1263
423 504
423 505
423 562
423 595
423 736
423 976
423 1023
423 1074
423 1214
423 1310
423 1525
423 1601
423 1819
424 516
424 700
424 738
424 774
424 1075
424 1076
424 1130
424 1187
424 1248
425 450
425 523
425 836
425 943
425 1118
425 1247
425 1874
426 544
426 813
426 863
426 1155
427 485
427 527
427 610
427 703
427 896
427 1079
428 588
428 836
430 1171
431 491
431 565
431 637
431 640
431 741
431 787
431 792
431 826
431 830
431 882
431 931
431 939
431 993
431 1001
431 1062
431 1119
431 1182
431 1215
431 1220
431 1238
431 1262
432 445
432 644
432 768
433 747
433 943
433 1194
433 1864
434 527
434 539
434 614
434 622
434 661
434 674
434 791
434 840
434 931
434 945
434 1215
434 1220
434 1232
435 509
435 606
435 620
435 796
435 1041
435 1043
435 1203
435 1212
436 692
436 756
436 1144
437 940
437 1214
438 618
438 668
438 678
438 1135
438 1210
439 983
440 724
440 867
440 921
440 1078
440 1116
440 1170
441 487
441 831
442 447
442 450
442 515
442 622
442 792
442 830
442 844
442 895
442 1000
442 1124
443 526
443 576
443 748
443 1180
443 1191
444 561
444 596
445 541
445 701
445 880
445 885
445 1065
446 521
446 726
446 831
446 966
446 988
446 1083
447 804
447 825
447 862
447 895
447 901
447 997
447 1000
448 1047
448 1169
448 1188
448 1231
448 1775
448 1932
449 1835
450 622
450 640
450 994
450 1088
450 1169
450 1209
451 526
451 615
451 653
451 945
452 684
452 785
452 891
452 958
452 997
452 1174
453 531
453 810
453 858
453 905
453 1007
453 1148
453 1571
454 474
454 617
454 708
454 712
454 826
454 1068
455 892
456 521
456 627
456 1069
457 978
458 811
458 871
458 1164
458 1262
459 628
459 704
459 929
459 938
459 959
459 1125
459 1184
459 1636
459 1654
460 509
460 606
460 1010
460 1066
460 1142
460 1165
460 1251
461 484
461 738
461 818
461 1153
461 1174
461 1190
462 615
462 746
462 1006
462 1049
462 1183
462 1259
463 790
463 918
463 935
463 1051
464 655
464 658
464 1318
464 1490
466 892
466 1013
466 1200
467 658
468 655
468 674
468 728
468 1007
468 1070
468 1093
468 1178
469 507
469 1123
469 1967
470 679
470 693
470 710
470 749
470 979
470 1102
471 814
471 826
471 882
471 941
471 1051
471 1192
471 1245
472 676
472 919
472 1077
472 1188
473 695
473 701
473 752
473 1221
474 712
474 826
474 838
474 993
474 1071
474 1172
474 1215
475 707
475 1188
476 543
476 633
476 1101
476 1239
476 1260
477 605
477 648
477 734
477 776
477 868
477 891
477 912
477 1065
477 1071
477 1090
477 1130
477 1248
478 835
479 482
479 589
479 699
479 943
480 514
480 561
480 605
480 609
480 641
480 791
480 825
480 1084
480 1127
480 1130
482 484
482 592
482 602
482 603
482 606
482 814
482 964
482 1132
483 532
483 572
483 807
483 919
483 1159
484 495
484 818
484 1130
484 1170
484 1174
485 570
485 610
485 1079
486 497
486 554
486 574
486 582
486 830
486 909
486 1066
486 1809
487 1059
487 1131
488 651
488 677
488 686
488 900
488 902
488 1033
489 675
489 1125
489 1186
489 1204
489 1333
490 493
490 717
490 851
490 1066
490 1119
490 1177
491 792
491 840
492 628
492 644
492 751
492 859
492 1041
492 1047
492 1048
493 517
493 563
493 574
493 578
493 606
493 656
493 729
493 762
493 797
493 860
493 1004
493 1025
493 1095
493 1119
493 1250
493 1684
493 1802
494 759
494 819
494 908
494 915
494 969
494 1061
494 1081
494 1153
495 738
495 764
495 772
495 1170
495 1185
495 1248
495 1252
496 682
496 853
496 1017
496 1138
496 1219
497 582
497 738
497 770
497 772
497 903
497 970
497 1008
497 1024
497 1372
498 531
498 602
498 628
498 751
498 775
498 842
498 850
498 859
498 1010
498 1166
498 1178
498 1192
499 558
499 1261
499 1976
500 613
500 728
500 860
500 901
500 915
500 1011
500 1037
500 1092
500 1122
500 1203
501 540
501 564
501 628
501 830
501 872
501 960
501 993
502 632
502 649
502 668
502 733
502 858
502 980
502 1055
502 1110
502 1222
502 1226
502 1227
502 1353
502 1691
503 801
503 855
504 562
504 612
504 796
504 938
504 974
504 1310
504 1525
504 1601
505 562
505 595
505 694
505 1055
505 1310
505 1525
505 1819
505 1885
505 1888
507 633
507 635
507 788
507 882
507 1224
507 1829
508 806
509 603
509 606
509 620
509 1010
509 1066
509 1210
509 1478
510 1197
511 623
511 837
511 981
511 986
511 1205
512 552
512 782
512 1175
513 790
513 918
513 943
513 1051
513 1261
513 1881
514 515
514 609
514 641
514 675
514 751
514 833
514 1076
515 624
515 783
515 895
515 942
515 1167
515 1192
516 678
516 731
516 775
516 1037
516 1189
516 1207
517 624
517 1147
517 1167
517 1192
517 1201
518 943
518 995
518 1144
518 1240
518 1694
518 1876
519 629
519 771
519 782
519 889
519 1189
519 1193
519 1255
520 568
520 573
520 810
520 870
520 956
520 1220
520 1397
521 530
521 570
521 607
521 627
521 777
521 805
522 1122
523 585
523 902
523 1247
524 570
524 631
524 666
524 823
524 1510
525 574
525 871
525 993
525 1071
526 585
526 902
526 967
526 1030
526 1247
527 582
527 874
527 1171
527 1209
528 539
529 1012
530 607
530 777
531 639
531 649
531 698
531 717
531 794
531 859
531 869
532 643
532 688
533 694
533 1921
534 661
534 694
536 668
536 980
536 1007
536 1049
536 1081
536 1104
536 1535
537 959
537 966
537 971
537 1028
537 1254
538 1012
539 598
539 994
539 1124
539 1169
540 774
540 819
540 835
540 1014
540 1945
541 799
541 801
542 612
542 623
542 1157
542 1835
543 848
543 897
543 1171
544 842
544 1071
544 1155
544 1179
544 1262
545 617
545 646
545 780
545 1256
546 620
546 672
546 741
546 826
546 1147
546 1192
546 1252
547 933
547 1163
548 962
549 639
549 753
549 802
549 1171
550 618
550 626
550 937
550 1001
550 1172
551 636
551 697
551 977
551 1121
551 1188
551 1195
551 1932
552 1760
553 586
553 609
553 749
553 849
553 1039
554 585
554 843
554 875
554 957
554 1121
554 1131
554 1634
555 715
555 719
555 841
555 1439
556 961
556 1123
556 1134
557 710
557 879
557 883
557 1216
558 661
558 781
558 828
558 883
558 933
558 1013
558 1102
558 1163
559 828
559 874
559 883
560 586
560 614
560 874
560 902
560 935
560 944
560 1197
561 788
561 847
561 958
561 976
561 1036
562 595
562 687
562 692
562 881
562 1074
562 1214
562 1310
562 1525
563 567
563 906
563 1150
563 1254
563 1461
564 702
564 731
564 917
564 1093
565 898
565 1115
565 1141
565 1627
566 644
566 1014
566 1164
566 1259
567 570
567 792
567 822
567 823
567 1100
567 1160
568 573
568 679
568 1107
568 1183
568 1196
569 1230
570 607
570 666
570 726
570 737
570 798
570 822
570 990
570 1069
570 1086
570 1091
570 1140
571 1175
571 1185
572 711
572 1123
572 1196
572 1612
572 1657
573 679
573 911
573 1107
573 1143
573 1799
574 617
574 624
574 1024
574 1250
574 1802
575 696
575 760
575 1228
576 977
576 1019
576 1159
576 1169
577 761
577 1010
577 1060
577 1132
577 1142
578 646
578 783
578 904
578 911
578 957
578 1663
579 625
579 668
579 765
579 832
579 858
579 980
579 1480
579 1527
579 1893
580 581
580 610
581 784
581 882
581 979
581 1070
581 1263
582 703
582 777
582 909
582 944
582 1209
583 850
583 1192
584 632
584 730
584 767
584 876
584 1228
584 1254
584 1542
584 1956
584 1997
585 595
585 841
585 875
585 945
585 964
585 996
585 1030
585 1044
585 1068
585 1088
585 1143
586 849
586 851
586 898
586 902
587 719
587 889
587 1027
588 1101
588 1118
589 956
589 1529
590 668
590 1038
591 1060
591 1177
591 1642
592 1246
592 1247
593 596
593 643
593 688
593 817
593 1241
593 1252
595 858
595 1055
595 1310
595 1525
595 1601
595 1885
595 1888
596 700
596 833
596 994
596 1056
596 1237
597 939
597 1137
597 1179
598 611
598 757
598 762
598 868
598 891
598 918
598 935
598 1112
598 1181
599 683
599 704
599 858
599 1042
599 1132
599 1984
600 776
600 860
600 1060
600 1201
601 629
601 649
601 733
601 858
601 870
601 907
602 675
602 725
602 751
602 778
602 779
602 1065
602 1076
602 1166
602 1186
602 1724
603 606
603 618
603 698
603 814
603 832
603 1025
603 1082
603 1178
604 712
604 937
604 1010
604 1058
604 1071
605 735
605 742
605 776
605 976
605 1182
606 620
606 761
606 851
606 996
606 1002
606 1025
606 1082
606 1119
606 1178
606 1240
607 627
607 705
607 777
607 1069
608 808
608 895
609 641
609 751
609 791
609 1034
610 841
610 1079
611 655
611 658
611 1096
611 1318
611 1949
612 736
612 776
613 683
613 690
613 862
613 905
613 986
613 987
613 1025
613 1035
613 1185
613 1201
613 1210
614 632
614 702
614 970
614 1034
614 1153
614 1227
614 1232
614 1252
615 653
615 931
615 1385
615 1423
616 845
616 1116
617 708
617 780
617 917
617 920
617 937
617 1139
617 1238
618 1172
618 1210
619 777
619 799
619 957
619 1120
619 2033
620 860
620 894
620 1002
620 1201
620 1203
620 1251
621 790
621 1529
621 1767
621 1921
622 1152
623 1038
623 1243
624 783
624 895
624 942
624 945
624 1068
624 1675
625 832
625 1061
625 1137
626 642
626 646
626 723
626 807
626 899
626 1001
626 1112
626 1124
626 1236
626 1262
627 726
627 805
627 887
627 1031
627 1069
627 1156
627 1263
628 771
628 859
628 1125
628 1193
629 733
629 771
629 938
629 1050
629 1189
631 1172
631 1250
632 858
632 947
632 969
632 980
633 646
633 1159
634 720
634 849
634 864
634 969
634 1063
634 1227
634 1410
634 1838
635 637
635 666
635 826
635 830
635 993
635 1192
635 1196
636 1758
637 640
637 723
637 787
637 807
637 808
637 895
637 899
637 993
637 1142
637 1225
637 1245
637 1262
637 1620
638 1741
639 649
639 698
639 869
639 938
639 1148
640 644
640 703
640 722
640 723
640 843
640 882
640 895
640 1062
640 1249
641 751
641 791
641 908
642 785
642 868
642 1071
642 1112
642 1124
642 1236
643 688
643 844
643 1089
644 825
644 867
644 1064
644 1089
645 715
645 782
645 1014
645 1229
645 1234
646 724
646 899
646 1106
648 1048
648 1113
649 698
649 729
649 733
649 814
649 858
649 869
649 924
649 1224
649 1353
649 1628
650 877
651 677
651 692
651 900
652 934
652 1101
652 1152
653 1126
653 1423
653 1818
654 706
654 956
654 967
654 1104
654 1461
654 1955
654 1980
655 784
655 973
656 927
656 952
656 1190
656 1227
657 743
658 973
659 1026
659 1115
660 1158
662 860
662 1002
662 1025
662 1204
664 907
664 929
664 1049
665 902
666 705
666 706
666 726
666 737
666 750
666 823
666 985
666 1069
666 1250
666 1260
667 683
667 692
668 683
668 704
668 858
668 969
668 980
668 1038
668 1055
668 1193
668 1214
668 1218
668 1781
669 940
670 782
670 1166
670 1242
671 695
672 740
672 855
673 678
673 830
673 1122
673 1135
673 1599
674 762
674 826
674 977
674 1062
674 1201
675 751
675 862
675 1076
675 1166
675 1186
676 1122
676 1184
677 900
678 680
678 860
678 865
678 1002
678 1025
678 1037
678 1122
678 1207
679 795
679 1067
679 1107
680 906
680 1122
681 955
682 797
682 853
682 873
682 1040
682 1095
682 1184
682 1188
682 1379
682 1688
682 1962
683 704
683 765
683 1015
683 1042
683 1210
683 1226
684 770
684 1174
685 1008
685 1046
685 1168
685 1702
685 1928
686 1264
687 714
687 1214
688 873
688 1159
688 1176
689 690
689 804
689 862
689 1065
689 1089
689 1090
690 708
690 768
690 794
690 863
690 872
690 889
690 905
690 981
690 986
690 987
690 1065
691 742
692 900
692 1092
692 1133
692 1250
693 1159
693 1202
693 1218
694 892
695 745
695 887
695 1127
695 1130
696 760
696 1163
697 718
697 864
697 1126
697 1677
697 1954
698 836
698 869
698 927
698 938
698 1218
699 920
700 738
701 703
701 921
702 1034
702 1143
702 1148
702 1204
702 1227
703 848
703 1136
703 1209
704 858
704 970
704 980
704 1042
704 1170
704 1218
705 777
705 801
705 1064
705 1082
705 1237
706 751
706 1104
706 1229
706 1234
707 1053
708 712
708 780
708 794
708 872
708 917
708 920
708 1170
709 722
709 833
709 859
709 863
709 908
710 1102
711 760
711 1200
712 794
712 917
712 964
712 1010
712 1190
713 861
713 912
715 735
715 898
715 1137
715 1373
716 1084
716 1125
716 1145
716 1171
717 744
717 767
717 924
717 1007
718 755
719 1027
720 927
720 969
720 1008
720 1063
720 1065
720 1094
720 1224
720 1227
721 840
721 1112
722 775
722 808
722 889
722 908
723 724
723 728
723 763
723 808
723 826
723 895
723 993
723 1001
723 1062
723 1245
723 1262
724 780
724 1106
726 815
726 1069
726 1156
726 1169
728 736
728 780
728 839
728 850
728 917
728 937
728 969
728 993
728 1172
728 1242
729 761
729 1038
729 1128
730 731
730 1242
731 820
731 1037
731 1115
731 1241
733 858
733 870
733 907
734 981
734 1056
735 849
735 895
735 1171
736 867
736 1074
736 1083
737 830
737 959
737 985
737 1091
737 1100
738 779
738 818
738 903
738 1008
738 1057
739 1104
740 774
740 788
740 819
741 807
741 826
741 942
741 999
741 1010
742 952
742 966
742 1072
743 803
743 846
743 848
743 849
743 1150
743 1230
744 767
744 1210
746 1110
746 1222
747 867
747 885
747 1238
748 998
748 1313
749 979
750 823
750 1086
750 1088
750 1091
750 1118
751 771
752 1000
752 1232
753 1081
754 880
754 914
755 966
755 1497
755 1705
755 1731
755 2026
756 845
756 854
756 885
756 1014
756 1225
757 762
759 883
759 904
759 1058
759 1061
761 1210
761 1452
761 1834
762 933
762 1078
762 1123
762 1874
763 860
763 1002
763 1025
763 1066
763 1165
764 782
764 1109
764 1167
764 1175
764 1301
765 832
765 867
765 949
765 1024
765 1170
765 1189
765 1255
766 888
766 1038
766 1135
766 1138
766 1229
766 1325
766 1448
767 907
767 1007
768 808
768 813
768 863
768 1186
769 810
769 953
769 1154
770 1012
770 1038
770 1174
770 1255
771 782
771 859
771 860
771 1061
771 1065
771 1166
771 1175
771 1193
772 817
772 970
773 1083
773 1204
774 968
774 1012
775 833
775 859
775 912
776 1020
776 1038
776 1113
776 1144
776 1190
777 799
777 903
777 909
778 779
778 1380
778 1407
778 1724
778 1748
779 845
779 903
779 1724
780 787
780 794
780 1001
780 1106
780 1843
781 880
781 913
781 1098
782 889
782 1027
782 1175
782 1189
782 1193
782 1240
783 957
783 1231
784 882
784 933
784 935
784 1070
784 1261
784 1447
784 1594
784 1708
784 1803
785 813
785 921
785 948
785 983
785 1071
785 1112
785 1124
785 1145
785 1236
786 1163
787 801
787 826
787 882
787 993
787 1262
787 1829
787 1874
788 912
789 1100
789 1117
790 918
790 1051
791 811
791 866
791 904
791 908
791 922
791 1097
791 1164
792 830
792 1149
792 1179
792 1192
793 926
793 1023
794 860
794 905
795 1057
796 906
797 1010
797 1040
797 1095
798 860
798 935
798 989
798 1011
798 1025
798 1059
798 1066
799 801
799 811
799 844
799 960
799 1164
799 1239
799 1244
800 833
800 1075
801 855
801 871
801 1244
801 1262
802 962
802 1959
803 1875
804 825
804 895
804 997
805 874
805 950
805 1069
805 1235
806 853
806 995
807 826
807 941
807 1112
807 1213
808 895
809 1030
810 1259
811 866
811 904
811 1058
811 1097
811 1164
811 1250
812 1253
813 1124
813 1130
813 1155
814 1089
814 1131
815 1263
817 856
817 986
817 1089
818 1153
818 1174
819 1008
819 1090
819 1097
819 1174
819 1688
820 1115
820 1258
820 1856
821 931
822 893
822 1091
822 1213
822 1822
823 893
823 985
823 1086
823 1156
823 1822
824 879
824 973
824 1054
824 1102
825 868
825 983
825 997
825 1056
825 1064
825 1090
825 1130
825 1139
825 1145
826 830
826 882
826 931
826 939
826 1149
826 1192
826 1262
826 1829
827 923
828 880
828 961
828 1098
830 872
830 882
830 939
830 959
830 1001
830 1025
830 1215
830 1238
831 944
832 903
832 995
833 856
833 876
833 1014
833 1084
833 1197
834 920
834 1068
834 1114
834 1231
835 881
835 950
835 984
835 1256
835 1333
837 843
837 849
837 966
837 1094
837 1205
837 1571
838 1093
839 865
839 876
839 915
839 1073
839 1122
839 1172
839 1242
840 1127
842 866
842 1021
842 1116
843 1078
843 1535
844 873
844 880
844 981
844 1230
845 885
846 931
847 1012
847 1021
847 1136
848 854
848 897
848 1028
848 1146
849 1039
849 1150
850 867
850 937
851 1010
851 1038
851 1119
851 1203
851 1210
851 1218
853 1017
853 1219
854 856
854 959
854 1028
855 1100
855 1230
856 900
856 1136
856 1146
856 1158
856 1197
856 1656
858 970
858 980
858 1007
858 1008
858 1042
858 1055
858 1110
858 1132
858 1170
858 1353
858 1486
858 1885
858 1888
859 863
859 960
859 1024
859 1037
859 1065
859 1166
859 1240
859 1807
859 1963
860 901
860 989
860 993
860 1002
860 1010
860 1025
860 1122
860 1165
860 1177
860 1201
860 1203
860 1257
861 909
861 1110
861 1149
861 1209
862 986
862 1012
862 1056
862 1084
864 940
864 950
864 1182
865 908
865 915
865 1061
865 1242
866 904
866 1097
866 1250
867 927
867 949
867 980
867 1024
867 1075
867 1170
867 1225
868 891
868 912
868 948
868 983
868 991
868 1023
868 1071
868 1090
868 1145
868 1155
868 1236
869 1004
869 1224
869 1856
870 1219
871 1071
872 882
872 1025
872 1167
872 1711
873 1159
873 1194
873 1860
873 1935
874 896
874 926
874 991
875 964
876 1024
876 1073
876 1116
876 1131
876 1242
877 1226
880 1080
880 1134
881 944
881 1083
881 1213
881 1444
881 1601
881 1656
882 939
882 1062
882 1070
883 1054
884 933
884 1178
884 1216
885 1065
886 1077
886 1195
886 1932
887 1100
887 1263
888 1104
889 981
889 987
889 1027
889 1234
890 1053
890 1246
891 912
891 997
891 1090
891 1145
891 1248
892 1018
892 1072
892 1217
893 926
893 990
894 1035
894 1066
895 911
895 998
895 1000
895 1062
895 1232
896 968
897 1182
898 970
898 1044
898 1085
898 1099
898 1137
899 911
899 1063
899 1179
900 902
900 1033
901 1002
901 1025
901 1142
901 1160
901 1251
901 1257
901 1620
902 1187
903 1139
904 1097
904 1130
904 1164
904 1250
905 938
905 987
905 1002
905 1025
905 1035
905 1212
906 956
906 1108
906 1111
906 1196
906 1457
907 929
907 1527
907 1654
907 1695
908 1092
908 1234
908 1242
909 957
909 1136
909 1149
909 1179
909 1263
910 964
910 1070
910 1178
910 1194
911 1112
911 1149
911 1156
912 1071
913 918
913 1051
913 1123
913 1159
914 976
914 1096
914 1098
914 1237
915 1037
915 1061
915 1130
915 1207
915 1242
916 961
917 937
917 1115
917 1130
917 1139
917 1142
917 1172
917 1233
918 935
918 1009
918 1051
918 1059
918 1159
918 1178
918 1261
919 1159
919 1195
920 1130
920 1139
921 983
921 1078
921 1112
921 1140
921 1181
921 1199
921 1236
922 927
924 1616
925 1103
926 927
926 1008
926 1084
927 1008
927 1055
927 1170
927 1190
928 2022
929 1007
929 1087
929 1125
931 1262
931 2022
932 998
933 1102
933 1163
933 1803
934 1101
934 1146
934 1152
935 1030
935 1051
936 1017
937 969
937 1115
937 1172
938 1150
938 1208
938 1252
938 1254
939 1001
939 1137
939 1192
940 1875
941 957
941 994
941 1096
941 1112
941 1128
942 957
942 1064
943 1029
943 1176
945 1464
945 1899
947 1104
947 1470
948 983
948 1124
948 1145
949 1024
949 1170
950 1080
951 1835
952 1087
952 1089
952 1179
953 1088
953 1198
954 1843
954 1938
956 967
956 1875
957 1068
957 1120
958 1802
959 1085
959 1100
959 1103
959 1254
960 993
960 1075
961 1067
961 1098
961 1432
961 1705
961 2026
964 1131
964 1133
965 1028
965 1146
966 1085
966 1133
967 1826
969 970
969 1063
969 1470
970 1047
970 1170
971 1199
971 1254
973 1490
974 1104
976 1074
976 1096
977 1019
980 1007
980 1008
980 1055
981 1041
982 1136
982 1256
983 991
983 1112
983 1145
984 1256
987 1035
989 1011
989 1025
989 1142
989 1160
989 1165
989 1201
990 1581
991 1023
991 1145
991 1382
992 1198
992 1768
992 1781
992 2018
993 1001
993 1025
994 1169
995 1144
995 1255
997 1097
997 1136
997 1174
998 1210
999 1093
999 1333
1000 1112
1000 1124
1001 1062
1001 1149
1002 1004
1002 1010
1002 1025
1002 1122
1002 1142
1002 1177
1002 1192
1002 1201
1002 1203
1002 1251
1004 1010
1004 1165
1005 1109
1006 1261
1006 1450
1007 1087
1007 1353
1008 1055
1008 1170
1008 1190
1009 1535
1009 1843
1010 1071
1010 1142
1010 1210
1010 1257
1010 1723
1011 1165
1012 1256
1012 1258
1013 1051
1013 1093
1013 1850
1014 1125
1014 1148
1015 1198
1015 1338
1017 1422
1019 1923
1020 1113
1020 1157
1022 1151
1022 1430
1022 1626
1023 1074
1023 1113
1023 1124
1023 1145
1024 1076
1024 1170
1025 1119
1025 1142
1025 1165
1025 1177
1025 1201
1025 1203
1025 1251
1025 1257
1025 1620
1025 2014
1027 1175
1028 1146
1028 1151
1028 1626
1028 1898
1029 1135
1030 1077
1030 1198
1031 1034
1031 1237
1033 1099
1034 1108
1034 1111
1034 1143
1034 1232
1035 1212
1035 1285
1036 1061
1036 1997
1037 1074
1037 1207
1038 1113
1038 1176
1038 1838
1039 1221
1039 1759
1040 1132
1041 1048
1041 1076
1042 1344
1046 1168
1047 1048
1047 1089
1048 1103
1049 1259
1049 1367
1050 1175
1050 1193
1050 1478
1050 1633
1050 1706
1050 1842
1050 1844
1053 1246
1053 1457
1054 1217
1055 1110
1056 1058
1056 1097
1056 1164
1058 1090
1059 1095
1059 1645
1060 1177
1061 1078
1061 1252
1063 1065
1063 1410
1064 1071
1064 1179
1065 1075
1065 1190
1066 1086
1066 1091
1066 1165
1066 1204
1067 1228
1068 1089
1068 1129
1069 1156
1071 1112
1071 1215
1071 1236
1071 1414
1072 1084
1072 1112
1073 1242
1074 1601
1076 1186
1076 1225
1077 1184
1077 1188
1077 1198
1078 1083
1078 1112
1078 1208
1078 1213
1080 1096
1081 1104
1081 1607
1082 1178
1082 1414
1082 1707
1082 1777
1083 1202
1083 1213
1083 1239
1084 1156
1084 1209
1085 1171
1085 1252
1085 1264
1086 1525
1087 1089
1087 1159
1087 1182
1092 1190
1092 1203
1092 1230
1093 1218
1094 1255
1094 1356
1095 1131
1095 1184
1095 1187
1097 1164
1097 1174
1099 1143
1100 1117
1100 1263
1101 1171
1104 1806
1106 1802
1107 1143
1108 1232
1108 1783
1109 1175
1110 1214
1110 1486
1110 1885
1110 1888
1111 1232
1112 1123
1112 1130
1112 1181
1112 1199
1112 1232
1112 1236
1115 1167
1117 1171
1118 1313
1119 1177
1119 1182
1119 1203
1119 1213
1122 1242
1123 1447
1124 1145
1124 1148
1124 1169
1124 1236
1126 1147
1128 1134
1128 1718
1130 1139
1130 1735
1131 1184
1132 1886
1133 1188
1133 1244
1135 1261
1136 1209
1137 1179
1138 1229
1138 1262
1139 1142
1140 1254
1140 1801
1142 1165
1142 1251
1142 1620
1145 1155
1146 1239
1148 1287
1149 1179
1149 1898
1152 1898
1158 1197
1159 1935
1163 1228
1164 1250
1164 1890
1165 1201
1165 1589
1166 1186
1166 1242
1168 1928
1169 1184
1171 1253
1172 1238
1172 1262
1175 1240
1176 1216
1176 1261
1177 1192
1177 1201
1177 1606
1177 1622
1177 1642
1178 1194
1178 1246
1180 1210
1180 1284
1180 1317
1180 2026
1181 1236
1181 1447
1182 1225
1183 1196
1184 1932
1186 1242
1186 1258
1187 1248
1188 1198
1188 1932
1189 1193
1190 1227
1191 1564
1191 1718
1191 1840
1192 1201
1192 1263
1192 1882
1193 1614
1196 1536
1198 1274
1198 1596
1198 1708
1198 1711
1198 1712
1198 1715
1198 1822
1198 1852
1198 2022
1201 1203
1201 1251
1203 1218
1204 1333
1204 1414
1204 2004
1205 1571
1206 1211
1208 1213
1208 1254
1210 1527
1214 1310
1214 1601
1214 1819
1215 1663
1216 1261
1216 1286
1219 1397
1224 1258
1225 1262
1235 1256
1246 1989
1247 1874
1251 1257
1255 1634
1262 1845
1265 1337
1265 1413
1265 1433
1265 1436
1265 1608
1265 1664
1265 1667
1265 1794
1265 1887
1265 2030
1266 1388
1266 1392
1266 1453
1266 1491
1266 1536
1266 1597
1266 1745
1266 1854
1266 1873
1266 1900
1267 1307
1267 1408
1267 1429
1267 1482
1267 1514
1267 1615
1267 1703
1267 1832
1267 1834
1267 1916
1267 1917
1267 1963
1267 1972
1267 1997
1267 1998
1268 1355
1268 1372
1268 1399
1268 1444
1268 1456
1268 1488
1268 1653
1268 1656
1268 1769
1268 1885
1268 1956
1269 1274
1269 1461
1269 1486
1269 1611
1269 1764
1269 1782
1269 1980
1269 1990
1269 1993
1270 1277
1270 1511
1270 1719
1270 1761
1270 1962
1270 2030
1271 1555
1271 1593
1272 1348
1272 1375
1272 1401
1272 1402
1272 1445
1272 1474
1272 1499
1272 1590
1272 1615
1272 1697
1272 1728
1272 2035
1273 1437
1273 1514
1273 1542
1273 1598
1273 1606
1273 1625
1273 1672
1273 1723
1273 1882
1273 1886
1273 1956
1274 1450
1274 1469
1274 1655
1274 1837
1274 1900
1274 1923
1275 1333
1275 1344
1275 1391
1275 1619
1275 1682
1275 1807
1275 1919
1275 1927
1275 2017
1276 1549
1276 1660
1276 1876
1277 1451
1277 1511
1277 1654
1278 1365
1278 1429
1278 1442
1278 1576
1278 1579
1278 1583
1278 1585
1278 1603
1278 1604
1278 1659
1279 1283
1279 1434
1279 1449
1279 1839
1279 1880
1279 1923
1279 1933
1279 1937
1279 1949
1280 1920
1281 1371
1281 1408
1281 1586
1281 1681
1281 1765
1281 1919
1282 1299
1282 1352
1282 1385
1282 1461
1282 1566
1282 1683
1282 1764
1282 1779
1282 1810
1283 1701
1283 1716
1283 1937
1284 1317
1284 1527
1284 1578
1284 1653
1284 1823
1284 1912
1284 2026
1285 1306
1285 1321
1285 1351
1285 1371
1285 1537
1285 1555
1285 1725
1285 1728
1285 1747
1285 1866
1285 1926
1285 1998
1286 1430
1286 1644
1286 1704
1286 2018
1287 1289
1287 1333
1287 1335
1287 1344
1287 1458
1287 1562
1287 1614
1287 1647
1287 1721
1287 1770
1287 1837
1287 1892
1287 2015
1288 1355
1288 1472
1288 1559
1288 1577
1288 1609
1288 1696
1288 1743
1288 1825
1288 1881
1288 1889
1288 1942
1288 2011
1289 1335
1289 1458
1289 1668
1289 1770
1289 1944
1290 1409
1291 1594
1291 1680
1291 1819
1292 1398
1292 1429
1292 1543
1292 1591
1292 1650
1292 1662
1292 2034
1293 1434
1293 1774
1293 1924
1294 1421
1294 1481
1294 1646
1295 1306
1295 1324
1295 1358
1295 1483
1295 1570
1295 1574
1295 1615
1295 1619
1295 1650
1295 1709
1295 1735
1295 1791
1295 1793
1295 1812
1295 1931
1295 2007
1295 2034
1296 1734
1296 1912
1296 1919
1296 1999
1297 1311
1297 1388
1297 1558
1297 1766
1297 1813
1297 1978
1298 1326
1298 1333
1298 1363
1298 1434
1298 1445
1298 1456
1298 1459
1298 1474
1298 1579
1298 1723
1298 1724
1298 1735
1298 1809
1298 1852
1298 2028
1298 2033
1298 2034
1299 1303
1299 1397
1299 1419
1299 1457
1299 1539
1299 1580
1299 1762
1299 1995
1300 1467
1300 1795
1301 1339
1302 1398
1302 1607
1302 1876
1303 1457
1303 1568
1303 1788
1303 1911
1303 1995
1303 2019
1303 2021
1303 2022
1304 1324
1304 1383
1304 1389
1304 1451
1304 1508
1304 1650
1304 1742
1304 1752
1304 1755
1304 1791
1305 1645
1305 1803
1305 1804
1305 1811
1305 1968
1305 1971
1306 1346
1306 1351
1306 1427
1306 1629
1306 1630
1306 1725
1306 1747
1306 1922
1306 1923
1307 1380
1307 1408
1307 1536
1307 1850
1307 1905
1307 1926
1308 1502
1308 1784
1308 1798
1308 1819
1308 1973
1309 1420
1309 1850
1309 1934
1310 1525
1310 1601
1310 1859
1311 1540
1311 1613
1311 1705
1311 1719
1311 1787
1311 1860
1311 1877
1311 1980
1311 2026
1312 1328
1312 1340
1312 1370
1312 1386
1312 1478
1312 1485
1312 1504
1312 1625
1312 1679
1312 1711
1312 1821
1312 1834
1312 1906
1312 1936
1312 2036
1313 1376
1314 1320
1314 1343
1314 1368
1314 1410
1314 1527
1314 1558
1314 1620
1314 1622
1314 1628
1314 1766
1314 1788
1314 1882
1314 1951
1314 2023
1315 1398
1315 1517
1315 1877
1315 1943
1315 2035
1316 1408
1316 1499
1316 1697
1316 1707
1316 1722
1316 1832
1316 1853
1316 1894
1316 2029
1316 2033
1316 2035
1316 2036
1317 1446
1317 1467
1317 1560
1317 1618
1317 1689
1317 1705
1317 1862
1317 1877
1317 2026
1318 1560
1318 1674
1319 2020
1320 1361
1320 1410
1320 1474
1320 1600
1320 1606
1320 1620
1320 1622
1320 1642
1320 1643
1320 1766
1320 1775
1320 1809
1320 1836
1320 1867
1320 1882
1320 1893
1321 1409
1321 1470
1321 1475
1321 1498
1321 1503
1321 1537
1321 1805
1321 1817
1321 1925
1322 1477
1322 1484
1322 1753
1323 1341
1323 1661
1323 1700
1323 1803
1323 1935
1323 1949
1323 1976
1323 2022
1324 1518
1324 1581
1324 1650
1324 1791
1324 1812
1324 1852
1324 1931
1324 1952
1325 1448
1325 1556
1325 1643
1325 1964
1326 1451
1326 1456
1326 1703
1326 1807
1326 1853
1326 1879
1326 1914
1326 2007
1327 1942
1328 1386
1328 1478
1328 1485
1328 1504
1328 1721
1328 1740
1328 1770
1328 1786
1328 1892
1328 1899
1328 1906
1328 1997
1329 1410
1329 1620
1329 1893
1329 1951
1330 1564
1330 1682
1330 1729
1330 1779
1330 1781
1330 1859
1330 1870
1331 1336
1331 1939
1332 1335
1332 1391
1332 1476
1332 1481
1332 1656
1332 1683
1332 1719
1332 1786
1332 1796
1332 1819
1332 2024
1333 1344
1333 1365
1333 1458
1333 1635
1333 1763
1333 1837
1333 1878
1333 2034
1334 1394
1334 1531
1335 1344
1335 1516
1335 1597
1335 1616
1335 1770
1335 1837
1335 1944
1335 1960
1335 1993
1336 1440
1336 1479
1336 1644
1336 1667
1336 1681
1336 1709
1336 1941
1337 1403
1337 1408
1337 1413
1337 1436
1337 1777
1337 1810
1337 1872
1337 1921
1337 2005
1337 2018
1338 1387
1338 1422
1338 1651
1338 1652
1338 1845
1338 1929
1339 1446
1339 1600
1339 2000
1340 1353
1340 1415
1340 1492
1340 1514
1340 1524
1340 1666
1340 1994
1341 1639
1341 1976
1341 2032
1342 1533
1342 1578
1342 1598
1342 1663
1342 1666
1342 1687
1342 1766
1342 1786
1342 1790
1342 1802
1343 1606
1343 1663
1343 1675
1343 1687
1343 1752
1343 1754
1343 1766
1343 1801
1343 1802
1343 1813
1343 1829
1343 1841
1343 1978
1343 2023
1344 1358
1344 1458
1344 1507
1344 1740
1344 1763
1344 1837
1344 1878
1344 1909
1345 1512
1345 1529
1345 1921
1346 1483
1346 1617
1346 1629
1346 1742
1346 1918
1346 1965
1347 1358
1347 1588
1347 1755
1347 1832
1347 1890
1347 1894
1347 1910
1347 1963
1348 1371
1348 1375
1348 1426
1348 1493
1348 1499
1348 1532
1348 1587
1348 1615
1348 1697
1348 1834
1348 1879
1348 2004
1349 1363
1349 1415
1349 1524
1349 1595
1349 1772
1350 1577
1350 1774
1351 1498
1351 1517
1351 1662
1351 1725
1351 1747
1351 2006
1351 2020
1352 1597
1352 1769
1352 1814
1352 1828
1352 1837
1352 1913
1353 1476
1353 1671
1353 1682
1353 1718
1353 1719
1353 1786
1353 1910
1353 1991
1354 1413
1354 1615
1354 1688
1354 1826
1354 1857
1354 1895
1354 1908
1354 1933
1355 1371
1355 1463
1355 1488
1355 1624
1355 1653
1355 1678
1355 1735
1355 1769
1355 1832
1355 1908
1355 1913
1355 1915
1355 2007
1355 2033
1356 1404
1356 1968
1356 1971
1357 1384
1357 1855
1358 1360
1358 1466
1358 1480
1358 1619
1358 1629
1358 1671
1358 1709
1358 1714
1358 1793
1358 1885
1359 1417
1359 1473
1359 1555
1359 1570
1359 1627
1359 1744
1359 1783
1359 1828
1359 1839
1359 1871
1359 1903
1360 1527
1360 1891
1361 1567
1361 1600
1361 1602
1361 1628
1361 1642
1361 1663
1361 1684
1361 1838
1361 1893
1361 1951
1361 2023
1362 1754
1362 1780
1363 1553
1363 1910
1363 1959
1363 1989
1364 1580
1364 1582
1364 1616
1364 1869
1364 1914
1365 1485
1365 1598
1365 1620
1365 1622
1365 1635
1365 1776
1365 1810
1365 1822
1365 1829
1365 1951
1365 1964
1366 1668
1367 1695
1367 1722
1367 1742
1367 1785
1367 1981
1367 2006
1368 1410
1368 1437
1368 1446
1368 1495
1368 1524
1368 1620
1368 1622
1368 1628
1368 1707
1368 1766
1368 1775
1368 1802
1368 1882
1369 1654
1369 1690
1369 1858
1369 1948
1370 1386
1370 1595
1370 1813
1370 1867
1371 1399
1371 1425
1371 1432
1371 1484
1371 1518
1371 1534
1371 1626
1371 1972
1372 1456
1372 1567
1372 1578
1372 1656
1372 1732
1372 1733
1372 1832
1372 2029
1373 1436
1373 1563
1373 1580
1373 1598
1373 1753
1373 1788
1373 1818
1373 1926
1373 1968
1373 2005
1373 2018
1374 1411
1374 1414
1374 1484
1374 1553
1374 1587
1374 1657
1374 1729
1374 1833
1374 1947
1375 1474
1375 1493
1375 1499
1375 1590
1375 1697
1375 1879
1375 1903
1375 2036
1376 1385
1376 1448
1376 1475
1376 1488
1376 1503
1376 1542
1376 1581
1376 1794
1376 1912
1376 1915
1377 1417
1377 1430
1377 1431
1377 1436
1377 1551
1377 1624
1377 1745
1377 1890
1377 1962
1378 1380
1378 1569
1378 1602
1378 1625
1378 1632
1378 1780
1378 1857
1378 1867
1378 1912
1379 1501
1379 1962
1380 1384
1380 1569
1380 1588
1380 1748
1380 1750
1380 1783
1380 1857
1381 1494
1381 1537
1381 1812
1381 1906
1381 1908
1381 1992
1381 1998
1381 2028
1382 1521
1382 1573
1382 1664
1382 1871
1383 1440
1383 1849
1384 1594
1384 1634
1384 1798
1384 1855
1385 1423
1385 1642
1385 1748
1386 1439
1386 1474
1386 1478
1386 1485
1386 1504
1386 1598
1386 1711
1386 1786
1386 1834
1386 1884
1386 2015
1386 2036
1387 1393
1387 1923
1388 1407
1388 1438
1388 1444
1388 1535
1388 1539
1388 1746
1388 1759
1388 1844
1388 1940
1388 1955
1388 1975
1388 2014
1389 1470
1389 1639
1389 1698
1389 1823
1389 1846
1389 1877
1389 1924
1389 1929
1389 2032
1390 1400
1390 1401
1390 1474
1390 1623
1390 1733
1390 1752
1390 1794
1390 1848
1390 1896
1390 1938
1390 2028
1391 1477
1391 1616
1391 1683
1391 1709
1391 1778
1391 1922
1392 1491
1392 1536
1392 1745
1392 1776
1393 1794
1393 1915
1393 1923
1394 1460
1394 1925
1395 1396
1395 1429
1395 1460
1395 1670
1395 1703
1395 1720
1395 1761
1395 1791
1395 1824
1395 1849
1396 1433
1396 1440
1396 1514
1396 1637
1396 1641
1396 1785
1396 1824
1396 1863
1396 1919
1396 1931
1396 2034
1397 1513
1397 1515
1397 1995
1398 1703
1398 1714
1398 1723
1398 1781
1398 1876
1399 1423
1399 1938
1399 1979
1399 2031
1400 1501
1400 1752
1400 1918
1400 2024
1400 2028
1401 1403
1401 1409
1401 1419
1401 1443
1401 1805
1401 1982
1402 1637
1402 1766
1402 1809
1402 1882
1403 1436
1403 1443
1403 1605
1403 1654
1403 1688
1403 1983
1404 1762
1404 1792
1404 2003
1404 2030
1405 1449
1405 1564
1405 1680
1405 1698
1405 1904
1405 1921
1406 1464
1406 1611
1406 1993
1406 2013
1407 1564
1407 1724
1407 1748
1407 1813
1407 1978
1408 1414
1408 1415
1408 1474
1408 1514
1408 1538
1408 1578
1408 1585
1408 1590
1408 1703
1408 1707
1408 1723
1408 1777
1408 1854
1408 1872
1408 1908
1408 2036
1409 1470
1409 1522
1409 1623
1409 1866
1409 1903
1409 1982
1410 1558
1410 1564
1410 1606
1410 1620
1410 1622
1410 1628
1410 1642
1410 1684
1410 1723
1410 1766
1410 1775
1410 1836
1410 1838
1410 1868
1410 1893
1410 2023
1411 1457
1411 1477
1411 1767
1411 2021
1412 1983
1413 1436
1413 1440
1413 1496
1413 1704
1413 1850
1413 2005
1413 2018
1414 1435
1414 1456
1414 1482
1414 1493
1414 1500
1414 1503
1414 1536
1414 1545
1414 1569
1414 1640
1414 1659
1414 1707
1414 1777
1414 1854
1414 1872
1414 1906
1414 1926
1414 1969
1414 1972
1414 1992
1414 2008
1415 1426
1415 1451
1415 1492
1415 1524
1415 1570
1415 1628
1415 1675
1416 1419
1416 1640
1416 1826
1416 1864
1417 1430
1417 1541
1417 1551
1417 1588
1417 1872
1417 1890
1417 1913
1418 1430
1418 1682
1418 1723
1418 2029
1419 1515
1419 1569
1419 1608
1419 1742
1420 1881
1421 1488
1421 1514
1421 1566
1421 1981
1421 1990
1422 1652
1422 1845
1422 1929
1423 1819
1423 1955
1423 2013
1423 2020
1424 1497
1424 1656
1424 1663
1424 1664
1424 1731
1424 1833
1425 1697
1425 1791
1425 1896
1425 1931
1426 1429
1426 1445
1426 1474
1426 1499
1426 1615
1426 1628
1426 1722
1427 1726
1427 1866
1428 1512
1428 1534
1428 1540
1428 1579
1428 1638
1428 1646
1428 1822
1428 1829
1428 1851
1428 1860
1429 1543
1429 1591
1429 1914
1430 1551
1430 1563
1430 1661
1430 1769
1430 2031
1431 1436
1431 1549
1431 1739
1431 1828
1431 1846
1431 1905
1431 1983
1432 1705
1432 1871
1432 1877
1432 1937
1432 1976
1433 1565
1433 1608
1433 1665
1433 1769
1433 1828
1433 1880
1433 1890
1433 1969
1434 1762
1434 1937
1434 1972
1434 2008
1435 1437
1435 1443
1435 1659
1435 1671
1435 1723
1435 1749
1435 1808
1435 1873
1436 1519
1436 1686
1436 1756
1436 2005
1436 2014
1436 2018
1437 1438
1437 1480
1437 1489
1437 1491
1437 1533
1437 1567
1437 1606
1437 1663
1437 1845
1437 1909
1437 1961
1438 1677
1438 1967
1439 1719
1439 1786
1439 1897
1440 1592
1440 1617
1440 1640
1440 1846
1440 1929
1440 1981
1440 2012
1441 1621
1441 1727
1441 1793
1441 1970
1442 1538
1442 1947
1442 1984
1443 1627
1443 1808
1443 1816
1444 1956
1444 2021
1445 1460
1445 1501
1445 1615
1445 1853
1445 2034
1446 1606
1446 1620
1446 1772
1446 1778
1446 1821
1446 1841
1446 1867
1446 1888
1446 2000
1447 1661
1447 1705
1447 1905
1447 1921
1447 2026
1448 1940
1449 1469
1449 1484
1449 1698
1449 1795
1449 1864
1449 1921
1449 1954
1449 2032
1450 1666
1450 1917
1450 1952
1451 1493
1451 1654
1451 1770
1451 1962
1451 1992
1451 2030
1452 1498
1452 1530
1452 1576
1452 1834
1453 1555
1453 1735
1453 1776
1453 1829
1455 1552
1455 1720
1456 1486
1456 1525
1456 1636
1456 1723
1456 1736
1456 1792
1456 1875
1456 1888
1456 1926
1456 1986
1456 2029
1457 1513
1457 1520
1457 1528
1457 1596
1457 1844
1457 1995
1457 2019
1457 2021
1457 2030
1458 1562
1458 1635
1458 1679
1458 1837
1458 1886
1458 1892
1459 1555
1459 1694
1459 1695
1459 1735
1459 2033
1460 1565
1460 1917
1460 1925
1460 1986
1460 2013
1461 1515
1461 1539
1461 1603
1461 1683
1461 1764
1461 1781
1461 1980
1461 1996
1462 1556
1462 1620
1462 1634
1462 1721
1462 1798
1462 1855
1462 1960
1462 2017
1463 1488
1463 1762
1463 1794
1463 1896
1463 1952
1463 1981
1464 1561
1464 1563
1464 1768
1464 1922
1464 1996
1465 1466
1465 1564
1465 1972
1465 2018
1466 1551
1466 1605
1466 1698
1466 1699
1466 1701
1466 1824
1466 1916
1466 2018
1467 1698
1467 1795
1468 1839
1469 1674
1469 1689
1469 1696
1469 1700
1469 1830
1469 1862
1469 1945
1469 1954
1469 2003
1470 1846
1470 1957
1470 1998
1471 1717
1471 1811
1472 1630
1472 1771
1472 1774
1472 1847
1472 1848
1472 1942
1473 1605
1473 1839
1473 1880
1474 1493
1474 1494
1474 1499
1474 1532
1474 1541
1474 1569
1474 1590
1474 1616
1474 1642
1474 1707
1474 1723
1474 1737
1474 1809
1474 1906
1474 1969
1474 2000
1474 2035
1475 1846
1475 1896
1475 1915
1475 1918
1475 1966
1475 1979
1476 1514
1476 1616
1476 1671
1477 1683
1477 1757
1477 1767
1477 2021
1478 1504
1478 1614
1478 1618
1478 1711
1478 1770
1478 1786
1478 1895
1478 1899
1478 1944
1479 1493
1479 1496
1479 1532
1479 1644
1479 1645
1479 1649
1479 1653
1479 1688
1479 1703
1479 1737
1479 1964
1479 2030
1479 2032
1480 1527
1480 1672
1480 1724
1481 1791
1481 1796
1481 1882
1481 1899
1482 1559
1482 1591
1482 1963
1482 1998
1483 1559
1483 1648
1483 1793
1483 1876
1483 2007
1484 1545
1484 1614
1484 1648
1484 1757
1484 1793
1485 1504
1485 1552
1485 1600
1485 1625
1485 1711
1485 1895
1486 1538
1486 1885
1486 1888
1486 1905
1486 1948
1486 2025
1486 2030
1487 1556
1487 1779
1488 1653
1488 1664
1488 1673
1488 1732
1488 1769
1488 1832
1488 1908
1488 2007
1489 1509
1489 1533
1489 1628
1489 1675
1489 1822
1489 1851
1489 2023
1490 1503
1490 1506
1490 1577
1490 1665
1490 1854
1490 1923
1491 1600
1491 1655
1491 1745
1491 1776
1491 1900
1492 1589
1492 1600
1492 1602
1492 1625
1492 1628
1492 1675
1492 1994
1493 1499
1493 1550
1493 1553
1493 1659
1493 1669
1493 1703
1493 1707
1493 1728
1493 1737
1493 1800
1493 1882
1493 1917
1493 1969
1493 2006
1494 1497
1494 1511
1494 1780
1494 1808
1494 1832
1494 1834
1494 1878
1494 1892
1494 1906
1494 1908
1494 1963
1494 1969
1494 1978
1495 1536
1495 1550
1495 1565
1495 1585
1495 1669
1495 1703
1495 1707
1495 1722
1495 1723
1495 1728
1495 1853
1495 1854
1495 2004
1496 1624
1496 1627
1496 1654
1496 1723
1496 1733
1496 1872
1497 1516
1497 1536
1497 1598
1497 1624
1497 1731
1497 1748
1497 1754
1497 1780
1497 1832
1497 1840
1497 1886
1497 2025
1498 1500
1498 1552
1498 1576
1498 1714
1498 1743
1498 1834
1498 1917
1499 1532
1499 1536
1499 1550
1499 1569
1499 1590
1499 1615
1499 1659
1499 1671
1499 1707
1499 1722
1499 1832
1499 1834
1499 1906
1499 1969
1499 2004
1499 2035
1500 1621
1500 1977
1501 1587
1501 1697
1502 1512
1502 1565
1502 1634
1502 1779
1502 1784
1502 1798
1502 1960
1503 1789
1503 1805
1503 1915
1504 1600
1504 1625
1504 1711
1504 1786
1504 1834
1504 1997
1507 1514
1507 1595
1507 1602
1507 1712
1507 1902
1507 2015
1508 1627
1508 2030
1509 1533
1509 1539
1509 1598
1509 1663
1509 1802
1509 1841
1509 1874
1509 1951
1509 1978
1510 1762
1511 1534
1511 1538
1511 1621
1511 1649
1511 1654
1511 1678
1511 1737
1511 1910
1511 1984
1512 1523
1512 1601
1512 1638
1512 1665
1512 1743
1512 1860
1512 1880
1512 1893
1512 1972
1513 1515
1513 1539
1513 2014
1513 2016
1513 2022
1514 1524
1514 1552
1514 1595
1514 1600
1514 1712
1514 1722
1514 1786
1514 1874
1514 1902
1515 1525
1515 1601
1515 1718
1515 1719
1515 1761
1516 1589
1516 1656
1516 1753
1516 1833
1516 1856
1517 1541
1517 1693
1517 1879
1517 1908
1517 2036
1518 1623
1518 1693
1518 1791
1519 1639
1519 1661
1519 1705
1519 1756
1519 1831
1519 1854
1519 1916
1519 1967
1519 1989
1519 2032
1520 1528
1520 1844
1521 1614
1521 1620
1521 1715
1521 1776
1521 1781
1521 1837
1521 1884
1521 1945
1522 1719
1522 1738
1522 1741
1522 1743
1522 1799
1524 1666
1524 1675
1524 1721
1524 1819
1524 1821
1525 1601
1525 1718
1525 1782
1525 1819
1525 1888
1526 1874
1527 1878
1527 1885
1527 1961
1527 2026
1528 1595
1528 1844
1528 1982
1529 1875
1530 1631
1530 1793
1530 1834
1530 1871
1532 1555
1532 1688
1532 1697
1532 1728
1532 1755
1532 1769
1532 1894
1532 2004
1533 1539
1533 1598
1533 1648
1533 1687
1533 1715
1533 1763
1533 1802
1533 1841
1533 1874
1533 1951
1533 1978
1534 1654
1534 1688
1534 1737
1534 1777
1534 1948
1534 1984
1535 1539
1535 1811
1535 1885
1535 1921
1535 1940
1535 2014
1536 1590
1536 1627
1536 1688
1536 1722
1536 1723
1536 1777
1536 1854
1536 1926
1536 2006
1537 1725
1537 1812
1537 1815
1537 1912
1537 1918
1537 1965
1537 1998
1537 2007
1538 1542
1538 1543
1538 1654
1538 1948
1538 1984
1539 1601
1539 1685
1539 1789
1539 1810
1539 1875
1539 1889
1539 1915
1539 1996
1540 1638
1540 1665
1540 1746
1540 1787
1540 1822
1540 1842
1540 1851
1540 1860
1541 1640
1541 1887
1541 1926
1541 2005
1542 1581
1542 1597
1542 1693
1542 1743
1543 1552
1543 1650
1543 1732
1543 1751
1543 1791
1543 1793
1544 1731
1544 1757
1544 2026
1545 1688
1545 1777
1545 1969
1545 2017
1546 1633
1546 1673
1546 1706
1546 1957
1547 1612
1547 1650
1547 1815
1547 1990
1548 1824
1549 1778
1550 1615
1550 1659
1550 1722
1550 1728
1550 2004
1551 1745
1552 1570
1552 1743
1553 1792
1553 1910
1553 1947
1554 1769
1554 1974
1555 1569
1555 1627
1555 1776
1555 1777
1555 2004
1556 1643
1556 1927
1556 1957
1556 1959
1557 1586
1557 1661
1557 1913
1558 1620
1558 1802
1558 1807
1558 1867
1558 1951
1558 1994
1558 2000
1558 2024
1559 1604
1559 1694
1559 1931
1559 1947
1559 2017
1560 1564
1560 1627
1560 1700
1560 1862
1560 1954
1560 1957
1561 1566
1561 1768
1561 1778
1561 1922
1561 1991
1561 1993
1561 1996
1562 1740
1563 1622
1563 1886
1563 1961
1564 1674
1564 1696
1564 1795
1564 1832
1564 1870
1564 1904
1565 1741
1565 1846
1565 2034
1566 1724
1566 1886
1567 1620
1567 1757
1567 1813
1567 1961
1567 2023
1568 1767
1568 1840
1568 1911
1568 1997
1568 2022
1569 1579
1569 1590
1569 1632
1569 1659
1569 1707
1569 1728
1569 1777
1569 1808
1569 1812
1569 1854
1569 1857
1569 2004
1570 1583
1570 1750
1570 1751
1571 1786
1571 1832
1574 1650
1574 1812
1574 1931
1574 1952
1574 1965
1575 1670
1575 1891
1575 2036
1576 1655
1576 1862
1576 1900
1577 1743
1577 1744
1577 1774
1577 1847
1577 2008
1578 1718
1578 1749
1578 1823
1578 1845
1578 1873
1578 1972
1579 1584
1579 1624
1579 1636
1579 1692
1579 1832
1579 1926
1579 2028
1580 1676
1581 1690
1581 1915
1581 2033
1582 1637
1582 1758
1582 1919
1583 1664
1583 1673
1583 1914
1584 1624
1584 1673
1584 1692
1584 1777
1585 1620
1585 1640
1585 1684
1585 1707
1585 1722
1585 1723
1585 1728
1585 1853
1585 1872
1585 1882
1585 2004
1585 2035
1586 1609
1586 1661
1586 1695
1586 1771
1586 1848
1586 1880
1586 1913
1586 1915
1587 1697
1588 1762
1588 1831
1588 1890
1588 1903
1588 1905
1588 1913
1588 1943
1589 1620
1589 1625
1589 1753
1589 1790
1589 1856
1589 1868
1589 1945
1589 1997
1590 1697
1590 2035
1591 1662
1591 1706
1592 1742
1592 1846
1592 1929
1592 1981
1593 1825
1594 1596
1594 1700
1594 1708
1594 1997
1595 1712
1596 1646
1596 1665
1596 1855
1596 1911
1596 2022
1598 1600
1598 1679
1598 1772
1598 1776
1598 1786
1598 1821
1598 1837
1598 1911
1598 2000
1599 1613
1599 1746
1599 1768
1599 1787
1599 1801
1600 1622
1600 1625
1600 1642
1600 1679
1600 1731
1600 1882
1600 1895
1600 2000
1601 1718
1601 1719
1601 1819
1602 1712
1602 1790
1602 1961
1603 1738
1603 1980
1604 1794
1605 1698
1605 1880
1605 1913
1605 1916
1605 1937
1605 1967
1606 1620
1606 1622
1606 1642
1606 1766
1606 1775
1606 1868
1606 1951
1606 1961
1606 1978
1606 2000
1606 2015
1607 1693
1607 1694
1607 1737
1607 1847
1607 1876
1607 2029
1608 1665
1608 1970
1609 1774
1609 1847
1610 1726
1610 1849
1611 1764
1611 1993
1612 1816
1612 1861
1612 1992
1612 2011
1613 1746
1613 1787
1614 1715
1614 1781
1614 1827
1614 1884
1614 1927
1614 2015
1615 1722
1615 1834
1615 1906
1615 2036
1616 1779
1616 1837
1616 1951
1616 1960
1616 2023
1617 1744
1617 1751
1618 1729
1618 1796
1618 1884
1618 1944
1618 1958
1618 2014
1619 1747
1619 1931
1620 1622
1620 1628
1620 1663
1620 1684
1620 1707
1620 1766
1620 1775
1620 1868
1620 1882
1620 1893
1620 1951
1620 1994
1620 2004
1621 1633
1621 2030
1622 1684
1622 1707
1622 1766
1622 1802
1622 1836
1622 1893
1623 1794
1623 1847
1623 1927
1624 1692
1624 1733
1624 1832
1624 1926
1624 2006
1624 2033
1625 1679
1625 1802
1625 1856
1625 1895
1625 1978
1625 1994
1625 2000
1625 2017
1627 1688
1627 1752
1627 1762
1627 1804
1627 1873
1627 1916
1627 1926
1628 1642
1628 1675
1628 1754
1628 1766
1628 1851
1628 1868
1628 1882
1628 1893
1628 1951
1628 1994
1628 2023
1629 1716
1629 1735
1629 1850
1629 1853
1629 1857
1629 1871
1629 1918
1630 1752
1630 1774
1630 1846
1630 1929
1631 1865
1631 1903
1632 1723
1632 1776
1632 1777
1632 1857
1632 1969
1632 2006
1633 1706
1633 1852
1634 1779
1634 1798
1634 1973
1634 2015
1635 1682
1635 1711
1635 1721
1635 1807
1635 1837
1636 1654
1636 1690
1636 1723
1636 1792
1636 1926
1636 1931
1636 2030
1637 1758
1637 1919
1637 1989
1638 1649
1638 1665
1638 1860
1638 1887
1638 1972
1639 1661
1639 1689
1639 1826
1639 1864
1639 1954
1639 1967
1639 2032
1640 1705
1640 1707
1640 1775
1640 1789
1640 1864
1640 1879
1640 1887
1640 1889
1640 1894
1640 1903
1641 1677
1641 1691
1641 1710
1641 1849
1641 1900
1641 1940
1641 1980
1642 1675
1642 1763
1642 1809
1642 1810
1642 1813
1642 1867
1642 1893
1642 2000
1642 2006
1643 1927
1644 1871
1645 1646
1645 1718
1645 1874
1646 1787
1646 1860
1647 1771
1647 1820
1648 1690
1648 1726
1648 1793
1649 1976
1649 2028
1650 1662
1650 1791
1650 1812
1650 1917
1650 1931
1650 1952
1650 2031
1650 2034
1651 1719
1651 1831
1652 1845
1652 1846
1652 1929
1652 1981
1653 1692
1653 1718
1653 1733
1653 1769
1653 2006
1653 2020
1653 2033
1654 1688
1654 1728
1654 1962
1655 1859
1655 1900
1656 1679
1656 1753
1656 1833
1656 1885
1656 1919
1657 1907
1657 1985
1659 1728
1659 1777
1659 1959
1659 2004
1661 1831
1661 1854
1661 1913
1661 1916
1661 1954
1661 2032
1662 1671
1662 1747
1662 1852
1663 1684
1663 1802
1663 1821
1663 1833
1663 1836
1663 1838
1663 1958
1663 1997
1663 2023
1664 1734
1664 1774
1664 1789
1664 1833
1664 1919
1664 1999
1665 1727
1665 1860
1665 1970
1666 1719
1666 1766
1667 1734
1667 1789
1667 1823
1667 1924
1667 1942
1668 1741
1668 1845
1668 2019
1669 1703
1669 1777
1669 2006
1669 2036
1670 1704
1670 1861
1670 1895
1671 1812
1671 1852
1671 1910
1671 1945
1671 1963
1671 1991
1671 2004
1672 1724
1672 2015
1673 1692
1673 1695
1673 1773
1673 1879
1673 1894
1673 1903
1673 1913
1673 1931
1673 1977
1674 1696
1674 1700
1674 1803
1674 1862
1674 1870
1675 1944
1675 1994
1676 1717
1676 1869
1677 1918
1677 2024
1678 1926
1678 1959
1678 1966
1679 1772
1679 1780
1679 1945
1679 2000
1680 1804
1680 1883
1680 1904
1681 1847
1681 1985
1681 1989
1682 1698
1682 1927
1682 1929
1682 1954
1682 1978
1683 1709
1683 1980
1684 1766
1684 1836
1684 1847
1684 1882
1684 1997
1685 1810
1685 1840
1685 1843
1685 1867
1685 1874
1686 1733
1686 1880
1686 1943
1686 1967
1687 1780
1687 1790
1687 1810
1687 1836
1687 1840
1687 1841
1687 1915
1687 1945
1688 1697
1689 1698
1689 1775
1689 1830
1689 1954
1689 2003
1690 1703
1690 1926
1690 2006
1692 1926
1692 2004
1692 2006
1692 2033
1693 1703
1693 1763
1693 1791
1693 1832
1693 1894
1693 1912
1693 2029
1695 1812
1695 1873
1695 1977
1696 1864
1696 1921
1696 1945
1696 1968
1697 2035
1698 1707
1698 1788
1698 1820
1698 1827
1698 1830
1698 1839
1698 1916
1698 1954
1698 1971
1698 1976
1699 1716
1699 1771
1699 1797
1699 1820
1699 1937
1700 1708
1700 1787
1700 1803
1700 1949
1701 1716
1701 1771
1701 1783
1701 1797
1701 1820
1701 1828
1701 1839
1701 1850
1701 1916
1701 2008
1702 1928
1703 1714
1703 1723
1703 1735
1703 1743
1703 2007
1703 2036
1704 1846
1704 1848
1704 1929
1704 2007
1704 2008
1704 2031
1705 1731
1705 1787
1705 1822
1705 1831
1705 1854
1705 1877
1705 1915
1705 2026
1705 2032
1706 1791
1706 1946
1707 1722
1707 1723
1707 1728
1707 1766
1707 1775
1707 1823
1707 1854
1707 1866
1707 1872
1707 1873
1707 1882
1707 1913
1707 2004
1707 2035
1707 2036
1708 1809
1708 1811
1709 1732
1709 1737
1709 2004
1710 1862
1710 1940
1711 1807
1711 1834
1712 1902
1712 2015
1712 2034
1713 1766
1713 1772
1713 1780
1713 1836
1713 1878
1713 1961
1714 1720
1714 1791
1714 1793
1714 1952
1715 1799
1715 1827
1715 1884
1715 2017
1718 1731
1718 1904
1718 1991
1719 1782
1719 1821
1719 1991
1719 1997
1720 1727
1721 1770
1721 1781
1721 1878
1721 1892
1721 2015
1722 1728
1722 1853
1722 2004
1722 2035
1723 1826
1723 1854
1723 1866
1723 1872
1723 1882
1723 1906
1723 1969
1723 1972
1723 2004
1723 2008
1723 2035
1723 2036
1724 1763
1724 2019
1725 1747
1727 1923
1728 1747
1728 1959
1728 2007
1729 1836
1729 1893
1729 1980
1729 2022
1731 1754
1731 1758
1731 1801
1731 1809
1731 1877
1731 1902
1731 1959
1731 1961
1731 2026
1732 1832
1732 1885
1732 2007
1732 2029
1733 1948
1734 1736
1735 1801
1735 2007
1736 1765
1736 1989
1737 1777
1737 1853
1737 1879
1737 2004
1737 2007
1738 1912
1738 1961
1740 1779
1740 1899
1741 1743
1741 1748
1741 1785
1741 1818
1744 1751
1744 1824
1744 1920
1746 1997
1748 1788
1748 1818
1748 1893
1748 1960
1748 1981
1748 2013
1748 2018
1748 2021
1749 1816
1749 1823
1749 1873
1750 1783
1750 1913
1751 1791
1752 1978
1752 2028
1753 1801
1753 1833
1753 1856
1753 1902
1753 1919
1753 1997
1754 1809
1754 1836
1754 1867
1754 1934
1755 1890
1755 1894
1756 1765
1756 1851
1757 1867
1757 1991
1758 1919
1760 1986
1762 1764
1762 1908
1763 1772
1763 1837
1763 1936
1764 1776
1764 1912
1764 1928
1764 1955
1764 1980
1764 2021
1766 1781
1766 1802
1766 1868
1766 1882
1766 1951
1766 1978
1766 1994
1767 1788
1767 1921
1767 2021
1768 1860
1768 1922
1768 1993
1768 1996
1769 1777
1769 1794
1769 1835
1769 1890
1769 1894
1769 2028
1770 1884
1770 1944
1771 1792
1771 1824
1771 1881
1771 1889
1771 1954
1771 1976
1772 2000
1773 1894
1773 1977
1774 1794
1774 1942
1774 1999
1775 1867
1775 1882
1775 1951
1775 1971
1775 1997
1776 1782
1777 1864
1777 1879
1777 1969
1777 1992
1777 2006
1777 2036
1778 1844
1778 1922
1779 1798
1779 1960
1780 1867
1780 1868
1780 1945
1780 1978
1780 2000
1780 2036
1781 1866
1781 2015
1781 2017
1782 1796
1782 1806
1782 1884
1782 1945
1782 1955
1782 2003
1783 1828
1784 1798
1785 2012
1786 1819
1786 1834
1786 1906
1786 1929
1786 1997
1786 2036
1787 1842
1787 1860
1787 1874
1787 1877
1788 1833
1788 1921
1788 1927
1789 1887
1789 1929
1789 1952
1789 2005
1789 2032
1790 1856
1790 1945
1791 1931
1792 1854
1792 1942
1793 1876
1793 1920
1794 1800
1794 1873
1795 1937
1795 1968
1796 1840
1796 1899
1796 1909
1796 1964
1796 1987
1796 2024
1799 1804
1799 1984
1801 1837
1801 1902
1802 1840
1802 1893
1802 1951
1803 1949
1803 1971
1803 1976
1804 1870
1805 1912
1805 2029
1806 1819
1806 1974
1806 2027
1807 1853
1807 1874
1808 1850
1808 1939
1809 1841
1809 1874
1809 1902
1809 1926
1809 2000
1810 1915
1811 1971
1811 2001
1811 2003
1812 1824
1812 1891
1812 1931
1812 1965
1812 1998
1812 2034
1813 1842
1813 1867
1813 1978
1815 1912
1815 1953
1815 2008
1815 2009
1816 1825
1816 1992
1817 1918
1817 1965
1818 1995
1819 1885
1819 1888
1819 2023
1821 1822
1821 1838
1821 1874
1821 1924
1822 1829
1822 1860
1822 1874
1822 2008
1823 1924
1823 1943
1823 2035
1824 1831
1825 1905
1825 1913
1825 1948
1826 1839
1826 1864
1826 1883
1826 1905
1826 1933
1826 2032
1827 1833
1827 1945
1828 2032
1829 1923
1829 1978
1830 1954
1830 1968
1831 1864
1831 1905
1831 1913
1831 1954
1831 1972
1831 1976
1832 1834
1832 1894
1832 1963
1832 2029
1832 2033
1832 2035
1832 2036
1833 1845
1834 1906
1834 1910
1834 1963
1834 1998
1834 2036
1836 1951
1836 1997
1837 2034
1838 1860
1839 1880
1840 1898
1841 1951
1842 1860
1842 2022
1843 1846
1844 1982
1845 1846
1845 1929
1845 1981
1846 1912
1846 1915
1846 1929
1846 1981
1846 2031
1847 1848
1848 2018
1851 1860
1851 1874
1852 1910
1853 1914
1853 2004
1853 2036
1854 2006
1856 1868
1858 1914
1858 1948
1860 1951
1860 1978
1861 1948
1861 1953
1862 1890
1862 1921
1862 1954
1862 1968
1862 2001
1862 2003
1864 1883
1864 2032
1866 1946
1866 1982
1866 2011
1868 1882
1868 1945
1868 1951
1869 1878
1869 1892
1870 1904
1871 2026
1872 1969
1873 2031
1875 1980
1875 1995
1877 1937
1877 2026
1878 1884
1878 1892
1878 1957
1878 2024
1879 2033
1880 1937
1881 1889
1882 1886
1882 1951
1882 1958
1882 1978
1882 1993
1884 2000
1885 2025
1885 2029
1886 1902
1888 1997
1888 2025
1889 1905
1890 1891
1890 1917
1890 2011
1891 1917
1891 1931
1891 1952
1892 1899
1892 1944
1893 1951
1894 1946
1894 1991
1894 2004
1894 2033
1895 2014
1897 1989
1899 1909
1899 1936
1899 1987
1899 2024
1902 1923
1903 1924
1906 1908
1906 2036
1908 1914
1909 2024
1910 1945
1910 2033
1911 1932
1911 1997
1911 2022
1912 1915
1912 1929
1912 1999
1913 1954
1913 1967
1913 1970
1914 1931
1916 1972
1917 1952
1918 1965
1919 1927
1919 2017
1919 2024
1919 2027
1921 1976
1922 1996
1925 2018
1926 2006
1926 2008
1927 1980
1927 2017
1928 1930
1928 1950
1928 1959
1928 1988
1931 1952
1931 2007
1932 2022
1933 1990
1935 1949
1936 2024
1939 1941
1939 1990
1940 1955
1940 1964
1942 1982
1942 1993
1943 1948
1943 2035
1945 1951
1945 1994
1951 1958
1951 1961
1951 1978
1951 1994
1952 1957
1955 1959
1955 1964
1955 1980
1956 2013
1958 1961
1959 1973
1959 2034
1962 2030
1963 1998
1963 2015
1963 2036
1965 1998
1965 2029
1966 2036
1968 2013
1971 2003
1992 2027
1993 2024
1994 2024
1999 2009
2000 2027
2001 2003
2004 2006
2004 2035
2007 2029
2013 2021
2014 2016
2029 2035
2029 2036
2033 2034
2033 2035
