#num-nodes
1108
#num-links
3040
#links
0 4
0 210
0 340
1 62
1 120
1 215
1 410
1 465
1 470
1 486
1 500
1 569
1 620
1 692
2 301
2 340
2 371
2 398
2 471
2 497
2 789
3 169
3 296
3 470
3 474
3 519
3 578
3 615
3 620
3 621
4 722
5 98
5 180
6 32
6 77
7 62
7 120
7 256
7 281
7 319
8 25
8 66
8 82
8 240
8 245
9 41
9 177
9 250
9 372
9 519
9 786
10 86
10 453
10 467
10 524
10 600
10 605
10 743
10 836
11 98
11 420
11 463
12 92
12 170
12 385
12 703
13 232
13 240
13 402
13 697
14 483
15 45
15 149
15 352
15 409
15 417
15 454
15 496
15 506
15 521
15 693
15 739
16 123
16 233
16 572
18 32
18 47
18 178
18 265
18 321
18 429
18 543
18 546
18 559
18 595
19 32
19 77
19 83
19 235
19 677
19 727
20 530
21 68
21 135
21 137
21 144
21 244
21 382
21 387
22 97
22 106
22 111
22 317
22 674
22 688
22 750
23 109
23 633
24 610
25 66
25 69
25 92
25 155
25 270
25 495
25 609
25 651
26 173
26 431
26 629
26 666
27 413
27 433
27 788
28 133
28 140
28 464
28 579
28 672
29 754
30 790
31 200
31 266
31 361
31 461
32 161
32 227
32 235
32 250
32 358
32 543
32 595
32 693
33 104
33 226
33 245
33 262
33 395
33 510
33 576
33 689
33 700
35 756
36 484
36 493
37 396
37 589
37 724
38 42
38 80
38 87
38 390
38 554
39 196
39 392
39 439
39 567
39 646
39 672
40 166
41 133
41 177
41 250
41 259
41 435
41 511
41 786
42 248
42 446
42 511
42 651
43 150
43 556
44 161
44 324
44 329
44 387
44 398
44 455
44 545
44 651
44 703
45 401
45 719
45 790
46 393
47 52
47 219
47 220
47 227
47 261
47 266
47 423
47 431
47 451
47 579
47 664
49 200
49 1044
50 75
50 247
50 263
50 276
50 344
51 356
51 466
51 608
51 742
51 772
52 186
52 292
52 456
52 624
53 185
53 287
53 414
54 138
54 266
54 315
54 353
54 364
54 370
54 667
54 835
54 852
54 861
55 443
55 474
55 509
55 627
55 682
55 754
56 67
56 167
56 311
56 397
56 405
56 619
57 273
57 507
57 865
57 866
57 933
58 91
58 163
58 716
58 787
59 165
60 212
60 218
60 224
60 241
60 418
60 477
61 290
61 305
61 357
61 463
61 536
61 619
61 668
61 694
61 716
62 256
62 290
62 406
63 255
64 590
64 649
64 665
64 741
65 90
65 148
65 190
65 199
65 207
65 249
65 261
65 325
65 412
65 430
65 439
65 475
65 501
65 582
65 688
66 419
66 428
66 669
67 159
67 211
67 313
67 333
67 363
67 397
67 402
67 463
67 498
67 638
67 1044
68 361
68 555
68 649
68 665
69 135
69 155
69 394
69 395
69 396
69 495
69 548
69 602
69 642
69 952
70 75
70 376
70 462
70 587
71 986
72 687
73 366
74 132
74 479
75 186
75 383
75 464
75 587
76 209
78 94
78 188
78 551
78 645
78 699
78 725
79 135
79 195
79 295
79 783
80 82
80 87
80 161
80 229
80 709
82 87
82 135
82 138
82 161
82 320
82 348
82 353
82 387
82 709
82 784
83 94
83 97
83 107
83 188
83 409
83 411
83 467
83 521
83 739
84 116
84 286
84 396
84 400
84 403
84 510
84 548
84 585
84 602
84 744
85 153
85 249
85 280
85 352
85 426
85 512
85 603
85 643
85 665
86 113
86 151
86 188
86 280
86 411
86 467
86 527
86 548
86 648
86 650
86 653
87 143
87 484
87 513
87 577
87 624
87 728
87 731
88 326
88 541
89 513
90 122
90 141
90 149
90 190
90 199
90 205
90 230
90 254
90 424
90 439
90 443
90 475
90 516
90 567
90 612
90 646
91 787
92 111
92 124
92 324
92 395
92 446
92 735
93 234
93 526
93 730
94 97
94 188
94 200
94 207
94 331
94 551
94 643
94 645
94 688
94 725
94 726
95 239
95 433
95 708
96 190
96 193
96 194
96 296
96 317
96 415
96 485
96 506
96 529
96 632
96 666
97 188
97 207
97 415
97 513
97 551
97 643
97 645
97 674
97 688
97 699
98 121
98 181
98 732
98 762
99 108
99 613
99 725
100 318
100 340
100 346
100 514
100 553
101 487
101 577
101 761
102 190
102 218
102 397
102 501
102 685
102 754
103 111
103 262
104 212
104 247
104 308
104 364
104 510
104 770
105 108
105 152
105 227
105 247
105 321
105 366
105 373
105 375
105 447
105 543
105 570
105 577
105 613
105 725
105 764
105 786
106 172
106 570
106 579
106 595
106 731
107 401
107 409
107 496
107 739
108 265
108 429
108 546
108 595
108 747
109 127
109 183
109 456
109 739
110 222
110 531
111 161
111 165
111 228
111 229
111 446
111 450
111 610
111 729
111 751
113 411
113 467
113 648
113 653
114 442
115 309
115 316
115 635
115 721
115 787
116 219
116 270
116 296
116 400
116 548
116 585
116 609
117 176
117 281
117 700
118 545
119 178
119 431
119 595
119 629
120 167
120 317
120 378
120 425
120 435
120 478
120 486
120 687
121 294
122 149
122 199
122 238
122 254
122 268
122 351
122 392
122 430
122 748
123 167
123 174
123 253
123 354
123 425
123 468
123 717
123 732
124 324
125 305
125 668
126 743
127 424
127 519
127 527
127 532
128 198
128 286
128 295
130 575
130 661
130 737
131 721
132 218
132 287
132 418
132 491
133 140
133 331
133 431
133 579
134 409
134 435
134 521
134 660
135 144
135 244
135 394
135 602
135 623
135 783
136 157
137 271
137 294
137 311
138 170
138 315
138 353
138 394
138 403
138 497
139 337
140 253
140 579
141 149
141 392
141 424
141 439
141 441
141 539
141 708
141 711
142 216
142 218
142 249
142 284
142 449
142 622
142 652
144 200
144 295
144 334
144 346
144 544
144 623
144 784
145 287
145 478
145 542
145 639
145 681
148 153
148 190
148 206
148 207
148 582
148 688
149 199
149 230
149 254
149 257
149 286
149 331
149 352
149 454
149 496
149 506
149 612
149 647
149 691
149 693
149 708
149 750
150 168
150 304
150 349
150 408
150 526
150 581
150 712
150 758
150 787
151 420
151 457
151 704
152 433
152 764
153 169
153 190
153 401
153 412
153 426
153 543
153 599
153 688
153 752
154 486
154 597
154 687
155 259
155 340
155 346
155 387
155 419
155 495
156 166
156 193
156 228
156 292
157 176
157 250
157 312
157 568
157 639
158 193
158 417
158 666
159 787
160 373
161 353
161 398
161 446
161 494
162 292
162 484
162 750
163 181
163 239
163 304
163 487
163 552
163 694
164 167
164 174
164 299
164 345
164 679
165 213
165 271
165 393
165 467
165 524
165 624
165 751
166 442
166 484
166 624
166 705
166 750
167 343
167 354
167 789
167 793
168 185
168 299
168 569
168 706
168 714
169 451
169 540
169 543
169 546
169 676
170 348
170 394
170 419
170 471
170 770
170 784
170 864
170 896
170 1062
171 196
171 392
172 252
172 417
172 507
172 786
172 1028
173 254
174 330
174 345
174 354
174 363
174 463
174 579
174 679
175 361
175 459
175 471
175 507
175 578
175 771
176 197
176 290
177 250
177 447
177 492
177 579
177 786
178 250
178 578
178 740
179 180
179 732
180 211
180 530
181 263
181 298
181 373
181 552
181 661
181 718
181 721
181 732
182 322
182 330
182 333
182 502
182 530
182 620
182 737
183 259
183 266
183 475
183 612
183 673
184 259
184 339
184 401
184 413
184 475
184 540
184 595
185 287
185 299
185 539
185 591
186 240
186 470
186 587
187 324
187 615
187 781
188 254
188 467
188 527
188 551
189 239
189 277
189 332
189 335
189 372
189 381
189 386
189 522
189 578
189 592
190 204
190 227
190 401
190 415
190 529
190 535
190 705
190 715
191 220
191 263
192 406
192 479
192 525
193 231
193 317
193 605
193 628
193 761
193 768
194 337
194 351
194 410
194 467
194 692
194 748
195 200
195 226
195 260
195 361
195 392
195 394
195 403
195 471
195 544
195 672
195 771
196 392
196 699
197 281
197 400
198 281
198 398
198 446
198 459
199 254
199 351
199 430
199 465
199 708
199 746
200 265
200 295
200 403
200 607
200 647
200 725
201 215
202 349
202 661
204 323
204 388
204 415
204 424
204 437
204 443
204 475
204 691
204 705
205 437
205 439
205 473
205 475
205 646
205 711
206 207
206 209
206 225
206 307
206 594
207 582
207 688
209 225
209 664
210 340
210 364
210 576
210 585
210 722
211 378
211 578
212 224
212 241
212 308
212 408
212 707
213 329
213 337
215 435
215 525
216 316
216 493
216 646
217 257
217 332
217 335
217 372
217 522
217 624
217 652
217 670
218 519
218 730
219 358
219 448
219 605
219 664
219 734
220 263
220 339
220 348
220 372
220 604
220 750
221 417
221 641
221 666
221 761
222 757
224 241
224 671
224 707
225 441
225 702
225 705
226 262
226 266
226 370
226 709
227 492
227 540
227 543
227 595
227 639
227 676
227 686
227 747
228 243
228 292
228 455
228 556
228 729
228 750
228 775
229 497
230 254
230 439
230 447
230 472
230 475
230 598
230 646
230 691
231 258
231 513
231 584
231 768
232 240
233 344
233 373
234 373
234 716
235 490
236 308
236 349
236 626
236 929
238 323
238 423
238 506
238 598
239 277
239 280
239 387
239 624
239 780
240 578
240 602
241 668
241 707
241 730
242 406
242 634
243 339
243 727
244 246
244 334
244 596
244 623
244 649
244 728
244 742
245 548
245 565
245 728
245 775
246 514
246 576
246 742
247 540
247 570
248 790
249 412
249 582
249 599
249 702
249 752
249 788
250 755
250 786
251 409
251 454
251 509
251 521
251 598
251 755
252 265
252 375
252 747
252 1098
253 425
253 597
253 619
253 660
253 716
253 787
254 268
254 430
254 439
254 475
254 646
256 281
256 319
256 359
256 362
256 591
257 292
257 352
257 395
257 536
257 624
257 677
257 691
257 700
257 728
257 750
258 584
258 586
258 768
259 266
259 364
259 427
259 459
259 471
259 784
259 989
260 266
260 301
260 403
260 770
260 771
261 266
261 415
261 424
261 443
261 465
261 485
261 582
261 788
263 372
263 455
263 503
263 604
263 727
264 435
264 465
264 660
265 570
265 725
265 747
266 364
266 419
266 459
266 461
266 479
266 510
266 537
266 784
267 273
267 281
268 277
268 366
268 569
268 612
268 620
270 501
270 599
270 654
270 686
270 715
270 752
270 788
271 311
271 350
272 432
272 761
273 588
274 751
275 318
275 556
275 596
276 360
276 441
276 665
277 381
277 416
277 666
277 759
277 780
278 445
279 680
280 338
280 611
280 662
280 699
281 294
281 308
281 408
281 497
281 577
281 669
281 703
281 712
281 753
281 772
282 359
282 362
282 644
283 560
283 572
284 455
285 775
286 325
286 370
286 403
286 429
286 443
286 595
286 647
286 771
287 299
287 362
287 569
287 687
287 706
287 787
290 359
290 626
291 548
291 565
291 609
291 610
291 614
292 484
292 624
292 777
293 406
293 410
293 479
293 563
293 732
294 408
294 497
294 669
295 607
295 784
296 297
296 320
296 368
296 518
296 532
296 621
296 702
296 781
297 344
297 372
297 434
297 446
297 480
297 532
297 621
297 622
297 624
298 541
298 570
298 730
299 564
299 568
299 569
299 787
301 399
301 461
301 537
301 709
301 762
303 383
303 391
303 528
303 635
303 722
303 738
304 552
304 668
304 714
305 706
306 552
306 668
306 714
307 388
307 442
307 446
307 475
307 666
307 685
307 690
308 393
308 408
309 359
309 706
311 419
311 680
311 775
312 359
313 363
313 619
314 388
314 476
314 493
314 603
314 615
314 617
314 734
314 769
315 353
315 602
316 325
316 493
316 534
316 781
317 348
317 423
317 485
317 529
317 549
317 553
317 598
317 614
317 632
317 664
317 784
318 340
318 341
318 346
318 556
318 596
319 597
320 348
320 361
320 471
320 517
320 544
320 784
321 429
321 543
321 546
321 559
322 502
322 626
323 424
323 443
323 627
324 503
325 429
325 534
325 599
325 603
325 606
325 691
325 779
326 349
326 362
326 543
327 364
327 789
329 455
329 736
330 378
330 619
331 352
331 454
331 506
331 647
331 708
331 746
332 335
332 592
332 652
332 670
333 343
333 502
333 530
333 664
333 671
334 370
334 545
334 623
335 423
335 670
338 487
338 535
338 547
338 612
338 673
338 699
339 401
339 413
339 433
339 540
339 546
339 613
339 683
340 346
340 387
340 742
341 672
343 357
343 591
343 644
343 738
344 622
344 643
344 752
345 679
346 517
346 790
348 544
348 728
348 750
348 784
348 1105
349 721
349 793
351 467
351 692
351 769
352 409
352 426
352 693
352 761
352 768
354 526
355 371
355 470
355 759
356 466
356 712
357 478
357 491
357 619
357 625
357 635
359 576
359 577
359 591
359 669
359 703
359 716
359 748
361 497
361 555
361 642
361 649
361 1103
362 591
363 498
363 916
364 370
364 427
364 459
364 544
364 649
364 784
368 474
368 480
368 769
369 563
370 427
370 544
370 649
370 784
371 621
372 401
372 474
372 519
372 522
372 532
372 750
373 469
374 504
374 512
374 518
374 631
374 724
376 497
377 402
378 684
379 652
379 683
383 616
383 710
383 743
383 763
385 482
385 967
386 578
386 723
386 848
386 988
386 1098
386 1103
387 495
387 514
387 651
387 728
387 741
387 742
388 470
388 493
388 637
389 552
390 503
392 566
392 754
393 680
394 399
394 403
394 691
394 704
394 1103
395 576
395 601
395 609
395 614
395 689
395 700
396 419
396 565
396 585
396 589
396 689
396 724
396 744
398 545
398 553
398 816
399 544
399 667
400 585
401 426
401 540
401 688
401 702
401 750
402 661
403 771
403 1007
404 737
406 414
407 449
408 581
408 1048
409 521
409 675
409 739
409 755
410 620
410 692
410 772
411 467
411 594
411 648
411 653
412 426
412 492
412 599
412 603
412 665
412 699
412 705
412 752
413 546
415 465
415 599
415 688
415 788
416 757
417 666
417 759
418 661
419 452
419 466
419 585
419 609
419 770
419 775
420 636
420 767
422 661
422 721
422 856
423 598
423 632
423 720
423 728
424 443
424 485
424 506
424 516
424 711
426 603
426 645
426 752
426 771
427 471
427 544
428 737
429 534
429 546
429 559
429 595
429 606
429 647
429 691
429 779
430 439
430 475
430 566
430 582
430 699
433 451
433 559
434 466
434 621
435 711
436 466
437 560
437 593
437 603
437 605
437 711
437 998
439 472
439 475
439 567
439 646
439 660
442 472
442 480
442 620
442 624
442 666
442 685
442 1059
443 487
443 559
443 612
443 787
445 636
445 675
446 576
446 689
446 751
446 1059
447 451
447 472
447 595
447 725
447 786
451 725
451 786
452 576
453 743
454 506
454 547
454 693
454 708
455 556
455 596
455 604
455 651
455 654
455 750
456 741
457 508
457 510
459 544
459 642
460 849
461 537
463 668
463 679
463 738
463 778
464 587
465 788
466 758
467 507
467 548
467 648
467 650
467 653
468 619
468 778
468 790
470 519
470 534
470 578
470 587
470 620
471 544
471 577
472 599
472 646
472 666
472 685
473 612
473 637
473 711
474 519
475 646
475 711
476 654
478 597
478 687
479 714
480 624
480 759
481 636
482 756
482 967
484 624
484 728
485 516
485 761
486 687
487 535
487 611
487 640
487 675
488 582
489 582
489 747
491 619
491 635
491 658
491 694
491 787
492 686
493 534
493 566
493 637
495 770
496 506
496 521
496 693
496 739
496 757
497 655
497 791
499 672
502 530
503 517
503 721
503 727
503 730
504 628
504 721
506 516
506 693
506 708
506 739
507 513
507 537
507 579
507 723
507 744
507 978
509 660
509 682
509 755
509 767
510 537
510 540
510 544
510 647
510 700
512 724
513 588
513 659
513 768
513 861
514 966
515 607
515 620
515 672
515 787
515 957
516 557
516 692
516 710
517 705
517 1019
519 620
521 675
521 694
521 755
522 676
522 750
524 674
524 720
525 694
526 639
526 661
527 641
529 590
529 599
529 708
531 757
532 615
532 621
532 769
533 574
533 727
534 546
534 566
534 647
534 691
534 779
534 787
534 788
536 588
536 780
539 708
540 543
540 546
540 570
540 683
541 730
543 546
543 559
543 570
543 747
544 709
544 784
546 595
546 606
546 691
546 747
547 652
547 699
547 701
547 755
548 585
548 602
548 604
548 704
548 715
548 744
549 553
549 632
549 661
549 686
549 740
551 643
551 645
551 744
551 773
552 635
552 658
552 758
553 614
553 632
553 664
556 733
560 567
565 586
565 610
566 567
566 646
566 690
566 710
567 646
567 793
567 889
570 593
571 737
572 742
576 669
576 680
576 770
577 728
578 732
579 631
582 599
582 688
582 702
582 779
583 691
583 740
584 728
584 768
585 609
585 744
586 703
588 642
588 702
588 725
589 614
589 724
589 750
590 599
590 741
590 761
591 644
591 738
592 685
592 696
593 934
594 621
594 648
594 733
595 613
595 747
598 755
599 617
599 647
599 688
599 769
600 605
600 664
600 714
600 848
601 678
601 703
601 728
602 704
602 715
602 744
603 665
603 752
604 963
605 664
605 848
606 647
606 691
607 672
607 789
609 610
609 689
609 700
609 704
609 715
609 758
610 729
610 751
611 662
611 701
611 995
612 673
614 632
614 700
615 621
615 759
616 759
617 734
619 787
621 709
622 645
623 784
624 658
624 728
624 750
627 646
627 682
627 754
629 632
631 724
632 664
633 651
633 745
635 658
635 721
635 758
635 787
636 711
637 642
637 788
638 639
638 732
641 761
643 647
643 652
643 673
643 699
643 769
643 788
644 687
644 706
645 726
647 652
647 691
647 779
648 653
649 1059
650 653
650 777
651 657
651 703
651 745
652 696
652 699
652 755
652 779
652 788
654 657
655 714
657 745
657 775
658 787
660 710
661 663
661 730
662 699
662 701
664 740
664 791
664 848
665 752
665 788
666 685
666 759
669 712
669 770
671 737
673 788
673 918
676 786
678 703
678 728
682 693
682 755
683 740
683 779
685 690
687 787
689 700
690 710
691 779
693 757
699 701
699 752
699 788
702 725
703 728
703 773
704 715
705 752
708 713
708 746
708 779
708 794
711 713
714 769
714 787
716 787
717 723
719 720
721 787
723 747
723 790
723 848
725 787
728 731
728 742
731 750
734 1007
742 1084
742 1086
744 773
746 748
749 775
752 788
753 791
756 967
757 1103
758 787
762 783
769 788
774 979
779 950
781 1044
787 788
791 1043
794 798
794 862
794 869
794 870
794 910
794 921
794 987
794 1002
794 1023
794 1066
795 823
795 825
795 838
795 840
795 843
795 875
795 916
795 959
795 962
795 1003
795 1050
795 1100
796 799
796 907
796 1015
796 1024
796 1029
796 1033
797 811
797 1099
798 987
798 1006
798 1011
798 1022
798 1066
798 1103
799 825
799 840
799 843
799 875
799 878
799 977
799 1038
799 1050
799 1052
799 1058
799 1092
799 1100
800 847
800 1038
800 1050
800 1052
801 978
801 1004
802 859
802 865
802 887
803 898
803 903
803 925
803 991
803 999
803 1011
803 1057
803 1063
803 1072
804 805
804 847
804 1012
804 1050
805 827
805 848
805 873
805 886
805 1037
805 1039
805 1046
806 865
806 929
806 930
806 942
806 1015
806 1030
806 1045
807 850
807 944
807 952
807 1056
808 876
808 889
808 901
808 977
808 978
808 1019
808 1022
808 1037
808 1070
810 873
810 896
810 927
810 930
810 955
810 1031
810 1076
810 1079
810 1089
810 1091
811 940
811 1099
812 835
812 861
812 899
812 1053
812 1073
813 822
813 1035
813 1064
814 875
814 878
814 886
814 918
814 950
814 999
814 1011
814 1036
814 1039
815 831
815 854
815 968
816 1043
816 1059
817 873
817 883
817 894
817 941
817 972
817 1001
817 1031
817 1041
817 1068
817 1071
817 1091
818 822
818 930
818 978
818 990
818 1073
818 1076
819 832
819 856
819 898
819 903
819 913
819 938
819 976
819 991
819 1036
820 831
820 943
820 947
820 953
820 968
820 985
821 929
821 940
821 942
821 993
821 997
821 1045
821 1106
822 863
822 961
822 964
822 1032
822 1082
822 1101
823 825
823 840
823 1060
824 885
824 901
824 1003
824 1039
825 827
825 838
825 912
825 920
825 951
825 1003
825 1060
826 835
826 852
826 924
826 965
826 1082
826 1089
827 847
827 976
827 1077
828 876
828 886
828 908
828 919
828 932
828 943
828 1011
828 1029
828 1087
829 852
829 915
829 1078
830 1071
831 850
831 983
831 985
831 1024
831 1025
831 1068
832 833
832 840
832 1105
833 983
833 985
833 1022
833 1024
833 1029
833 1038
834 835
834 892
834 898
834 914
834 988
834 1019
834 1080
835 861
835 1089
836 848
837 865
837 930
837 984
837 1040
837 1069
838 847
838 901
838 1009
838 1092
838 1100
839 1031
839 1038
840 843
840 867
840 878
840 890
840 957
840 959
840 1004
840 1047
840 1050
840 1056
840 1085
840 1098
841 864
841 873
841 896
841 898
841 900
841 943
841 945
841 989
841 1062
841 1068
841 1089
842 873
842 874
842 965
842 987
843 875
843 1047
843 1050
843 1092
843 1095
843 1100
844 847
844 1002
844 1049
844 1104
845 851
845 1068
845 1106
846 943
847 881
847 890
847 948
847 1008
847 1019
847 1057
847 1077
847 1094
847 1096
848 876
848 933
848 1070
848 1080
849 938
850 1021
851 885
851 891
851 1032
851 1068
851 1101
852 858
852 915
852 935
852 1041
852 1078
852 1082
853 858
853 882
853 885
853 915
853 990
853 1013
853 1018
853 1041
853 1068
853 1078
853 1097
855 979
855 982
855 1004
855 1052
855 1058
855 1063
855 1085
856 881
856 903
856 916
856 925
856 960
856 989
856 1051
857 887
858 868
858 891
858 943
858 965
858 980
858 1068
858 1076
858 1079
859 864
859 887
859 893
859 896
859 928
859 1069
860 887
860 926
860 936
860 1079
860 1088
861 874
861 965
861 1053
862 914
862 1014
863 893
863 993
863 1069
863 1106
864 873
864 891
864 894
864 898
864 902
864 915
864 917
864 945
864 972
864 998
864 1001
864 1033
864 1055
864 1068
864 1088
865 917
865 926
865 933
866 933
868 964
868 990
868 1044
868 1068
868 1106
869 870
869 876
869 895
869 903
869 1019
869 1090
870 872
870 921
871 929
871 942
871 1069
872 911
872 958
872 966
872 1046
873 886
873 900
873 927
873 945
873 955
873 965
873 975
873 1005
873 1031
873 1055
873 1093
874 990
874 1082
875 881
875 905
875 910
875 911
875 912
875 934
875 991
875 1008
875 1019
875 1044
875 1050
875 1054
875 1085
875 1095
876 885
876 911
876 914
876 1011
877 884
877 924
877 1006
877 1022
877 1037
878 931
878 959
878 976
878 977
878 1011
878 1044
878 1052
878 1058
878 1063
878 1067
878 1096
879 1038
880 926
881 905
881 949
881 1003
881 1008
881 1019
881 1023
881 1050
881 1083
881 1095
882 894
882 1001
882 1013
882 1031
883 894
883 941
883 972
883 1018
883 1041
883 1055
883 1068
883 1071
883 1091
884 908
884 951
884 967
884 1004
885 911
885 938
885 1028
885 1083
886 909
886 912
886 950
886 951
886 975
886 980
886 1003
886 1051
886 1057
886 1093
887 896
887 982
887 1068
887 1076
887 1089
888 954
888 1064
889 1070
889 1080
889 1098
890 957
890 962
891 896
891 919
891 941
891 1055
891 1068
891 1074
891 1087
891 1091
891 1101
892 914
892 988
892 1080
892 1103
893 1074
894 896
894 941
894 955
894 972
894 1018
894 1033
894 1055
894 1068
894 1091
895 958
895 1011
895 1090
896 898
896 902
896 945
896 972
896 998
896 1001
896 1033
896 1055
896 1068
896 1097
898 902
898 909
898 925
898 951
898 989
898 991
898 999
898 1034
898 1044
898 1046
898 1051
898 1057
900 945
900 961
900 1071
901 908
901 934
901 977
901 1037
901 1039
901 1093
902 903
902 909
902 937
902 958
902 976
902 989
902 999
902 1011
902 1034
902 1051
903 910
903 937
903 976
903 989
903 991
903 1023
903 1026
903 1051
903 1070
903 1071
904 969
905 910
905 1058
905 1095
905 1103
907 1024
907 1025
908 920
908 988
908 991
908 1039
908 1052
909 925
909 937
909 989
909 999
909 1046
909 1051
910 925
910 1095
911 925
911 951
911 1077
912 1003
912 1006
912 1054
912 1095
913 1011
913 1036
913 1046
913 1057
913 1063
914 988
914 1049
914 1098
915 935
915 969
915 1078
915 1097
916 1006
916 1019
916 1050
917 953
917 982
918 948
918 968
918 1011
918 1037
918 1038
918 1057
919 980
919 1087
919 1105
920 949
920 1004
920 1012
920 1052
920 1058
920 1063
921 937
921 958
921 1034
923 932
924 951
924 966
924 967
924 1051
925 937
925 999
925 1037
925 1051
925 1057
926 1099
927 955
927 1059
927 1076
927 1089
927 1101
928 930
928 1088
929 930
929 942
929 1030
929 1045
929 1074
929 1088
929 1106
930 940
931 942
931 982
931 994
931 1065
931 1081
932 938
932 1029
932 1087
933 946
934 960
934 977
934 999
934 1026
934 1070
934 1093
935 1041
935 1078
935 1082
937 958
937 989
937 999
937 1051
937 1067
938 1087
938 1094
939 953
940 947
940 982
940 1005
940 1081
941 1018
941 1031
941 1055
941 1068
941 1091
942 1030
942 1045
943 985
943 1079
944 1005
945 965
945 1005
945 1068
946 1100
947 1005
947 1056
948 976
948 1011
948 1037
948 1057
949 1012
950 980
951 967
951 991
951 1072
951 1087
951 1105
953 994
953 1005
953 1015
953 1060
953 1065
953 1068
953 1081
954 1064
955 1010
955 1031
955 1076
955 1089
957 1085
958 1023
958 1034
959 1004
959 1058
959 1063
960 1011
960 1023
960 1026
960 1093
963 1064
965 1101
966 1085
967 1105
968 985
968 1011
969 1079
969 1102
970 971
970 972
970 1045
970 1071
970 1088
971 1025
972 995
972 1041
972 1055
972 1068
972 1091
976 1007
977 978
977 1019
977 1022
977 1052
977 1070
977 1093
977 1097
978 988
978 1007
978 1008
978 1070
978 1103
979 1009
979 1048
980 1079
981 1017
981 1041
982 1005
982 1056
982 1081
983 985
983 1022
985 1025
985 1071
987 991
987 1066
987 1098
987 1103
988 991
988 1070
988 1080
988 1098
988 1103
989 1011
989 1051
989 1060
990 1032
990 1082
991 999
993 996
993 1043
993 1106
994 1005
994 1056
994 1064
994 1075
994 1081
994 1089
995 1020
995 1027
995 1032
995 1084
995 1086
997 1030
997 1045
997 1106
998 1068
999 1026
999 1036
999 1051
1001 1013
1001 1031
1002 1028
1002 1049
1002 1104
1003 1006
1003 1054
1004 1048
1004 1052
1004 1063
1005 1021
1006 1054
1006 1072
1007 1019
1008 1019
1008 1095
1009 1047
1009 1092
1010 1076
1011 1029
1011 1036
1011 1039
1011 1057
1011 1083
1012 1047
1013 1031
1013 1068
1013 1071
1017 1041
1018 1055
1018 1068
1018 1091
1019 1022
1019 1050
1019 1103
1020 1027
1020 1032
1020 1053
1020 1086
1023 1095
1024 1065
1025 1027
1026 1057
1026 1093
1027 1084
1027 1086
1028 1104
1029 1038
1029 1087
1030 1045
1032 1041
1032 1068
1032 1082
1034 1038
1034 1046
1034 1093
1035 1064
1036 1083
1037 1039
1038 1093
1039 1071
1046 1057
1047 1085
1048 1063
1049 1098
1050 1088
1050 1100
1052 1058
1052 1063
1054 1072
1055 1068
1055 1071
1055 1082
1055 1091
1056 1065
1056 1075
1056 1081
1062 1089
1063 1083
1063 1095
1067 1091
1068 1071
1068 1076
1068 1079
1068 1089
1068 1091
1068 1097
1070 1093
1074 1101
1075 1081
1076 1089
1084 1086
1090 1096
1092 1100
1096 1101
1102 1106
