#num-nodes
655
#num-links
2865
#links
0 86
0 144
0 174
0 183
0 306
0 447
0 474
0 510
0 522
0 539
0 620
0 637
1 68
1 390
2 23
2 67
2 210
2 244
2 320
2 352
2 395
2 401
2 499
2 515
2 564
2 600
2 639
3 43
3 96
3 151
3 183
3 271
3 295
3 344
3 460
3 573
4 121
4 205
4 286
4 444
5 171
5 177
5 204
5 232
5 311
5 413
5 437
5 439
6 18
6 45
6 138
6 171
6 194
6 279
6 623
7 191
7 193
7 276
7 284
7 337
7 340
7 396
7 419
7 421
7 596
8 24
8 201
8 265
8 293
8 328
8 330
8 348
8 373
8 629
9 141
9 220
9 226
9 243
9 273
9 296
9 433
9 489
9 494
9 562
9 654
10 21
10 64
10 80
10 90
10 142
10 175
10 181
10 185
10 240
10 325
10 335
10 389
10 407
10 410
10 481
10 502
10 567
10 628
10 631
11 69
11 198
11 393
11 405
11 485
11 536
11 538
13 23
13 214
13 395
13 614
14 28
14 113
14 130
14 201
14 218
14 320
14 395
14 401
14 437
14 515
14 564
14 600
14 610
14 639
15 25
15 84
15 98
15 103
15 138
15 167
15 171
15 303
15 369
15 480
15 533
15 547
15 557
15 601
15 652
16 20
16 67
16 85
16 89
16 155
16 486
16 490
16 540
16 596
16 613
17 72
17 220
17 296
17 363
17 452
17 471
17 479
17 569
18 133
18 315
18 345
18 457
18 553
18 609
18 650
20 110
20 154
20 194
20 241
20 416
20 508
20 593
20 596
21 61
21 80
21 103
21 108
21 116
21 119
21 142
21 150
21 175
21 181
21 185
21 213
21 220
21 234
21 240
21 281
21 314
21 325
21 326
21 336
21 370
21 384
21 385
21 389
21 482
21 498
21 502
21 538
21 569
21 615
21 628
21 651
22 301
22 380
22 383
22 519
22 541
22 544
22 595
22 607
23 46
23 47
23 113
23 253
23 395
23 510
23 515
23 539
23 614
23 639
24 81
24 226
24 234
24 290
24 370
24 373
24 524
24 556
24 577
24 588
25 210
25 234
25 293
25 328
25 368
25 381
25 488
25 538
25 580
25 646
26 31
26 40
26 197
26 208
26 282
26 308
26 404
26 449
26 630
27 59
27 98
27 205
27 363
27 395
27 479
27 513
27 629
28 72
28 73
28 218
28 221
28 418
28 600
29 202
29 275
29 352
29 414
29 525
29 550
29 621
29 643
30 305
30 426
31 49
31 73
31 90
31 141
31 186
31 263
31 289
31 347
31 387
31 448
31 458
31 486
31 562
31 596
31 612
31 630
32 73
32 186
32 238
32 450
32 458
32 583
32 592
33 44
33 208
33 275
33 278
33 414
33 455
33 513
34 35
34 59
34 76
34 106
34 121
34 223
34 272
34 316
34 357
34 365
34 372
34 391
34 423
34 581
34 595
34 642
35 106
35 272
35 316
35 372
35 391
36 232
36 343
36 358
36 398
36 436
36 458
36 473
36 559
36 585
37 248
37 289
37 291
37 327
37 339
37 342
37 358
37 425
37 468
37 489
37 606
37 647
38 227
39 141
39 241
39 263
39 347
39 489
39 509
40 90
40 282
40 300
40 308
41 176
41 180
41 279
41 647
42 47
42 170
42 211
42 221
42 255
42 323
42 358
42 409
42 495
42 572
42 590
43 50
43 96
43 174
43 183
43 261
43 369
43 380
43 446
43 460
43 537
44 60
44 72
44 222
44 275
44 355
44 455
45 48
45 60
45 92
45 138
45 164
45 176
45 241
45 282
45 292
45 300
45 338
45 366
45 387
45 492
46 100
46 113
46 170
46 224
46 245
46 258
46 355
46 447
46 510
46 518
47 187
47 255
48 92
48 217
48 342
48 364
48 386
48 480
48 570
48 597
49 81
49 164
49 186
49 241
49 243
49 340
49 509
50 59
50 203
50 365
50 385
50 415
50 471
50 595
50 642
50 649
51 54
51 65
51 66
51 235
51 420
51 422
51 463
51 547
52 54
52 62
52 79
52 246
52 285
52 286
52 544
52 546
52 605
53 66
53 522
53 536
53 561
53 618
54 274
54 373
54 400
54 488
54 500
54 524
55 254
55 308
55 331
55 340
55 419
55 521
56 83
56 163
56 291
56 339
56 377
56 388
56 424
56 536
56 566
56 611
56 626
56 647
57 95
57 384
58 66
58 81
58 85
58 105
58 330
58 348
58 386
58 391
58 597
59 121
59 272
59 316
59 354
59 642
60 176
60 377
61 198
61 313
61 333
61 384
61 502
61 537
61 573
61 589
61 643
62 131
62 285
62 400
62 407
62 534
62 546
62 643
63 82
63 192
63 220
63 408
63 612
64 98
64 131
64 135
64 185
64 195
64 240
64 314
64 325
64 361
64 407
64 464
64 467
64 619
64 628
65 152
65 310
65 451
66 201
66 285
66 348
66 383
66 522
66 524
66 652
67 69
67 77
67 198
67 238
67 243
67 393
67 408
67 639
67 643
68 91
68 247
68 298
68 350
68 501
68 578
69 123
69 328
69 405
69 485
69 651
70 247
70 623
70 633
70 644
70 653
71 91
71 377
72 242
72 253
72 395
72 621
73 141
73 404
73 450
73 458
73 552
73 585
73 612
74 114
74 134
74 139
74 270
74 277
74 306
74 379
74 401
74 579
74 589
74 604
74 620
74 649
75 126
75 151
75 174
75 294
75 355
75 498
75 504
75 513
75 514
75 525
75 558
75 581
75 595
75 615
76 106
76 190
76 272
76 297
76 316
76 363
76 372
76 541
76 587
76 630
76 642
77 128
77 149
77 229
77 243
77 489
77 641
78 152
78 252
78 390
78 580
79 311
79 422
79 488
79 502
79 560
79 601
80 85
80 213
80 336
80 385
80 389
80 462
80 481
80 482
80 498
80 502
80 525
80 569
80 570
80 643
81 85
81 310
81 330
81 348
81 359
81 522
82 214
82 442
82 550
82 612
82 645
83 127
83 339
84 167
84 171
84 236
84 303
84 423
84 436
84 478
84 533
84 547
85 89
85 90
85 111
85 147
85 155
85 208
85 231
85 281
85 339
85 359
85 386
85 448
85 490
85 534
86 88
86 139
86 265
86 349
86 437
86 530
86 535
86 590
86 620
87 128
87 140
87 224
87 225
87 472
88 143
88 159
88 175
88 189
88 210
88 225
88 335
88 349
88 437
88 499
88 530
88 590
89 90
89 155
89 302
89 368
89 448
89 449
89 490
89 544
90 111
90 129
90 230
90 239
90 281
90 407
90 486
90 490
90 585
91 184
91 249
91 256
91 529
91 596
91 616
91 648
92 105
92 133
92 164
92 171
92 338
92 364
92 386
92 387
92 500
93 97
93 249
93 282
93 454
94 353
94 375
94 438
95 161
95 348
95 428
95 561
96 120
96 183
96 361
96 446
96 455
96 504
96 514
96 558
96 642
97 128
97 249
97 267
97 297
97 478
98 103
98 109
98 167
98 232
98 248
98 329
98 344
98 436
98 533
98 535
98 628
99 162
99 177
99 404
99 555
99 570
100 211
100 390
100 433
100 522
100 530
101 297
101 300
101 364
101 366
101 440
101 472
101 566
101 568
102 107
102 138
102 142
102 174
102 185
102 200
102 234
102 240
102 270
102 281
102 318
102 326
102 355
102 361
102 407
102 467
102 502
102 528
102 615
102 625
102 628
103 109
103 171
103 213
103 235
103 248
103 309
103 337
103 368
103 436
103 596
103 601
104 437
104 530
105 147
105 186
105 328
105 330
105 338
105 342
105 373
105 386
105 454
105 561
105 597
105 645
105 650
106 272
106 316
106 363
106 365
106 372
106 459
106 542
106 587
106 611
106 642
107 120
107 126
107 287
107 319
107 334
107 364
107 372
107 504
107 558
107 625
108 158
108 209
108 213
108 214
108 265
108 311
108 325
108 368
108 400
108 422
108 463
108 538
108 543
108 560
108 567
108 619
108 630
108 652
109 232
109 312
109 436
109 562
110 351
110 354
110 376
110 382
110 399
110 416
110 593
110 653
111 117
111 339
111 398
111 517
111 592
112 131
112 150
112 226
112 344
112 348
112 464
112 594
112 619
112 629
112 638
112 652
113 233
113 297
113 301
113 515
113 564
113 639
114 139
114 371
114 379
114 572
114 579
114 620
115 117
115 168
115 368
115 410
116 150
116 181
116 213
116 220
116 234
116 281
116 325
116 502
116 563
116 643
118 201
118 296
118 351
118 428
118 433
118 618
118 653
119 133
119 138
119 171
119 185
119 213
119 232
119 281
119 400
119 410
119 413
119 451
119 478
119 526
119 560
120 126
120 174
120 183
120 287
120 294
120 319
120 352
120 389
120 504
120 514
120 525
120 535
120 558
120 580
120 581
120 621
120 625
121 272
121 316
121 317
121 320
121 542
121 587
121 642
122 126
122 199
122 203
122 237
122 504
122 558
122 581
122 640
123 155
123 322
123 381
123 458
123 470
123 499
123 527
123 575
123 641
124 125
124 522
124 641
125 128
125 164
125 193
125 236
125 268
125 289
125 297
125 309
125 468
125 529
125 654
126 223
126 287
126 294
126 318
126 319
126 383
126 504
126 514
126 525
126 558
126 580
126 625
127 267
127 339
127 354
127 398
127 609
128 215
128 247
128 262
128 297
128 426
128 523
128 578
129 516
130 139
130 146
130 205
130 277
130 375
130 620
130 649
131 135
131 139
131 204
131 285
131 286
131 314
131 373
131 464
131 561
131 579
131 628
132 369
132 374
132 528
133 168
133 171
133 173
133 186
133 366
133 526
133 557
133 641
134 139
134 515
134 600
134 620
135 311
135 314
135 329
135 384
135 422
135 488
135 547
135 551
135 567
136 212
136 216
136 654
137 204
137 352
137 363
137 456
137 460
137 505
137 643
138 213
138 230
138 300
138 309
138 324
138 346
138 368
138 396
138 477
138 480
138 492
138 533
139 277
139 306
139 430
139 563
139 572
139 579
139 620
139 649
140 297
140 429
140 441
140 521
140 566
140 654
141 186
141 312
141 477
141 489
141 591
141 650
142 181
142 195
142 200
142 240
142 270
142 451
142 467
142 563
143 189
143 265
143 312
143 344
143 361
143 416
143 488
143 492
143 526
144 211
146 286
146 573
146 639
147 209
147 246
147 259
147 307
148 151
148 195
148 581
148 602
148 640
149 184
149 192
149 229
149 545
150 213
150 261
150 389
150 460
150 572
150 621
151 202
151 222
151 237
151 283
151 506
151 537
151 554
151 573
152 189
152 269
152 302
152 369
152 437
152 475
152 493
152 591
154 338
154 366
154 464
154 492
154 523
154 638
155 208
155 220
155 231
155 339
155 490
155 575
156 345
156 465
156 489
156 557
156 593
157 201
157 257
157 411
157 518
157 597
157 605
157 626
158 198
158 283
158 369
158 381
158 383
158 405
158 464
158 538
158 560
158 589
158 601
158 605
158 608
158 630
158 645
159 253
159 255
159 348
159 510
159 539
159 590
160 282
160 310
161 187
161 201
161 259
161 274
161 348
162 263
162 308
162 412
163 276
163 291
163 343
163 345
163 350
163 364
163 377
163 523
163 529
164 266
164 303
164 309
164 387
164 410
164 423
164 454
164 582
165 229
165 251
165 413
165 545
166 172
166 182
166 251
166 290
166 413
166 442
166 499
166 545
166 550
166 639
167 204
167 309
167 402
167 412
167 477
167 478
167 533
167 631
168 173
168 260
168 266
168 300
168 501
168 526
168 557
169 303
169 364
169 582
170 183
170 202
170 355
170 372
170 447
170 495
170 539
170 554
170 649
171 197
171 309
171 312
171 423
171 439
171 478
171 526
171 567
172 251
172 433
173 266
173 300
173 387
173 500
173 526
173 576
174 183
174 236
174 261
174 318
174 319
174 355
174 460
174 558
174 572
175 206
175 240
175 325
175 335
175 336
175 482
175 530
176 207
176 260
176 265
176 327
176 350
176 392
176 440
176 468
176 501
176 509
176 512
176 529
176 570
176 634
177 179
177 182
177 192
177 204
177 312
177 404
177 408
177 439
177 443
178 227
178 250
178 254
178 284
178 378
178 406
178 429
178 449
179 182
179 192
179 325
179 520
180 360
180 391
181 185
181 200
181 213
181 234
181 240
181 281
181 314
181 389
181 502
181 567
181 638
181 651
181 652
182 192
182 251
182 408
182 442
182 545
182 548
182 550
182 562
183 271
183 447
183 460
183 541
184 331
184 340
184 396
184 529
184 648
185 200
185 325
185 353
185 369
185 389
185 451
185 462
185 478
185 482
185 528
186 194
186 342
186 450
186 507
186 635
186 650
187 259
187 264
187 307
187 310
187 323
187 348
187 524
187 559
187 612
188 498
188 538
189 210
189 213
189 269
189 290
189 295
189 344
189 370
189 433
189 438
189 522
189 556
190 504
190 642
190 643
191 193
191 227
191 249
191 340
191 378
191 396
191 397
191 406
191 419
191 421
191 596
192 251
192 399
192 443
192 520
192 548
192 598
193 227
193 284
193 340
193 396
193 419
193 421
193 529
193 596
193 654
194 320
194 323
194 466
194 635
195 213
195 270
195 271
195 281
195 283
195 314
195 344
195 353
195 384
195 462
195 467
195 554
195 563
195 628
196 452
196 557
197 224
197 225
197 282
197 303
197 388
197 396
197 472
197 478
197 523
197 596
197 609
197 647
197 648
198 235
198 325
198 393
198 413
198 485
198 589
198 608
198 652
199 200
199 203
199 352
199 393
199 461
199 471
199 483
199 531
199 581
199 640
200 353
200 451
200 525
200 528
200 563
200 643
201 543
201 560
201 597
201 605
201 638
202 203
202 222
202 246
202 294
202 363
202 380
202 385
202 471
202 506
202 525
202 554
202 569
202 581
202 602
203 222
203 283
203 294
203 365
203 384
203 391
203 471
203 478
203 506
203 525
203 554
203 640
204 213
204 240
204 311
204 317
204 329
204 519
204 526
204 551
204 619
204 638
205 317
205 320
205 360
205 379
205 385
205 391
205 611
205 649
206 349
206 402
206 412
206 417
206 475
206 484
206 497
206 577
206 599
206 631
207 216
207 347
207 440
208 231
208 464
208 490
208 539
209 259
209 307
211 223
211 240
211 255
211 283
211 510
211 643
212 216
212 228
212 378
212 398
212 529
212 647
213 281
213 325
213 336
213 353
213 361
213 368
213 389
213 437
213 462
213 475
213 482
213 563
213 652
214 411
214 499
214 566
215 356
215 523
217 410
218 277
218 379
218 380
218 401
218 499
218 600
219 220
219 349
219 379
219 577
219 651
220 226
220 240
220 278
220 281
220 433
220 511
220 545
220 550
220 577
220 589
220 651
221 277
221 379
222 223
222 271
222 294
222 506
222 525
222 535
222 541
222 543
222 554
222 640
223 237
223 271
223 272
223 283
223 459
223 504
223 506
223 543
223 554
224 280
224 332
225 280
226 278
226 433
226 499
226 651
227 378
227 419
227 427
227 508
228 611
229 327
229 358
229 404
229 624
230 324
230 346
230 423
230 428
231 490
232 303
232 364
232 464
232 478
232 492
232 540
233 515
233 525
233 590
234 240
234 290
234 304
234 370
234 482
234 503
234 628
235 314
235 431
235 463
235 601
235 608
235 619
236 250
236 297
236 303
236 364
236 466
236 559
237 283
237 433
237 471
237 505
237 602
238 239
238 324
238 368
238 450
239 308
240 270
240 369
240 467
240 628
240 651
241 291
241 338
241 342
241 350
241 515
242 253
242 564
242 565
243 299
243 323
243 347
243 489
243 509
243 650
244 314
244 326
244 384
244 389
244 418
244 479
245 355
246 265
246 285
246 383
246 431
246 538
246 543
247 298
247 394
247 398
247 472
247 578
247 644
248 337
248 396
248 397
248 421
248 436
248 468
248 596
249 250
249 308
249 427
249 512
250 284
250 419
250 626
251 545
251 550
253 395
253 469
253 518
253 544
253 571
253 614
254 284
254 340
254 378
254 406
254 523
254 536
255 263
255 432
255 476
255 510
256 318
256 336
256 407
256 529
256 630
256 648
258 280
258 295
258 341
258 530
258 607
259 524
260 304
260 350
260 440
260 494
260 501
260 568
261 371
261 460
261 572
262 472
262 568
263 373
263 398
263 486
263 522
263 524
264 358
265 274
265 312
265 410
265 420
265 488
265 547
266 387
266 492
266 576
267 304
267 308
268 398
268 419
268 468
268 523
268 529
268 568
269 302
269 484
269 493
270 326
270 407
270 462
270 467
270 482
270 563
270 615
271 283
271 344
271 380
271 384
271 447
271 506
271 554
271 581
271 595
271 640
272 316
272 317
272 354
272 363
272 365
272 372
272 642
273 376
273 416
273 650
274 373
274 400
274 421
274 463
274 488
274 524
274 543
274 596
275 414
275 427
275 455
275 569
276 350
276 406
276 512
276 529
277 379
277 401
277 579
277 620
277 649
278 361
278 428
278 433
278 504
278 558
278 581
279 509
279 533
279 624
280 295
280 631
280 636
281 283
281 325
281 336
281 384
281 511
281 628
282 308
282 338
282 492
283 294
283 313
283 365
283 525
283 543
283 554
283 581
284 315
284 360
284 466
284 521
284 536
285 286
285 534
285 546
285 594
285 605
286 357
286 363
286 495
286 546
286 572
286 594
286 649
287 318
287 319
287 504
287 558
287 580
287 625
289 389
289 421
289 596
289 641
289 654
290 444
290 497
290 530
290 588
290 631
291 293
291 377
291 473
291 508
291 523
291 536
291 561
291 613
291 647
292 338
292 423
293 348
293 373
293 400
293 465
293 488
293 508
293 536
293 575
293 619
294 438
294 459
294 504
294 506
294 525
294 554
295 344
295 371
295 447
295 498
295 539
295 548
295 637
296 310
296 530
296 622
297 429
297 441
297 521
297 566
297 570
298 377
298 578
299 562
300 338
300 366
300 492
300 549
300 576
300 593
301 380
301 479
301 525
301 541
301 590
303 480
303 521
303 527
303 549
303 557
303 617
304 628
306 440
306 579
306 600
306 620
306 637
307 310
308 398
308 440
308 449
308 630
309 336
309 402
309 407
309 436
309 533
309 582
310 416
310 433
310 466
310 583
311 328
311 329
311 368
311 381
311 383
311 422
311 431
311 463
311 464
311 488
311 527
311 547
311 551
311 567
311 597
311 601
311 608
311 638
311 652
312 329
312 363
312 416
312 436
312 465
312 488
312 526
313 452
313 543
314 357
314 384
314 436
314 462
314 467
314 551
314 643
314 647
315 345
316 372
316 385
316 415
316 542
316 587
316 642
317 379
317 542
317 587
317 595
318 323
318 364
318 580
318 581
318 625
318 630
319 504
319 558
319 580
319 581
319 625
320 371
320 385
320 418
320 431
320 639
321 522
322 359
322 470
323 341
323 493
323 518
324 337
324 351
324 368
324 428
324 431
324 458
324 477
324 526
325 361
325 389
325 502
325 530
325 589
326 384
326 462
326 467
326 481
326 528
326 563
326 615
326 620
327 406
327 425
327 470
327 596
327 606
327 645
328 470
328 488
328 545
328 561
328 645
328 650
329 383
329 384
329 431
329 463
329 538
329 547
329 551
329 560
329 601
329 619
329 628
329 638
329 652
330 373
330 386
330 470
330 561
330 597
330 645
330 650
331 416
331 521
331 593
331 611
333 389
333 459
333 550
333 574
333 598
333 612
334 563
335 336
335 437
335 482
336 402
336 407
336 482
336 503
337 421
337 648
338 342
338 386
338 423
338 449
338 492
338 576
339 340
339 486
339 596
340 396
340 397
340 406
340 419
340 421
340 596
340 606
342 358
342 392
342 468
342 489
342 492
342 647
342 649
342 650
343 555
344 361
344 385
344 460
344 479
344 492
344 518
344 581
344 637
344 640
346 423
347 448
347 486
347 489
347 562
347 611
348 391
348 413
348 423
348 597
348 605
348 612
348 618
348 629
349 402
349 530
349 631
349 651
350 404
350 421
350 609
350 627
351 429
352 360
352 456
352 505
352 513
352 514
352 639
352 643
353 563
353 643
354 642
355 513
355 625
356 477
356 592
357 371
357 372
357 464
357 638
357 642
357 647
358 390
358 650
359 411
359 428
359 522
359 618
360 361
360 363
360 425
360 509
360 512
361 369
361 375
361 387
361 493
361 628
361 631
361 640
361 643
362 476
363 401
363 537
363 573
364 478
364 480
364 500
364 568
364 596
364 625
365 459
365 642
366 555
368 449
368 464
368 638
368 652
369 460
369 615
369 643
370 389
370 481
370 621
370 631
371 372
371 572
371 587
372 415
372 587
372 642
373 499
373 515
373 522
373 556
373 594
375 579
375 615
375 620
375 637
375 649
376 416
377 489
377 640
377 644
377 647
378 396
378 397
378 412
378 427
378 486
378 508
378 536
378 540
378 589
378 596
378 606
379 572
379 579
379 620
380 401
380 460
380 506
380 525
380 595
381 405
381 413
381 421
381 458
381 463
381 464
381 488
381 527
381 538
381 547
381 551
381 561
381 567
381 596
381 638
381 648
382 440
383 431
383 463
383 538
383 543
383 595
384 467
384 498
384 551
384 615
385 471
385 514
385 525
385 595
385 642
386 411
386 428
386 431
386 454
386 492
386 597
386 650
387 423
387 478
387 582
388 486
388 647
389 619
389 621
389 631
390 427
390 522
391 634
391 644
392 409
392 440
392 488
393 461
393 471
393 483
393 494
393 536
393 538
393 617
394 472
394 644
395 510
395 515
395 564
395 600
395 639
396 397
396 406
396 419
396 468
396 606
397 406
397 419
397 421
397 529
397 536
397 596
397 606
398 553
398 632
398 650
399 433
399 598
399 608
400 488
400 500
400 596
401 537
401 572
401 595
402 403
402 407
402 436
402 482
402 503
402 631
403 482
404 574
404 624
405 408
405 431
405 456
405 485
405 538
405 550
407 410
407 436
407 528
407 628
408 413
408 420
408 442
408 545
408 548
408 550
408 594
410 492
410 507
411 597
411 626
412 509
412 596
412 599
413 420
413 478
413 545
413 547
413 646
413 652
414 471
414 513
414 525
414 569
414 602
414 621
415 471
415 506
415 542
415 587
415 640
416 591
416 593
417 475
417 484
417 591
417 599
418 479
418 518
418 625
418 639
419 421
419 536
420 488
420 617
420 646
421 596
421 606
421 634
422 463
422 488
422 538
422 547
422 567
422 608
422 619
422 638
422 652
423 492
423 566
425 426
425 454
425 473
425 512
425 529
425 616
426 473
426 521
426 632
427 486
427 508
427 562
427 606
428 494
428 594
429 616
429 644
430 579
430 620
430 639
430 649
431 538
431 605
432 510
433 565
434 518
435 438
435 497
436 533
436 631
436 646
437 488
437 493
437 530
438 479
438 522
438 621
440 529
440 654
441 566
442 537
442 545
442 548
442 550
442 562
443 548
443 629
444 469
446 505
446 610
447 452
447 474
447 539
448 458
448 490
448 562
448 570
448 623
449 492
449 508
449 549
449 593
449 597
449 613
450 458
450 552
450 559
451 525
451 528
451 643
452 514
452 531
452 535
453 617
453 618
454 512
454 529
454 649
455 514
456 505
456 550
456 565
457 487
457 508
458 630
458 641
459 528
459 543
459 643
460 519
460 541
461 483
461 531
461 581
462 519
462 563
462 621
463 524
463 527
463 538
463 547
463 567
463 597
463 638
464 488
464 543
464 551
464 560
464 567
464 638
464 651
464 652
465 508
465 536
466 553
466 559
466 628
466 635
467 563
467 615
467 628
468 502
468 529
468 568
468 647
469 544
469 614
470 645
471 531
471 569
471 610
471 617
472 644
473 521
473 536
473 553
473 585
475 493
475 528
475 591
475 598
475 628
477 478
478 480
478 519
478 526
478 541
478 557
478 569
479 564
479 639
480 526
481 643
482 503
483 525
483 531
483 573
484 599
485 538
485 601
486 499
486 508
486 562
487 553
487 641
488 500
488 527
488 538
488 547
488 601
489 650
490 539
490 615
491 604
492 549
492 582
492 641
493 530
494 508
495 572
497 499
497 503
497 556
497 588
498 504
498 569
498 615
499 515
499 565
499 577
499 594
499 639
502 589
504 558
504 580
504 581
504 625
505 550
505 565
505 607
506 525
506 541
506 554
506 595
506 601
508 536
512 529
512 644
512 647
513 558
514 523
514 558
514 621
515 564
515 594
515 600
515 639
517 592
517 593
518 548
519 541
519 617
521 607
521 611
521 616
521 617
521 622
523 647
524 543
525 535
525 554
525 580
525 595
526 557
526 585
527 547
527 567
527 601
527 638
528 643
529 568
529 626
530 588
531 581
531 617
531 640
533 628
534 546
535 580
535 625
536 538
536 553
536 632
536 647
536 651
537 550
537 573
537 603
538 543
538 594
539 607
541 595
542 587
543 558
543 567
543 638
544 554
544 565
545 550
545 583
545 612
546 594
546 643
547 567
547 601
547 619
547 638
547 651
547 652
548 562
548 592
549 596
550 573
550 608
551 560
551 567
551 638
551 652
552 583
552 612
553 632
554 640
557 650
558 580
558 625
558 640
560 567
560 597
560 601
560 605
560 652
561 564
564 594
564 600
564 639
566 609
567 638
567 652
568 626
569 602
570 602
573 603
574 598
575 577
576 591
576 593
577 588
577 651
578 623
579 620
580 625
581 640
583 612
583 629
587 642
588 598
589 643
591 592
591 593
592 593
592 604
594 618
600 610
600 639
600 649
601 608
601 638
601 647
601 652
605 612
606 637
607 616
607 617
607 622
608 619
611 634
611 647
612 622
612 629
616 630
617 640
619 652
620 637
623 653
626 632
638 652
640 649
647 649
