#num-nodes
1550
#num-links
5749
#links
0 2
0 337
0 466
0 482
0 507
0 509
0 535
0 1036
0 1038
0 1157
0 1361
1 303
1 955
2 495
2 554
2 778
2 921
2 1286
2 1409
2 1476
2 1494
3 629
3 1146
3 1227
3 1232
4 97
4 633
4 1438
4 1442
5 295
5 1154
6 250
6 978
6 1116
7 12
7 29
7 38
7 61
7 96
7 188
7 229
7 298
7 302
7 449
7 511
7 646
7 1066
7 1075
8 12
8 13
8 29
8 38
8 61
8 96
8 188
8 229
8 298
8 302
8 449
8 511
8 646
8 1066
8 1075
9 69
9 768
9 778
9 927
9 1360
10 620
10 1025
10 1062
10 1099
10 1294
10 1356
10 1443
11 209
11 456
11 657
12 13
12 39
12 154
12 224
12 523
12 585
12 619
12 967
12 1081
12 1396
12 1473
12 1521
13 585
13 646
13 692
13 1186
13 1521
14 308
14 312
14 603
14 945
14 1447
15 24
15 91
15 181
15 693
15 1097
15 1109
15 1182
15 1288
15 1520
16 20
16 87
16 353
16 880
16 1366
17 73
17 109
17 127
17 170
17 230
17 436
17 449
17 942
17 1010
17 1407
18 425
18 751
18 917
18 1448
19 24
19 150
19 863
19 1005
19 1484
20 232
20 505
20 526
20 994
20 1548
21 24
21 643
21 820
22 24
22 150
22 361
22 530
22 928
22 1067
22 1154
22 1402
22 1446
23 95
23 112
23 175
23 226
23 474
23 737
23 767
23 955
23 989
23 1393
24 257
24 747
24 928
24 948
24 951
24 1113
25 574
25 633
25 716
25 880
25 988
25 993
25 1093
26 86
26 118
26 1004
26 1107
26 1175
26 1259
26 1373
26 1454
27 202
27 210
27 305
27 314
27 506
27 628
27 698
27 958
27 959
27 1088
28 151
28 156
29 35
29 58
29 71
29 96
29 161
29 298
29 449
29 513
29 660
29 750
29 895
29 1048
29 1121
29 1162
29 1248
29 1322
30 111
30 149
30 343
30 494
30 572
30 1546
31 1009
31 1250
32 408
32 440
32 450
32 673
32 978
32 1175
32 1180
32 1315
32 1532
33 294
33 325
33 480
33 498
33 576
33 661
33 877
33 894
33 1227
34 1415
34 1432
35 66
35 248
35 592
35 693
35 710
35 1055
35 1106
35 1127
35 1502
35 1513
36 367
36 979
36 1314
37 54
37 472
38 198
38 615
38 1013
39 373
39 417
39 585
39 1122
39 1140
39 1360
40 183
40 243
40 800
40 1111
40 1397
41 77
41 117
41 169
41 326
41 360
41 500
41 592
41 663
41 665
41 676
41 693
41 726
41 735
41 738
41 955
41 1028
41 1512
41 1533
41 1540
42 217
42 446
42 617
42 777
42 817
42 824
42 918
42 975
42 980
42 993
42 1144
42 1267
42 1319
42 1505
43 88
43 156
43 651
43 825
43 1116
43 1405
44 49
44 991
44 1082
44 1276
44 1298
44 1345
44 1467
45 223
45 479
45 755
45 1215
45 1235
45 1387
46 48
46 315
46 418
46 622
46 638
46 900
46 902
46 1308
46 1319
46 1512
47 193
47 260
47 334
47 690
47 820
47 848
47 860
47 918
47 1200
47 1297
47 1298
47 1508
48 403
48 477
48 730
48 740
48 1020
48 1399
49 154
49 317
49 384
49 948
49 991
49 1082
49 1314
49 1345
49 1467
50 256
50 454
50 507
50 624
50 762
50 1133
50 1261
50 1348
50 1439
51 290
51 593
51 687
51 805
51 954
52 479
52 576
52 865
52 1465
53 144
53 225
53 261
53 448
53 488
53 588
53 717
53 1033
53 1052
54 210
54 1195
54 1341
54 1442
54 1482
56 103
56 1129
57 200
57 525
57 776
57 1266
57 1305
57 1412
58 199
58 389
58 470
58 671
58 920
58 1371
58 1381
58 1456
58 1470
58 1526
59 67
59 187
59 265
59 333
59 496
59 641
59 856
59 1243
59 1288
59 1368
59 1503
59 1514
60 64
60 66
60 142
60 936
60 1056
60 1118
60 1159
60 1183
60 1234
60 1397
61 249
61 586
61 803
61 1295
61 1298
61 1378
61 1383
61 1402
62 433
62 790
62 829
62 888
62 1120
63 885
64 431
64 522
64 1159
65 127
65 142
66 68
66 217
66 381
66 844
67 288
67 849
67 1384
68 544
68 1166
68 1167
68 1363
68 1397
68 1548
69 73
69 82
69 265
69 440
69 458
69 463
69 541
69 635
69 653
69 666
69 821
69 1109
70 221
70 365
70 389
70 390
70 754
70 1374
71 96
71 119
71 175
71 607
71 967
71 1186
71 1410
71 1521
71 1534
71 1535
72 212
72 217
72 527
72 617
72 777
72 1369
72 1464
73 78
73 96
73 131
73 298
73 386
73 513
73 666
73 693
73 1007
73 1211
74 334
74 600
74 643
74 782
74 880
75 386
75 437
75 528
75 648
75 680
75 719
75 967
75 1202
75 1457
75 1462
76 545
76 751
76 822
76 826
76 1285
77 252
77 269
77 1118
77 1180
77 1346
77 1546
78 907
78 1407
78 1433
79 117
79 158
79 227
79 618
79 752
79 980
79 1054
79 1182
79 1303
79 1525
80 352
80 460
80 673
80 812
80 895
80 1350
80 1376
81 138
81 381
81 564
81 621
81 657
81 1328
81 1411
82 86
82 334
82 493
82 515
82 551
82 556
82 561
82 917
82 1246
82 1255
82 1316
82 1425
82 1458
82 1482
83 199
83 446
83 695
83 757
83 1165
83 1167
83 1194
83 1264
83 1266
83 1398
84 538
84 1204
84 1234
84 1250
84 1366
84 1400
85 180
85 244
85 249
85 606
85 679
85 703
85 710
85 882
85 1242
85 1252
85 1473
86 165
86 265
86 556
86 788
86 799
86 990
86 1056
86 1173
86 1246
86 1336
86 1404
87 1192
87 1335
88 305
88 696
88 1065
88 1116
88 1264
88 1497
89 402
90 360
90 378
91 190
91 392
91 680
91 1109
92 209
92 1516
94 375
94 628
94 642
94 854
94 1209
94 1259
94 1304
94 1421
94 1442
95 185
95 226
95 303
95 312
95 751
95 767
95 989
95 1084
95 1265
95 1380
95 1410
96 200
96 261
96 296
96 298
96 302
96 316
96 513
96 525
96 547
96 659
96 679
96 750
96 895
96 950
96 1000
96 1122
96 1214
96 1327
96 1471
96 1535
97 169
97 558
97 663
97 1032
97 1179
97 1195
97 1438
98 104
98 141
98 358
98 893
98 1204
99 441
99 725
99 739
99 852
99 943
99 1054
99 1136
99 1490
99 1539
100 603
100 1236
101 213
101 319
101 497
101 524
101 789
101 1029
101 1402
102 578
102 741
102 849
102 906
102 1030
102 1035
102 1153
102 1163
103 948
103 990
103 1111
103 1132
103 1528
104 162
104 208
104 280
104 357
104 1139
104 1185
104 1344
104 1375
104 1415
105 382
105 408
105 576
105 646
105 737
105 917
105 1182
106 618
106 814
106 1163
106 1268
106 1401
106 1447
107 185
107 222
107 312
107 463
107 508
107 532
107 574
107 675
107 867
107 950
107 1033
107 1445
108 119
108 893
108 894
108 930
108 1209
108 1266
108 1339
108 1416
108 1484
109 127
109 581
109 654
109 942
109 1474
110 187
110 222
110 233
110 425
110 869
110 1024
110 1123
110 1285
110 1511
111 149
111 257
111 416
111 737
111 770
111 1215
111 1243
111 1330
112 175
112 185
112 215
112 226
112 312
112 382
112 469
112 474
112 567
112 619
112 676
112 767
112 837
112 1277
112 1393
113 1098
113 1181
113 1224
113 1229
113 1426
114 139
114 1362
115 489
115 589
115 705
116 522
116 918
116 964
116 1144
116 1204
116 1353
116 1402
116 1523
117 202
117 214
117 219
117 326
117 592
117 813
117 893
117 922
117 1170
117 1390
117 1505
117 1506
118 541
118 653
118 821
118 837
118 917
118 1336
118 1373
119 204
119 352
119 445
119 660
119 679
119 756
119 919
119 964
119 967
119 1058
119 1365
119 1427
119 1479
119 1534
119 1535
120 344
120 804
120 949
120 1466
121 616
121 1310
121 1377
121 1525
122 1304
124 218
124 264
124 418
124 562
124 820
124 1027
124 1039
124 1076
124 1199
124 1231
124 1262
124 1353
124 1389
124 1451
125 919
126 604
127 223
127 671
127 1222
127 1456
128 246
128 1179
128 1447
129 164
129 189
129 759
129 1316
129 1383
130 157
130 723
130 802
130 804
130 949
130 1020
130 1099
130 1233
131 476
131 504
131 761
131 1046
131 1067
131 1350
132 348
132 418
132 1027
132 1076
132 1420
132 1472
133 283
134 362
134 1058
134 1548
135 706
135 1391
135 1401
135 1546
136 392
137 439
137 796
137 1375
137 1466
138 657
138 1328
138 1406
139 441
140 551
140 556
140 562
141 143
141 261
141 348
141 562
141 647
141 760
141 1038
142 428
142 630
142 1159
143 144
143 377
143 862
143 877
143 1414
144 228
144 422
144 593
144 670
144 1453
145 309
145 477
145 740
145 748
145 802
145 1095
145 1190
145 1295
145 1312
145 1544
146 263
147 1094
148 217
148 385
148 758
148 1099
148 1140
148 1143
148 1464
149 206
149 257
149 292
149 501
149 572
149 676
149 722
149 737
149 955
149 1086
149 1482
149 1540
150 296
150 671
150 779
150 863
151 156
151 219
151 415
151 423
151 532
151 537
151 891
151 902
151 1065
151 1074
151 1128
151 1213
151 1218
151 1416
151 1512
152 330
152 331
152 457
152 564
152 603
152 1078
153 739
153 1089
153 1185
153 1397
154 282
154 384
154 552
154 636
154 800
154 1081
154 1252
154 1449
155 719
155 768
155 874
155 876
155 1005
155 1182
155 1271
155 1400
156 308
156 537
156 814
156 891
156 1128
156 1218
156 1257
157 342
157 560
157 796
157 1099
157 1395
157 1397
158 184
158 403
158 617
158 839
158 1281
158 1380
158 1547
159 602
159 612
159 617
159 904
159 908
159 960
159 975
159 1110
159 1447
160 824
160 856
160 929
160 1436
161 163
161 449
161 834
161 920
161 974
161 1150
161 1222
161 1309
161 1311
163 267
163 276
163 376
163 385
163 465
163 580
163 828
163 833
163 834
163 920
163 974
163 1150
163 1164
163 1245
163 1309
163 1498
164 290
164 365
164 509
164 620
164 710
164 954
164 1038
164 1366
164 1383
164 1402
164 1513
165 296
165 724
165 898
165 1056
165 1131
165 1355
165 1404
165 1549
166 218
167 440
167 634
167 666
167 694
167 1059
167 1107
168 196
168 209
168 254
168 269
168 726
168 729
168 1505
168 1506
169 202
169 349
169 375
169 628
169 639
169 746
169 868
169 1196
169 1325
169 1333
170 687
170 1191
170 1384
171 362
171 423
171 994
171 1133
171 1207
172 281
172 708
172 872
172 1051
172 1070
173 264
173 308
173 458
173 496
173 557
173 630
173 841
173 847
173 1023
173 1056
173 1118
173 1334
173 1463
173 1476
174 863
175 185
175 307
175 525
175 660
175 676
175 722
175 767
175 936
175 950
175 955
175 987
175 989
175 1157
175 1201
176 448
176 456
176 488
176 1052
176 1087
177 733
177 968
177 1125
177 1134
178 1412
178 1468
179 975
179 1074
179 1282
180 198
180 249
180 262
180 276
180 417
180 460
180 646
180 1186
180 1433
180 1534
181 225
181 357
181 411
181 682
181 742
181 762
181 871
181 917
181 944
181 1033
181 1132
181 1219
181 1336
181 1348
182 212
182 236
182 439
182 468
183 243
183 536
183 800
183 1012
183 1111
184 196
184 403
184 440
184 1107
184 1168
184 1219
184 1281
185 249
185 298
185 312
185 508
185 662
185 767
185 784
185 950
185 1061
185 1084
185 1157
185 1213
185 1343
186 823
186 940
186 1261
187 222
187 651
187 696
187 765
187 822
187 1123
187 1264
187 1285
187 1511
188 297
188 445
188 449
188 559
188 599
188 685
188 919
188 1521
189 385
189 468
189 523
189 639
189 647
189 995
189 996
189 1120
190 256
190 360
190 680
190 845
190 1109
191 572
191 577
191 629
191 676
191 910
191 1393
191 1482
192 750
192 895
192 917
192 950
192 1048
192 1162
192 1315
192 1471
193 682
193 810
193 1269
193 1483
193 1508
194 407
194 632
194 784
194 822
194 1213
194 1358
194 1546
195 220
195 513
195 547
195 653
195 956
195 1121
195 1130
195 1175
195 1180
195 1271
196 440
196 488
196 666
196 673
196 996
196 1139
196 1141
196 1283
196 1504
197 316
197 895
197 1471
198 232
198 249
198 366
198 491
198 636
198 1210
198 1260
199 356
199 762
199 873
199 1494
200 204
200 296
200 298
200 606
200 1214
200 1322
200 1327
201 445
201 627
201 639
201 995
201 1127
201 1217
201 1505
201 1506
201 1507
202 219
202 319
202 663
202 900
202 1181
202 1301
202 1506
203 213
203 332
203 506
203 514
203 789
203 1098
203 1468
204 659
204 677
204 692
204 944
204 1000
204 1048
204 1058
204 1122
204 1162
204 1214
205 995
205 1126
205 1169
205 1251
205 1524
206 215
206 416
206 500
206 501
206 555
206 675
206 684
206 813
206 849
206 910
206 1201
206 1478
206 1482
206 1540
208 588
208 759
208 1052
209 319
209 381
209 388
209 403
209 657
209 1217
210 314
210 388
210 471
210 546
210 933
210 982
210 1209
210 1313
210 1403
210 1442
210 1468
210 1482
211 287
211 470
211 901
211 1261
212 252
212 468
212 527
212 717
212 1105
212 1366
212 1464
213 305
213 388
213 518
213 519
213 796
213 806
213 917
213 932
213 985
213 1104
213 1137
213 1229
214 217
214 277
214 882
214 893
214 939
214 1170
214 1390
214 1419
214 1507
215 676
215 837
215 911
215 955
215 1033
215 1277
215 1409
215 1540
217 385
217 1252
217 1276
217 1312
217 1473
218 282
218 551
218 573
218 617
218 686
218 779
218 817
218 1353
219 277
219 324
219 739
219 1065
219 1416
220 261
220 288
220 409
220 759
220 871
220 1061
220 1310
221 400
221 754
221 854
221 1008
222 250
222 434
222 545
222 696
222 1024
222 1123
222 1164
222 1285
223 1456
224 249
224 400
224 523
224 599
224 716
224 717
224 762
224 1041
224 1208
224 1211
224 1373
224 1495
225 496
225 682
225 742
225 847
225 1033
225 1052
225 1315
225 1336
225 1373
225 1513
226 303
226 307
226 312
226 382
226 469
226 567
226 676
226 1409
227 232
227 348
227 441
227 537
227 852
227 1303
227 1531
228 262
228 264
228 592
228 1334
229 302
229 523
229 1521
230 309
230 585
230 1066
230 1075
230 1186
231 1054
231 1184
231 1303
231 1536
232 296
232 608
232 1293
232 1378
233 312
233 320
233 569
233 582
233 651
233 832
233 835
233 869
233 1075
233 1123
233 1153
234 244
234 277
234 787
234 809
234 928
234 939
234 1124
235 437
235 692
235 795
235 967
235 1186
235 1252
235 1433
235 1521
235 1534
236 1328
237 650
237 654
237 780
237 1152
237 1192
237 1326
237 1387
237 1477
238 494
238 665
238 711
238 1198
238 1494
240 263
240 716
240 1499
241 914
241 1317
241 1335
241 1547
241 1548
242 356
242 359
242 391
242 529
242 931
243 552
243 800
244 828
244 1419
245 798
245 1117
245 1194
245 1330
245 1448
246 436
246 536
246 561
246 1035
246 1175
246 1373
247 308
247 549
247 571
247 875
247 910
247 1469
247 1496
248 271
248 821
248 1127
248 1502
248 1504
249 262
249 276
249 316
249 400
249 417
249 566
249 636
249 660
249 764
249 950
249 1000
249 1041
249 1186
249 1260
249 1327
249 1382
249 1450
250 545
250 569
250 998
250 1153
250 1388
250 1389
251 548
251 1169
252 527
252 1144
252 1160
252 1328
252 1464
253 520
253 846
253 948
253 1230
253 1247
253 1346
253 1416
253 1488
254 282
254 315
254 726
254 729
254 816
254 1054
254 1505
254 1506
254 1507
254 1512
255 817
255 887
255 993
255 1345
255 1467
256 315
256 454
256 498
256 845
256 1241
257 501
257 680
257 701
257 770
257 1188
257 1199
257 1459
257 1462
257 1483
258 814
258 1218
260 673
260 767
260 894
260 1100
260 1214
260 1327
261 262
261 436
261 580
261 950
261 1052
261 1352
261 1463
261 1473
261 1512
261 1532
262 460
262 525
262 660
262 667
262 804
262 1161
262 1352
262 1382
262 1479
263 327
263 418
263 793
263 923
263 1282
263 1332
263 1475
264 410
264 847
264 1334
264 1361
264 1370
264 1418
264 1463
264 1514
265 343
265 386
265 458
265 495
265 528
265 584
265 609
265 680
265 745
265 762
265 778
265 876
265 927
265 1006
265 1016
265 1073
265 1215
265 1236
265 1288
265 1355
265 1360
265 1509
265 1518
265 1549
266 504
266 688
266 829
266 1156
267 828
267 974
267 1164
267 1526
268 271
268 424
268 434
268 465
268 467
268 721
268 791
268 794
268 815
268 938
268 974
268 1176
268 1311
268 1417
268 1525
268 1526
269 282
269 315
269 403
269 441
269 498
269 686
269 729
269 909
269 939
269 962
269 1318
269 1348
269 1453
269 1512
269 1549
270 592
270 803
271 428
271 440
271 450
271 534
271 576
271 1297
271 1355
272 642
272 808
272 926
272 1181
272 1229
272 1302
273 483
273 512
273 546
273 899
273 1358
274 276
274 376
274 920
274 966
274 1123
274 1501
275 462
275 464
275 569
275 582
275 734
275 906
275 966
276 365
276 376
276 432
276 575
276 818
276 999
276 1013
276 1066
276 1359
277 529
277 758
277 809
277 893
277 935
277 1022
277 1124
277 1170
277 1527
278 321
278 400
278 740
278 991
278 1295
278 1428
278 1464
279 432
279 462
279 465
279 707
279 721
279 1040
279 1070
280 429
280 432
280 434
280 462
280 465
280 575
280 721
280 744
280 1021
280 1354
280 1417
280 1543
281 1143
282 384
282 552
282 631
282 861
282 913
282 991
282 1353
282 1459
283 463
283 1310
284 324
284 502
284 565
284 746
284 1068
284 1199
284 1234
284 1507
285 1249
286 360
286 656
287 445
287 609
287 903
287 1347
287 1367
287 1383
287 1508
288 343
288 615
288 798
288 1500
288 1529
288 1539
289 395
289 797
289 969
290 615
290 704
290 764
290 947
290 1046
290 1242
292 506
292 715
292 936
292 1296
293 663
293 814
293 1453
294 480
294 711
294 877
294 894
294 1138
294 1377
295 695
295 909
295 962
295 1050
295 1486
296 298
296 770
296 1250
296 1322
296 1327
297 318
297 449
297 699
297 967
297 1186
297 1250
297 1359
297 1433
298 513
298 750
298 785
298 895
298 1048
298 1121
298 1214
298 1271
298 1322
298 1327
298 1479
298 1497
299 685
300 342
300 1139
301 323
301 342
301 377
301 689
301 871
301 1119
301 1169
301 1391
301 1416
302 355
302 511
302 534
302 624
302 1092
303 306
303 416
303 469
303 471
303 474
303 508
303 519
303 547
303 596
303 607
303 676
303 712
303 751
303 955
303 1058
303 1084
303 1101
303 1145
303 1269
303 1393
303 1396
303 1418
303 1456
304 651
304 652
304 683
304 968
304 1033
304 1139
304 1253
304 1277
304 1511
304 1546
305 628
305 985
305 1098
305 1104
305 1137
305 1229
305 1405
306 459
306 1213
306 1351
306 1511
307 382
307 500
307 567
307 676
307 767
307 1084
307 1265
307 1393
307 1409
308 323
308 591
308 982
308 1101
308 1111
308 1119
308 1128
308 1218
308 1397
308 1416
309 352
309 487
309 967
309 1051
309 1095
309 1174
309 1295
309 1454
309 1519
309 1544
310 466
310 636
310 745
310 1041
310 1114
311 909
311 1319
311 1387
312 337
312 767
312 799
312 837
312 945
312 950
312 1061
312 1084
312 1172
312 1343
313 466
313 627
313 756
313 1272
313 1331
313 1544
314 471
314 544
314 612
314 870
314 982
314 1116
314 1405
314 1425
315 388
315 454
315 845
315 902
315 1195
316 437
316 513
316 717
316 1471
317 328
317 367
317 383
317 853
317 1028
317 1207
317 1493
318 805
318 848
318 1046
318 1064
319 388
319 674
319 678
319 789
319 904
319 1135
320 358
320 569
320 865
320 906
320 945
320 966
320 1123
320 1257
320 1452
321 362
321 428
321 698
321 820
321 843
321 901
321 1109
322 494
323 839
323 958
323 1119
323 1247
323 1391
323 1416
324 583
324 1133
324 1358
325 528
325 768
325 859
325 927
325 952
325 1236
325 1480
326 441
326 484
326 592
326 665
326 678
326 970
326 1361
326 1451
326 1533
327 418
327 622
327 638
327 655
327 971
327 975
327 1308
327 1319
327 1332
327 1424
328 640
328 772
328 816
328 817
328 899
328 1318
328 1469
330 331
330 381
330 457
330 564
330 639
330 646
330 809
330 975
330 1390
331 457
331 564
331 619
331 639
331 809
331 882
331 1022
331 1124
331 1159
331 1272
331 1390
331 1527
332 591
332 782
332 1098
332 1421
333 563
333 568
333 576
333 713
333 761
333 1175
333 1180
333 1400
334 404
334 483
334 600
334 664
334 797
334 820
334 880
334 970
335 532
335 569
335 1153
335 1285
335 1452
336 630
336 654
336 821
336 1513
337 532
337 569
337 651
337 1033
337 1036
337 1052
337 1139
337 1277
337 1511
338 650
338 661
338 771
338 774
338 824
338 827
338 999
338 1277
339 678
339 852
339 1106
339 1136
339 1444
340 620
340 818
340 981
340 1449
341 507
341 1050
341 1536
342 344
342 485
342 499
343 494
343 495
343 584
343 691
343 821
343 1288
343 1360
343 1376
343 1442
343 1509
344 949
345 442
345 836
345 922
345 1285
345 1499
347 630
347 840
347 1103
347 1385
347 1404
347 1485
347 1546
348 1136
348 1512
348 1531
348 1534
349 502
349 674
349 987
349 1140
349 1268
349 1277
349 1458
350 491
350 735
350 738
350 1082
350 1293
350 1366
351 476
351 598
351 914
352 487
352 636
352 679
352 772
352 967
352 999
352 1091
352 1095
352 1164
352 1174
352 1365
352 1427
352 1449
352 1454
352 1473
352 1519
352 1544
353 423
353 880
353 914
353 1251
353 1366
354 711
354 1391
354 1401
355 511
355 534
355 637
355 692
355 745
355 1521
356 391
356 529
356 565
356 813
356 931
356 1113
356 1170
356 1172
356 1318
356 1332
356 1377
356 1545
357 1033
357 1139
357 1172
357 1246
357 1315
357 1342
357 1344
357 1511
358 393
358 544
358 1017
358 1090
358 1282
358 1323
359 391
359 446
359 565
359 573
359 813
359 817
359 893
359 981
359 1113
359 1170
359 1172
359 1318
359 1377
359 1459
359 1545
360 532
360 656
360 973
360 1232
361 928
361 939
361 1067
361 1172
362 505
362 952
362 1524
362 1547
363 405
363 648
364 914
364 1183
364 1194
365 389
365 620
365 754
365 1374
366 433
366 466
366 844
366 873
366 1518
367 383
367 384
367 726
367 846
367 853
367 1207
367 1314
367 1467
368 451
368 532
368 652
368 720
368 743
368 827
368 923
368 1257
369 475
369 760
369 798
369 871
369 1199
369 1289
369 1460
370 383
370 528
370 853
370 1030
370 1171
370 1438
370 1491
372 1203
373 417
373 487
373 490
373 637
373 1041
373 1081
373 1099
373 1100
374 565
374 948
374 1416
375 502
375 628
375 1209
375 1325
375 1333
375 1421
376 430
376 489
376 587
376 705
376 1142
376 1147
376 1164
376 1320
376 1436
377 823
377 948
377 1169
377 1416
377 1537
378 772
379 684
379 955
379 1017
379 1337
380 716
380 1108
380 1415
381 564
381 657
381 1087
381 1408
382 500
382 555
382 567
382 577
382 665
382 676
382 767
382 1201
382 1265
382 1296
382 1409
383 528
383 726
383 824
383 853
383 854
383 1144
383 1171
383 1267
383 1467
384 392
384 552
384 1027
384 1078
384 1276
384 1314
384 1353
385 468
385 571
385 639
385 921
385 1095
385 1140
385 1143
386 615
386 666
386 704
386 805
386 1186
386 1387
387 408
387 445
387 607
387 877
387 1101
387 1378
388 518
388 550
388 1195
389 502
389 574
389 587
389 754
389 916
389 1245
389 1374
390 620
390 877
391 529
391 824
391 931
391 1113
391 1170
391 1377
391 1545
392 405
392 703
392 1058
392 1324
393 659
393 1000
393 1214
393 1323
393 1504
394 1468
395 747
395 797
395 1004
395 1097
396 861
396 997
396 999
396 1069
396 1190
396 1428
396 1487
396 1508
396 1523
397 1082
399 1123
399 1374
399 1417
400 758
400 844
401 658
401 689
401 1135
401 1280
401 1422
401 1462
401 1533
402 1015
402 1263
403 924
403 1255
403 1281
404 455
404 922
405 969
406 814
406 1200
407 784
407 902
407 979
407 1133
407 1500
408 409
408 463
408 607
408 736
408 877
408 1513
409 1130
409 1175
409 1180
409 1269
410 562
410 630
410 697
410 742
410 847
410 1361
410 1463
411 453
411 1139
411 1231
411 1386
411 1513
411 1525
412 530
412 668
412 813
412 893
412 928
412 951
412 1102
412 1154
412 1173
413 704
413 829
413 882
413 1297
413 1373
415 588
415 720
415 990
415 1213
415 1538
416 469
416 474
416 484
416 501
416 572
416 737
416 826
416 969
416 970
416 1084
416 1172
416 1277
416 1540
417 585
417 646
417 967
417 1066
417 1075
417 1186
417 1368
417 1519
418 638
418 902
418 1332
419 587
419 1498
420 1225
421 702
421 1461
422 471
422 517
422 716
422 850
422 1053
422 1422
423 540
423 891
423 902
423 1416
423 1512
424 835
424 974
424 1309
424 1354
424 1371
425 464
425 569
425 664
425 765
425 869
425 1389
425 1472
425 1511
426 454
426 463
426 484
426 595
426 838
426 1079
426 1290
426 1299
426 1429
427 432
427 462
427 464
427 1040
427 1053
427 1147
427 1239
427 1417
428 776
428 1024
428 1064
428 1297
428 1355
428 1549
429 432
429 575
429 835
429 1040
430 589
430 594
430 834
430 1206
431 1159
431 1162
432 462
432 465
432 616
432 707
432 741
432 744
432 1021
432 1034
432 1354
432 1498
433 1222
434 467
434 598
434 608
434 658
434 1033
434 1176
434 1445
435 746
435 982
435 1325
435 1333
435 1421
436 1059
436 1092
437 679
437 967
437 1186
437 1214
437 1252
437 1322
437 1431
437 1521
438 591
438 752
439 461
439 1064
439 1375
439 1466
439 1503
439 1529
440 541
440 566
440 653
440 776
440 799
440 978
440 1061
440 1107
440 1121
440 1373
441 446
441 484
441 537
441 839
441 852
441 891
441 1054
441 1065
441 1128
441 1136
441 1218
441 1444
441 1531
442 926
442 1499
443 912
443 1530
444 484
445 559
445 607
445 1204
445 1331
445 1365
445 1534
446 554
446 617
446 1022
446 1310
447 701
447 890
447 1223
447 1462
448 488
448 525
448 670
448 792
448 1052
448 1352
449 538
449 607
449 641
449 666
449 1048
449 1091
449 1211
450 451
450 673
450 799
450 874
450 938
450 1180
450 1297
450 1330
451 532
451 827
451 966
451 1084
451 1250
451 1257
451 1472
452 585
452 611
452 919
452 967
452 1066
452 1091
452 1186
452 1252
452 1357
452 1521
452 1534
453 528
453 893
453 1283
453 1386
453 1502
454 498
454 669
454 1118
454 1362
455 716
455 1447
455 1481
456 511
456 586
456 752
456 1087
456 1280
456 1380
456 1488
457 1272
458 461
458 1016
458 1183
458 1364
458 1515
459 675
459 1351
460 797
460 895
460 1014
460 1161
460 1246
460 1352
460 1368
460 1382
461 1112
461 1375
462 464
462 465
462 467
462 721
462 835
462 1062
463 508
463 658
463 779
463 871
463 972
463 1262
463 1503
464 467
464 569
464 865
464 1034
464 1040
464 1193
464 1320
465 587
465 721
465 741
465 835
465 1025
465 1158
465 1381
465 1526
466 490
466 615
466 691
466 745
466 783
466 790
466 844
466 921
466 1100
466 1182
466 1199
466 1322
466 1396
466 1412
466 1485
466 1515
467 616
467 801
467 815
467 856
467 1034
467 1150
467 1176
467 1311
467 1411
467 1445
467 1526
468 497
468 1022
468 1492
469 474
469 515
469 525
469 547
469 684
469 950
469 956
469 989
469 1107
469 1380
470 1004
470 1112
470 1324
470 1460
471 480
471 870
471 1052
471 1141
471 1231
471 1362
472 550
472 958
472 1032
472 1195
472 1478
473 624
473 640
473 963
473 1013
473 1457
474 515
474 676
474 737
474 1047
474 1277
474 1301
476 776
477 517
477 730
477 1294
477 1399
478 1234
479 598
479 599
479 828
479 869
479 1164
479 1211
481 499
481 1141
481 1273
481 1310
481 1422
482 585
482 659
482 667
482 692
482 1066
482 1122
482 1164
482 1204
483 977
483 1414
484 595
484 665
484 689
484 1414
484 1444
484 1533
485 509
485 512
485 792
485 1106
486 739
486 948
487 490
487 530
487 620
487 637
487 999
487 1081
487 1126
487 1174
487 1365
487 1519
487 1544
488 672
488 1052
488 1086
488 1483
489 589
489 620
489 705
489 834
489 930
489 1356
490 491
490 637
490 691
490 1100
490 1186
491 591
491 755
491 844
491 896
491 963
491 1369
491 1518
492 1179
492 1216
492 1447
493 1024
493 1056
493 1082
493 1284
493 1425
494 500
494 652
494 722
494 745
494 898
494 1288
494 1384
494 1482
494 1494
495 611
495 921
495 1288
495 1376
495 1494
496 742
496 847
497 580
497 789
497 1291
497 1292
498 654
498 845
498 924
498 1284
498 1348
498 1362
498 1445
499 1528
500 501
500 561
500 652
500 665
500 722
500 932
500 936
500 955
500 1084
500 1265
501 722
501 737
501 1120
501 1182
502 911
502 1277
502 1325
502 1333
502 1507
503 1482
504 762
504 829
504 1120
504 1156
505 779
505 1202
506 628
506 822
506 932
506 958
506 970
506 977
507 796
507 1184
507 1375
507 1536
508 662
509 861
509 874
509 1036
509 1038
509 1184
509 1383
509 1446
510 1187
510 1317
510 1473
511 624
512 803
512 817
512 899
513 525
513 531
513 547
513 623
513 659
513 677
513 679
513 750
513 1122
513 1214
513 1274
513 1300
513 1322
513 1471
513 1479
513 1535
514 535
514 629
514 663
514 674
514 932
514 985
514 998
514 1027
514 1082
514 1083
514 1425
515 651
516 1009
516 1448
516 1497
517 582
517 711
517 804
517 840
517 849
517 1072
517 1151
517 1497
517 1548
518 642
518 674
518 1104
518 1149
518 1229
519 910
519 1419
520 846
520 905
520 1346
520 1402
520 1459
521 839
521 878
521 1247
521 1261
523 619
523 997
523 1449
523 1521
524 734
524 801
524 806
524 953
524 1307
524 1401
525 547
525 593
525 918
525 944
525 1039
525 1105
525 1352
525 1382
525 1422
525 1479
525 1535
525 1539
526 556
526 788
526 1389
526 1466
527 683
527 947
527 1105
527 1262
528 680
528 726
528 770
528 801
528 853
528 898
528 925
528 1050
528 1162
528 1207
528 1209
528 1459
528 1467
528 1547
529 807
529 854
529 893
529 1022
529 1124
529 1170
529 1337
529 1361
529 1505
530 668
530 928
530 939
530 951
530 1102
530 1154
530 1173
530 1204
531 750
531 1162
532 652
532 684
532 827
532 1257
532 1343
532 1472
532 1475
533 1472
534 692
535 587
535 633
535 727
535 1244
535 1351
536 537
537 891
537 902
537 1065
537 1128
537 1325
538 641
538 707
539 558
539 839
539 1053
540 578
540 1030
540 1128
540 1493
541 653
541 799
541 1107
541 1175
541 1188
541 1373
542 599
543 791
543 885
543 1417
543 1501
544 549
544 702
544 870
544 884
544 1068
544 1069
544 1237
544 1244
544 1275
544 1395
544 1485
544 1496
545 664
545 910
545 1343
545 1345
545 1389
545 1455
546 625
546 773
546 1110
546 1249
546 1332
546 1403
546 1455
546 1482
547 593
547 623
547 653
547 660
547 1121
547 1274
547 1300
547 1479
547 1487
547 1542
549 870
549 875
549 1043
549 1196
549 1342
549 1385
549 1441
549 1485
550 602
550 716
550 757
550 868
550 910
550 1165
550 1167
551 955
551 987
551 1458
552 685
552 723
552 740
552 819
552 1078
552 1190
552 1252
552 1276
552 1353
554 603
554 711
554 719
554 774
554 787
554 859
554 871
554 1127
554 1409
554 1483
554 1504
555 722
555 737
555 936
555 955
555 1053
555 1201
555 1237
555 1296
555 1482
556 788
556 820
556 1056
556 1112
556 1159
556 1246
556 1348
556 1483
557 841
557 969
557 1269
558 1026
558 1438
559 1081
559 1252
559 1287
559 1449
559 1534
560 964
560 1054
560 1303
561 578
561 936
561 956
561 1068
561 1201
561 1277
561 1540
562 697
562 796
562 1361
562 1516
564 627
564 657
564 1078
564 1276
564 1544
565 1027
565 1199
565 1545
566 660
566 776
566 889
566 1066
566 1394
567 610
567 665
567 900
567 915
567 1038
567 1181
568 576
568 609
568 761
568 889
568 1120
569 605
569 612
569 765
569 1134
569 1244
569 1320
569 1385
569 1389
569 1452
571 740
571 1212
572 596
572 676
572 722
572 737
572 1265
572 1301
573 981
573 1337
574 578
574 833
574 986
575 744
575 791
575 920
575 1021
575 1035
575 1150
575 1239
576 634
576 737
576 761
576 1417
577 596
577 665
577 737
578 610
578 690
578 749
578 833
578 988
578 1203
578 1351
578 1423
578 1426
579 582
579 587
579 812
579 966
580 828
580 1164
580 1291
580 1436
581 1183
581 1222
581 1448
581 1474
582 734
582 966
582 1044
582 1151
582 1510
583 787
583 1026
583 1221
583 1270
583 1358
584 631
584 634
584 1006
584 1152
584 1288
584 1359
584 1360
584 1518
585 646
585 1041
585 1066
585 1186
585 1357
585 1519
586 698
586 918
586 1297
586 1402
586 1446
587 594
587 721
587 744
587 794
587 835
587 865
587 966
587 1025
587 1123
587 1291
588 742
588 837
588 847
588 990
588 1052
588 1056
588 1336
589 705
589 818
589 834
589 835
589 1062
589 1206
590 938
590 1239
590 1403
590 1465
591 752
591 807
591 982
591 995
591 1159
591 1405
591 1437
592 665
592 693
592 1361
592 1472
593 666
593 715
593 1039
593 1362
594 658
594 1025
594 1206
594 1239
595 603
595 1079
595 1290
595 1299
596 822
596 1301
597 824
597 1018
597 1501
598 869
598 1024
598 1175
598 1189
598 1414
599 666
599 690
599 692
599 954
599 1041
599 1055
599 1107
599 1211
599 1300
599 1521
600 643
600 820
600 848
600 915
600 1002
600 1068
600 1225
600 1458
601 855
601 887
602 757
602 904
602 972
603 762
603 1142
603 1372
603 1447
603 1546
604 842
604 1303
605 606
605 1306
606 913
606 1019
606 1519
607 623
607 653
607 938
607 967
607 1023
607 1048
607 1101
607 1162
607 1382
607 1402
607 1403
607 1534
608 735
608 1245
608 1450
608 1518
609 634
609 889
609 1243
610 737
610 945
610 1030
610 1051
610 1094
610 1138
611 636
611 662
611 894
611 919
611 1091
611 1519
612 798
612 911
612 1220
612 1379
612 1407
612 1474
613 635
613 1046
613 1073
613 1330
615 634
615 691
615 798
616 620
616 721
616 856
616 867
616 938
617 697
617 777
617 822
617 937
617 965
617 975
617 1352
617 1367
618 1447
619 809
619 1022
619 1081
619 1099
619 1124
619 1473
619 1527
620 868
620 993
620 1099
620 1101
620 1294
621 636
621 657
621 771
621 908
621 1013
621 1161
621 1328
621 1411
622 973
622 1146
622 1304
622 1332
622 1421
622 1424
622 1506
623 1161
623 1162
623 1274
623 1323
623 1331
623 1456
624 640
624 1082
624 1202
624 1215
624 1360
625 693
625 798
625 1227
625 1456
625 1522
626 817
626 1078
627 1272
627 1544
628 1430
628 1442
629 1268
630 669
630 759
630 788
630 792
630 839
630 1536
631 930
631 1092
631 1457
631 1518
632 784
632 1179
633 727
633 1098
634 694
634 704
634 780
634 929
634 1152
634 1376
634 1387
635 927
635 954
635 1182
635 1204
635 1327
635 1359
636 637
636 1186
636 1396
637 745
637 795
637 1100
637 1199
639 657
639 1217
639 1272
639 1544
640 913
640 995
640 1457
641 897
641 1163
641 1358
641 1511
642 886
643 649
643 820
643 880
643 1230
643 1546
644 978
644 1086
645 1348
646 1041
646 1066
646 1252
646 1368
646 1534
647 852
647 975
647 982
647 1136
648 1145
648 1191
648 1384
648 1480
650 903
650 1114
650 1152
650 1156
650 1208
650 1387
651 1235
651 1441
651 1452
651 1511
652 722
652 801
652 860
652 1265
653 956
653 987
653 1107
653 1121
653 1175
653 1373
653 1380
653 1526
653 1533
654 697
654 742
654 788
654 820
654 840
654 847
654 1016
654 1107
654 1139
654 1159
654 1310
654 1463
654 1497
655 1068
655 1264
655 1440
655 1441
655 1465
656 915
656 1232
657 1217
657 1328
657 1408
658 811
658 815
658 835
658 868
658 1138
658 1176
658 1264
658 1445
659 660
659 692
659 1058
659 1122
659 1214
659 1259
659 1322
659 1331
660 1274
660 1300
660 1368
660 1382
660 1542
661 896
661 1010
661 1287
662 1282
662 1308
662 1319
662 1332
663 665
663 1094
664 826
664 1112
664 1488
665 676
665 726
665 955
665 1361
666 990
666 1059
666 1242
666 1273
666 1403
666 1407
667 1000
667 1274
667 1347
667 1352
667 1479
668 857
668 1102
668 1145
668 1154
668 1173
668 1294
668 1347
668 1378
668 1446
668 1518
669 1118
669 1172
669 1316
670 1422
670 1500
671 1011
671 1222
671 1385
671 1456
672 792
673 799
673 812
673 1169
673 1180
673 1301
673 1330
673 1373
674 904
674 998
674 1195
675 832
675 976
675 1133
675 1151
675 1157
675 1342
675 1351
675 1540
676 679
676 722
676 767
676 955
676 1201
676 1265
676 1277
676 1365
676 1393
676 1409
677 1058
677 1471
677 1535
678 852
678 904
678 1308
678 1319
679 722
679 955
679 1162
679 1300
679 1365
679 1427
679 1538
680 776
680 1109
680 1261
680 1509
681 725
681 900
681 1068
681 1307
681 1423
681 1426
682 874
682 987
682 1023
682 1182
682 1483
682 1504
682 1539
683 759
683 774
683 776
683 972
683 1160
683 1384
684 1265
684 1290
684 1296
684 1343
684 1540
685 967
685 1186
685 1516
686 689
686 816
686 981
686 1193
686 1381
687 954
687 1355
687 1412
688 699
688 951
688 1007
688 1097
688 1287
688 1448
689 915
689 1168
689 1533
690 737
690 848
690 1200
690 1300
690 1482
691 745
691 776
691 927
691 1080
691 1515
692 967
692 1081
692 1252
692 1521
692 1534
693 1028
693 1331
693 1361
693 1491
693 1502
695 718
695 855
695 909
695 962
696 720
696 870
696 1116
696 1253
696 1275
696 1517
697 777
697 796
697 847
697 937
697 965
697 1370
697 1463
697 1536
698 701
698 861
698 918
698 1145
698 1204
698 1507
699 1007
700 790
700 1381
701 849
701 861
701 890
701 1116
701 1253
701 1517
702 884
702 975
702 1088
703 710
703 1192
703 1324
704 762
704 780
704 805
704 834
704 1099
704 1186
704 1360
704 1387
704 1400
705 1206
706 824
706 1039
707 865
708 809
708 1295
708 1406
709 711
709 716
709 884
709 940
709 1391
710 714
710 882
710 1331
710 1376
710 1380
710 1383
711 738
711 868
711 1309
712 722
712 910
712 922
712 1181
712 1333
713 1530
714 882
714 921
714 1243
715 1039
715 1227
715 1362
715 1462
715 1513
716 753
716 871
716 994
716 1012
716 1026
716 1111
716 1234
716 1341
716 1416
716 1533
717 761
717 987
717 1014
717 1368
717 1471
718 925
718 948
718 1207
719 876
719 901
719 1005
719 1191
719 1243
721 791
721 794
721 832
721 879
721 881
721 1025
721 1153
721 1206
721 1221
721 1307
722 936
722 955
722 1201
722 1393
722 1409
722 1410
723 991
723 1190
723 1276
723 1453
724 1520
724 1549
725 943
725 1068
725 1136
725 1273
725 1303
725 1329
725 1426
725 1440
725 1444
726 729
726 770
726 853
726 925
726 1467
729 853
729 1512
730 740
730 1020
730 1143
730 1294
730 1338
730 1399
732 955
732 1029
732 1145
734 880
734 1029
734 1030
735 785
735 790
735 1072
735 1268
735 1293
735 1345
735 1548
736 752
736 807
736 996
736 1273
736 1280
736 1500
736 1514
737 821
737 970
737 1299
738 785
738 1026
738 1072
738 1548
739 948
739 1089
739 1185
739 1524
740 748
740 979
740 1006
740 1124
740 1190
740 1276
740 1295
740 1428
741 749
742 788
742 847
742 1246
742 1361
743 827
743 1125
743 1235
744 791
744 1206
745 1006
745 1360
745 1396
745 1412
746 749
746 1181
746 1229
747 1004
747 1097
747 1511
748 802
748 977
748 1095
748 1190
749 1030
749 1351
750 1014
750 1048
750 1109
750 1162
750 1271
751 1084
752 807
752 1050
752 1318
752 1531
752 1536
753 971
753 1090
753 1234
753 1351
754 938
754 1008
754 1060
754 1093
754 1374
755 790
755 1324
756 1045
756 1396
756 1432
756 1469
757 904
757 960
757 1165
757 1398
757 1486
758 809
758 1095
758 1406
758 1494
758 1495
759 778
759 1023
759 1072
759 1310
759 1316
759 1380
761 765
761 1023
761 1539
762 927
762 1016
762 1288
762 1354
762 1360
763 769
763 938
763 1026
763 1069
763 1403
764 947
764 972
764 1114
764 1122
765 788
765 869
765 1024
765 1101
765 1153
765 1244
765 1277
765 1389
765 1435
766 1196
766 1353
766 1367
767 989
767 1265
767 1393
768 859
768 866
768 1064
768 1236
768 1352
768 1367
768 1400
768 1502
768 1520
769 926
769 996
769 1209
770 866
770 1005
770 1243
771 772
771 1411
772 817
772 1019
772 1251
772 1263
772 1522
773 910
773 932
773 1110
773 1455
774 972
774 1160
775 1159
775 1478
776 1183
777 796
777 965
777 1367
777 1473
777 1487
777 1508
778 1006
778 1288
779 863
779 1353
780 829
780 1360
780 1387
781 1260
781 1463
781 1495
782 862
782 1116
783 871
784 973
784 1133
785 940
785 1098
785 1108
785 1163
785 1268
785 1548
787 804
787 852
787 1105
787 1144
787 1317
787 1375
787 1507
788 958
788 1173
788 1246
788 1299
788 1389
788 1400
788 1466
788 1483
789 804
789 953
789 1098
789 1104
789 1307
789 1445
790 857
790 1099
790 1164
790 1245
791 794
791 801
791 879
791 881
791 1206
791 1238
792 807
792 1107
792 1258
792 1325
792 1422
793 1247
794 801
794 811
794 832
794 868
794 879
794 881
794 1206
796 1231
796 1370
796 1418
796 1439
796 1536
797 969
797 970
797 1121
797 1468
797 1486
798 1182
798 1220
798 1289
798 1404
798 1480
799 835
799 978
799 1061
800 1111
800 1230
800 1395
800 1397
801 1038
801 1409
802 1233
803 908
803 1092
803 1145
803 1217
803 1378
803 1380
804 949
804 1445
804 1466
805 1046
805 1073
805 1289
805 1412
806 1137
806 1163
806 1268
806 1351
807 943
807 1280
807 1325
807 1414
807 1511
808 900
808 1017
808 1410
808 1472
809 1022
809 1124
809 1144
809 1390
809 1527
810 1227
811 986
811 1025
811 1221
811 1356
811 1445
811 1510
812 856
812 988
812 1034
812 1311
812 1376
812 1460
812 1501
813 893
813 1201
813 1377
814 825
814 839
814 962
814 1232
814 1268
814 1340
814 1401
814 1438
815 1176
815 1445
816 819
816 982
816 991
817 899
817 979
817 980
817 1460
817 1505
818 1142
819 962
819 1144
819 1256
820 1109
820 1262
820 1430
820 1509
821 866
821 927
821 1056
821 1101
821 1109
821 1182
821 1262
821 1288
821 1373
821 1509
822 869
822 910
822 1157
822 1235
822 1511
823 957
823 1432
824 856
824 980
824 1144
824 1267
825 870
825 884
825 973
826 1084
826 1213
826 1529
826 1538
827 839
827 923
827 1218
827 1257
828 1041
828 1164
828 1344
828 1419
828 1436
829 896
829 1156
829 1288
831 1103
831 1404
832 833
832 851
832 1123
832 1151
832 1238
832 1441
833 966
833 974
833 1309
833 1351
833 1392
834 930
834 993
834 1021
834 1245
834 1371
834 1465
835 1034
835 1150
837 917
837 1336
837 1511
838 839
838 1042
839 878
839 1053
839 1119
839 1247
840 994
840 1385
840 1466
840 1485
841 1463
842 1003
842 1394
843 1447
844 876
844 935
844 1372
844 1450
844 1518
845 924
845 1531
845 1537
846 948
846 1230
846 1247
846 1416
846 1459
846 1488
847 1231
847 1361
847 1370
847 1463
848 1200
849 950
849 1153
849 1472
850 1284
850 1462
850 1463
850 1466
851 1095
852 854
852 998
852 1106
852 1408
852 1531
853 925
853 1207
853 1223
853 1298
853 1438
853 1467
854 1169
854 1209
854 1259
854 1442
854 1527
855 887
855 1012
856 1176
856 1445
856 1466
857 1360
857 1484
857 1518
858 1016
858 1092
858 1272
858 1428
859 927
859 1064
859 1215
859 1236
860 1190
860 1214
860 1508
861 1353
861 1459
861 1547
862 1074
863 1374
864 1190
864 1504
865 1025
865 1341
865 1503
866 898
866 1380
866 1509
867 1244
867 1507
868 986
868 1072
868 1158
868 1445
869 1024
869 1123
869 1189
869 1472
870 968
870 1166
870 1395
870 1424
870 1485
871 995
871 1016
871 1256
871 1375
871 1483
872 1070
872 1190
872 1338
873 1117
873 1321
874 877
874 1107
874 1246
875 1441
876 927
876 952
876 995
876 1005
877 1023
877 1504
880 1188
880 1270
880 1366
881 1193
882 1217
882 1306
882 1331
882 1390
882 1462
883 1293
883 1491
884 968
884 1074
884 1469
884 1499
885 1040
885 1053
885 1239
885 1307
885 1417
886 1346
886 1424
886 1465
886 1536
888 1046
888 1350
890 1223
890 1462
890 1517
891 902
891 994
891 1065
891 1128
891 1213
891 1218
892 1419
892 1465
893 937
893 1127
893 1170
893 1204
893 1361
894 951
894 1215
894 1222
894 1234
894 1243
894 1250
894 1508
895 1214
895 1539
896 1059
897 1264
897 1485
898 901
898 1380
899 1399
899 1505
899 1506
899 1512
900 1029
900 1290
901 903
901 1215
902 1065
902 1128
902 1218
902 1308
902 1416
903 1208
903 1352
904 1308
904 1486
906 966
906 1151
907 1010
907 1407
908 1066
908 1357
908 1407
909 929
909 962
909 972
909 1267
910 1072
910 1455
911 1379
913 995
913 997
913 1251
913 1256
915 1076
916 1196
917 1017
917 1033
917 1277
917 1336
917 1343
917 1410
918 1029
918 1036
918 1228
918 1243
918 1446
918 1451
918 1505
918 1507
918 1508
919 972
919 1365
919 1534
920 974
920 1021
920 1150
920 1222
920 1238
920 1239
920 1311
920 1501
920 1548
921 1080
921 1494
922 1027
922 1076
922 1103
922 1249
923 975
923 1218
923 1257
924 1275
924 1284
924 1343
925 1050
925 1207
925 1318
925 1548
926 977
926 1026
926 1096
926 1302
927 952
927 1005
927 1007
927 1080
927 1236
927 1494
927 1547
928 939
928 951
928 1127
928 1204
928 1402
929 1085
929 1242
930 1294
932 1098
932 1198
933 1063
933 1209
933 1468
934 1226
934 1267
935 1124
935 1390
936 974
936 1309
937 965
938 988
938 1026
938 1110
938 1138
938 1403
939 951
939 1154
939 1173
939 1390
942 1013
943 958
943 1490
944 1058
944 1479
945 1026
945 1098
945 1416
945 1441
946 1071
947 1152
948 1111
948 1247
948 1358
948 1416
948 1469
948 1488
948 1537
949 1051
949 1516
950 1084
950 1157
950 1172
950 1277
950 1301
950 1315
951 954
951 1055
951 1127
951 1204
951 1272
952 1192
952 1547
953 1029
953 1098
953 1203
953 1307
953 1445
954 1009
954 1055
954 1211
955 1084
955 1145
955 1237
955 1299
955 1393
955 1410
957 1432
958 1069
959 1308
962 1267
962 1293
962 1387
962 1429
962 1488
962 1524
963 1454
963 1457
964 1018
964 1029
964 1144
964 1383
964 1505
965 1370
965 1539
966 1123
966 1392
967 1186
967 1252
967 1272
967 1431
967 1521
967 1534
967 1544
968 1134
968 1244
968 1304
968 1491
968 1499
969 970
969 1084
969 1348
969 1513
970 1084
970 1118
971 1166
971 1235
971 1304
972 1294
974 1021
974 1034
974 1035
974 1150
974 1158
974 1307
974 1309
974 1311
974 1392
975 1282
975 1308
975 1440
975 1536
976 994
976 1133
976 1225
976 1298
976 1511
977 1380
978 1061
978 1107
978 1132
978 1180
979 1276
980 1267
981 1477
982 995
982 1325
982 1405
983 1280
985 1029
985 1137
985 1229
985 1280
985 1296
986 1026
986 1163
986 1221
987 990
987 1023
987 1140
987 1361
987 1502
987 1504
987 1526
988 1136
988 1386
989 1014
990 1400
990 1538
991 993
991 1082
991 1256
991 1514
992 1532
993 1082
993 1092
993 1099
993 1406
993 1443
994 1065
994 1107
994 1128
994 1255
994 1511
995 1126
995 1251
995 1256
995 1453
996 1320
996 1513
997 1295
997 1369
997 1428
997 1500
997 1523
998 1402
998 1453
999 1428
999 1449
999 1473
999 1476
999 1487
999 1508
999 1523
1000 1535
1001 1196
1001 1486
1002 1225
1003 1233
1004 1097
1004 1183
1004 1244
1005 1243
1005 1367
1006 1156
1006 1190
1006 1494
1007 1252
1007 1352
1007 1433
1009 1183
1009 1194
1010 1385
1010 1407
1011 1456
1012 1053
1012 1111
1012 1178
1012 1230
1012 1397
1013 1359
1014 1446
1016 1107
1016 1515
1017 1337
1019 1310
1020 1205
1020 1399
1021 1035
1021 1150
1021 1309
1022 1144
1022 1162
1022 1315
1022 1390
1022 1473
1022 1527
1023 1316
1023 1483
1023 1504
1023 1539
1024 1244
1024 1275
1025 1206
1025 1307
1026 1096
1026 1401
1026 1441
1027 1076
1027 1199
1027 1358
1027 1472
1027 1540
1028 1078
1029 1063
1029 1231
1030 1063
1030 1068
1030 1307
1031 1036
1031 1217
1031 1446
1032 1195
1033 1052
1033 1203
1033 1219
1033 1277
1035 1158
1036 1038
1036 1184
1036 1402
1036 1426
1036 1446
1036 1484
1038 1184
1038 1383
1039 1187
1039 1227
1039 1462
1039 1463
1040 1389
1040 1391
1041 1066
1041 1208
1041 1211
1042 1115
1042 1380
1042 1429
1044 1138
1045 1432
1046 1064
1046 1067
1046 1252
1046 1287
1046 1293
1048 1162
1048 1315
1048 1382
1049 1258
1049 1363
1050 1207
1050 1318
1052 1315
1052 1352
1052 1400
1053 1078
1053 1513
1054 1303
1054 1512
1055 1211
1056 1118
1058 1122
1058 1479
1058 1535
1059 1091
1059 1099
1060 1356
1060 1371
1061 1175
1061 1528
1062 1245
1062 1356
1062 1371
1062 1443
1063 1200
1063 1468
1064 1066
1064 1075
1064 1183
1065 1128
1065 1213
1065 1218
1066 1156
1066 1164
1066 1186
1066 1252
1066 1357
1066 1474
1067 1126
1067 1288
1068 1244
1068 1426
1068 1465
1069 1400
1071 1230
1071 1358
1072 1158
1072 1311
1072 1455
1073 1075
1073 1287
1075 1080
1075 1338
1076 1301
1076 1305
1076 1405
1076 1497
1076 1538
1077 1219
1078 1124
1078 1144
1078 1276
1078 1361
1079 1290
1079 1299
1079 1546
1080 1081
1080 1396
1080 1519
1081 1431
1081 1521
1081 1534
1081 1544
1082 1083
1082 1345
1082 1467
1083 1512
1084 1101
1084 1145
1084 1157
1084 1170
1084 1172
1084 1265
1084 1296
1084 1301
1084 1472
1087 1161
1087 1323
1087 1347
1087 1424
1088 1153
1088 1268
1088 1279
1088 1401
1089 1185
1089 1247
1089 1253
1089 1255
1091 1252
1091 1495
1092 1145
1092 1411
1093 1430
1093 1441
1094 1163
1094 1401
1095 1100
1095 1174
1095 1312
1095 1396
1095 1519
1096 1302
1098 1104
1098 1229
1098 1302
1098 1445
1099 1233
1100 1210
1100 1480
1101 1107
1101 1182
1101 1264
1102 1154
1102 1173
1103 1225
1103 1404
1105 1328
1105 1464
1107 1121
1108 1268
1109 1446
1110 1203
1110 1249
1110 1403
1111 1225
1111 1395
1111 1397
1112 1253
1112 1269
1113 1170
1113 1377
1113 1545
1114 1120
1115 1464
1116 1123
1116 1397
1117 1412
1117 1434
1118 1159
1118 1422
1119 1247
1120 1156
1121 1132
1121 1175
1121 1271
1122 1140
1122 1214
1122 1300
1122 1322
1122 1431
1122 1479
1123 1151
1123 1153
1124 1190
1124 1390
1124 1527
1125 1277
1126 1169
1126 1453
1126 1524
1127 1204
1127 1264
1127 1299
1127 1313
1127 1502
1128 1218
1128 1416
1129 1394
1130 1141
1130 1273
1130 1362
1131 1549
1132 1138
1132 1139
1132 1175
1132 1386
1132 1400
1132 1439
1132 1528
1133 1213
1133 1511
1133 1538
1135 1141
1135 1219
1135 1223
1135 1273
1135 1442
1136 1416
1136 1444
1136 1531
1137 1163
1138 1291
1138 1419
1138 1430
1138 1441
1138 1510
1138 1526
1139 1168
1139 1199
1139 1410
1140 1370
1140 1396
1140 1514
1141 1273
1143 1294
1143 1399
1144 1226
1144 1328
1144 1464
1149 1254
1149 1302
1149 1304
1150 1158
1150 1309
1150 1311
1151 1441
1153 1235
1153 1389
1154 1173
1154 1518
1157 1235
1157 1315
1158 1265
1158 1307
1158 1309
1158 1311
1159 1463
1160 1440
1160 1444
1160 1516
1161 1352
1162 1191
1162 1214
1162 1315
1162 1322
1162 1323
1162 1382
1162 1427
1162 1535
1163 1268
1163 1401
1166 1395
1166 1397
1167 1398
1169 1251
1169 1397
1169 1524
1170 1318
1170 1377
1170 1505
1170 1506
1170 1545
1171 1438
1172 1173
1172 1246
1172 1271
1172 1315
1172 1446
1172 1525
1173 1347
1173 1380
1174 1519
1175 1180
1175 1246
1175 1373
1176 1188
1176 1441
1176 1445
1176 1465
1176 1526
1177 1191
1177 1328
1177 1330
1178 1230
1179 1216
1179 1266
1179 1447
1179 1475
1180 1417
1181 1229
1181 1358
1182 1188
1182 1271
1182 1502
1183 1194
1183 1222
1183 1435
1183 1481
1184 1231
1184 1402
1186 1252
1186 1521
1186 1534
1186 1544
1187 1293
1187 1317
1188 1408
1190 1276
1191 1433
1191 1494
1192 1335
1192 1406
1192 1440
1193 1320
1193 1371
1193 1381
1193 1417
1195 1313
1195 1332
1195 1363
1195 1442
1196 1394
1196 1459
1197 1210
1197 1287
1197 1359
1197 1473
1198 1201
1199 1257
1199 1358
1200 1493
1200 1504
1201 1455
1205 1341
1206 1374
1207 1223
1207 1298
1208 1495
1210 1211
1210 1287
1210 1359
1210 1419
1213 1218
1213 1393
1213 1511
1214 1300
1214 1322
1214 1323
1214 1382
1214 1422
1214 1427
1214 1479
1214 1535
1214 1542
1215 1367
1215 1509
1216 1218
1217 1505
1217 1506
1218 1253
1218 1257
1221 1311
1223 1355
1224 1229
1224 1301
1225 1234
1225 1255
1225 1511
1226 1267
1226 1303
1227 1462
1228 1310
1228 1451
1229 1358
1230 1416
1231 1348
1231 1375
1232 1475
1233 1396
1235 1452
1236 1367
1236 1409
1237 1455
1238 1392
1238 1445
1242 1473
1243 1367
1243 1484
1243 1508
1243 1514
1245 1381
1246 1255
1246 1400
1246 1515
1247 1416
1247 1488
1249 1403
1250 1284
1250 1372
1250 1412
1250 1431
1250 1446
1251 1255
1251 1256
1251 1312
1252 1273
1252 1534
1253 1255
1253 1275
1255 1378
1256 1312
1256 1453
1257 1280
1257 1392
1258 1500
1260 1495
1261 1337
1261 1460
1261 1473
1262 1315
1262 1353
1262 1466
1264 1388
1264 1405
1265 1393
1265 1409
1265 1455
1266 1375
1266 1398
1267 1402
1268 1438
1268 1548
1273 1422
1273 1513
1274 1300
1274 1323
1274 1479
1279 1317
1282 1422
1283 1505
1283 1513
1284 1287
1286 1399
1286 1523
1287 1412
1287 1480
1288 1360
1288 1480
1288 1494
1288 1520
1289 1366
1289 1412
1290 1299
1293 1298
1293 1317
1293 1548
1295 1428
1295 1523
1296 1425
1297 1367
1297 1372
1299 1343
1300 1323
1304 1308
1304 1319
1305 1317
1306 1426
1308 1319
1309 1311
1312 1464
1313 1442
1313 1543
1314 1469
1316 1483
1316 1502
1316 1504
1317 1547
1318 1462
1319 1332
1323 1347
1323 1367
1324 1339
1325 1333
1325 1421
1326 1477
1327 1480
1328 1464
1329 1440
1329 1444
1330 1366
1330 1480
1331 1471
1331 1484
1332 1424
1335 1345
1335 1477
1336 1339
1336 1373
1336 1525
1338 1399
1341 1465
1343 1379
1343 1504
1345 1467
1346 1391
1346 1416
1346 1447
1349 1529
1350 1355
1350 1376
1351 1441
1352 1422
1352 1479
1352 1539
1353 1367
1353 1451
1354 1525
1355 1549
1356 1374
1356 1456
1361 1418
1361 1472
1361 1506
1361 1514
1364 1366
1364 1515
1365 1427
1365 1534
1366 1549
1367 1369
1367 1508
1368 1382
1369 1492
1370 1514
1371 1381
1371 1443
1375 1466
1375 1483
1376 1380
1376 1470
1377 1545
1378 1383
1378 1402
1378 1459
1380 1422
1380 1455
1380 1509
1380 1533
1380 1547
1381 1443
1381 1526
1383 1446
1384 1480
1384 1494
1385 1466
1385 1483
1385 1485
1386 1528
1388 1389
1390 1527
1395 1397
1400 1520
1401 1438
1402 1446
1407 1456
1409 1410
1410 1418
1410 1420
1412 1509
1414 1417
1416 1447
1417 1497
1418 1514
1419 1446
1420 1472
1421 1442
1422 1500
1423 1426
1423 1485
1425 1455
1425 1458
1427 1454
1427 1534
1427 1535
1428 1523
1430 1436
1436 1470
1439 1528
1440 1516
1441 1501
1442 1468
1447 1448
1448 1474
1449 1473
1450 1518
1454 1460
1454 1477
1458 1482
1458 1543
1463 1536
1476 1523
1476 1527
1480 1520
1482 1543
1487 1508
1489 1496
1494 1495
1497 1538
1497 1548
1502 1504
1503 1531
1504 1546
1505 1506
1505 1507
1506 1507
1506 1512
1508 1523
1512 1547
1519 1521
1519 1522
1521 1534
1521 1544
1523 1527
1525 1528
1529 1531
1529 1549
1534 1544
