#num-nodes
1681
#num-links
5749
#links
1 158
1 202
1 416
1 494
2 7
2 33
2 647
3 614
3 647
3 946
5 34
5 168
5 170
5 417
5 718
5 849
5 961
6 43
6 255
6 419
7 69
7 80
7 328
7 413
7 480
7 543
7 895
7 967
7 976
8 252
8 334
8 423
8 588
8 879
8 888
9 106
9 340
9 720
9 754
9 814
9 883
9 904
9 1110
10 301
10 393
10 406
10 414
10 728
10 737
10 866
10 884
11 129
11 180
11 278
11 466
11 580
11 738
11 891
12 77
12 214
12 249
12 628
12 732
12 878
13 245
13 417
13 638
13 704
13 1010
14 159
14 245
14 301
14 834
14 1361
14 1600
15 87
15 88
15 386
15 391
15 396
15 529
15 633
15 745
15 801
15 943
15 1002
16 183
16 225
16 228
16 482
16 736
16 742
16 778
16 834
16 837
16 859
16 907
17 237
17 275
17 419
17 684
17 722
17 754
17 835
17 950
17 980
17 1013
18 216
18 386
18 456
18 588
18 808
18 892
19 105
19 393
19 661
19 753
19 900
20 118
20 209
20 309
20 412
20 500
21 107
21 360
21 483
21 622
21 681
21 818
21 1012
21 1013
22 333
22 628
22 732
23 37
23 47
23 238
23 239
23 366
23 578
23 603
23 608
23 905
24 380
24 488
24 492
24 592
24 660
24 666
24 667
24 772
24 775
24 781
24 837
24 957
25 37
25 49
25 109
25 551
25 714
26 479
26 603
26 621
27 275
27 301
27 482
27 684
27 952
27 980
28 136
28 168
28 189
28 290
28 332
28 379
28 495
28 520
28 858
29 759
30 166
30 216
30 311
30 312
30 457
30 499
30 862
30 923
30 1000
31 503
31 971
32 113
32 176
32 462
32 540
32 748
32 1009
33 112
33 169
33 400
33 645
33 698
34 224
34 294
34 333
34 390
34 468
34 718
34 845
34 880
34 961
35 159
35 250
35 301
35 314
35 395
35 543
35 778
35 842
35 1338
36 190
36 1110
37 210
37 473
37 528
37 565
37 834
37 843
37 1014
38 119
38 137
38 267
38 397
38 417
38 818
38 820
39 579
39 596
39 861
39 1147
39 1226
40 604
40 690
40 1319
41 285
41 304
41 336
41 340
41 518
41 563
41 590
41 660
41 666
41 720
41 794
41 853
41 883
41 886
42 140
42 144
42 241
42 281
42 322
42 399
42 661
42 981
43 154
43 244
43 255
43 419
43 515
43 555
43 672
43 733
44 904
45 399
45 453
45 566
45 956
46 47
46 253
46 335
46 367
46 426
46 460
46 513
46 669
46 686
46 705
46 920
46 931
47 293
47 426
47 832
47 931
48 157
48 165
48 240
48 492
48 630
48 673
48 719
49 109
49 179
49 223
49 239
49 279
49 346
49 566
49 578
49 665
49 717
49 763
49 798
49 826
49 832
49 843
49 868
49 942
49 956
49 1357
50 323
51 54
51 108
51 141
51 389
51 424
51 533
51 681
51 917
52 172
52 298
52 474
52 718
52 751
52 1014
53 76
53 151
53 172
53 621
53 730
53 741
54 277
54 467
54 493
54 521
54 675
56 323
56 331
56 562
56 690
56 765
56 805
56 853
56 973
57 108
57 250
57 430
57 678
57 750
57 778
58 248
58 285
58 291
58 419
58 623
58 684
58 701
58 872
58 873
58 950
58 980
59 133
59 240
59 260
59 452
59 490
59 644
59 663
59 694
59 734
59 875
59 1013
59 1112
59 1218
59 1432
59 1615
60 472
60 719
60 753
61 691
61 939
61 979
61 1414
62 229
62 874
62 879
62 961
63 571
63 728
63 1005
64 96
64 251
64 257
64 310
64 317
64 344
65 95
65 150
65 363
65 511
65 578
65 621
65 710
65 741
65 748
65 810
65 856
66 128
66 231
66 241
66 723
66 816
66 919
66 984
67 141
67 144
67 436
67 461
67 489
67 524
67 743
67 785
67 1012
68 911
69 145
69 163
69 229
69 328
69 413
69 520
69 592
69 648
69 858
69 892
69 895
69 938
70 164
70 425
70 463
70 611
70 619
70 698
70 828
70 917
70 1002
71 385
71 588
71 601
71 690
71 892
72 128
72 230
72 277
72 366
72 397
72 473
72 521
72 681
72 1014
73 106
73 257
73 280
73 297
73 300
73 304
73 479
73 506
73 544
73 640
73 689
73 770
73 855
73 959
73 997
73 1006
73 1110
74 165
74 228
74 350
74 572
74 580
74 584
75 100
75 862
75 884
76 599
76 621
76 741
76 755
76 804
77 196
77 333
77 442
77 450
77 612
77 849
77 1414
77 1596
78 123
78 192
78 336
78 448
78 499
78 587
78 722
78 786
78 830
78 864
78 943
78 962
79 94
79 203
79 276
79 279
79 412
79 419
79 509
79 639
80 234
80 555
80 569
80 714
80 772
80 781
80 943
80 957
81 316
81 391
81 404
81 541
81 825
82 522
83 286
83 505
83 815
83 858
84 220
84 526
85 143
85 173
85 190
85 229
85 290
85 454
85 495
85 640
85 814
85 838
85 885
86 113
86 454
86 640
86 797
86 919
87 386
87 391
87 666
88 952
89 384
89 1491
90 98
90 109
90 136
90 392
90 669
90 785
91 155
91 324
91 485
91 656
91 709
91 711
91 877
91 879
92 156
92 190
92 224
92 256
92 298
92 870
92 1006
93 193
93 210
93 304
93 332
93 392
93 431
93 445
93 447
93 725
93 839
93 954
93 1006
94 226
94 308
94 330
94 367
94 400
94 545
94 863
94 945
94 963
95 187
95 363
95 397
95 483
95 523
95 621
95 710
95 810
96 273
96 365
96 585
96 802
96 916
97 384
97 476
97 551
97 612
97 699
98 454
98 500
98 846
99 411
99 961
100 128
100 144
100 566
100 624
100 708
100 717
100 804
101 215
101 228
101 299
101 390
101 408
101 612
101 682
101 749
101 765
102 216
102 753
102 827
104 127
104 336
104 502
104 835
104 914
105 130
105 315
105 366
105 533
105 905
105 968
106 112
106 176
106 222
106 443
106 781
106 959
107 111
107 492
107 702
107 799
108 272
108 285
108 301
108 363
108 397
108 461
108 570
108 684
108 708
109 189
109 216
109 423
109 478
109 479
109 526
109 668
109 902
111 341
111 986
112 372
112 423
112 746
112 886
112 903
112 904
112 940
113 193
113 303
113 332
113 447
113 507
113 667
113 813
113 839
113 984
113 1011
114 165
114 320
114 336
114 386
114 492
114 572
114 631
114 775
114 868
116 750
117 148
117 575
117 678
118 119
118 260
118 565
118 644
118 794
119 395
119 575
119 615
119 729
119 795
120 192
121 235
121 375
121 396
121 444
121 767
121 801
121 837
121 1509
121 1539
121 1607
122 540
122 548
122 746
122 926
122 940
122 959
123 237
123 318
123 385
123 418
123 508
123 584
123 610
123 698
123 743
123 825
123 927
123 943
123 995
124 375
124 432
125 549
125 594
125 759
126 199
126 281
126 884
126 982
127 373
127 376
127 502
127 662
127 731
127 803
128 233
128 241
128 267
128 277
128 353
128 477
128 494
128 521
128 675
128 679
128 708
128 816
128 866
128 894
128 1007
129 152
129 218
129 305
129 466
129 468
129 477
129 508
129 580
129 675
129 768
129 845
129 1009
130 262
130 364
130 787
130 843
130 887
130 956
131 170
131 248
131 306
131 449
131 480
131 594
131 826
131 931
131 949
132 330
132 385
132 400
132 478
132 604
132 645
132 703
132 929
132 940
133 267
133 345
133 490
133 527
133 543
133 663
133 834
133 988
135 145
135 229
135 290
135 376
135 524
135 930
135 1004
136 290
136 332
136 379
136 730
136 740
136 751
136 858
136 870
136 948
137 360
137 449
137 682
137 952
138 353
138 505
138 645
138 953
138 983
139 429
139 701
139 744
140 141
140 230
140 246
140 523
140 557
140 834
140 982
140 1398
141 144
141 202
141 277
141 424
141 521
141 609
141 621
141 675
141 866
142 176
142 207
142 210
142 433
142 596
142 659
142 937
143 156
143 224
143 774
143 814
144 341
144 515
144 528
145 436
145 599
145 882
145 953
145 993
146 498
146 638
146 791
146 792
146 841
147 161
147 779
148 407
148 715
148 737
150 248
150 267
150 426
150 507
150 748
150 812
150 856
151 409
151 493
151 707
151 741
152 278
152 332
152 468
152 736
152 828
152 964
153 165
153 492
153 673
153 674
153 824
154 255
154 555
154 672
154 684
154 851
154 864
154 867
154 886
154 935
154 980
155 324
155 709
155 711
156 224
156 256
156 298
156 583
156 1005
156 1006
157 181
157 361
157 397
157 492
157 572
157 649
157 673
157 691
157 719
157 767
157 788
157 795
157 1402
157 1666
158 174
158 176
158 202
158 287
158 484
158 603
158 819
159 276
159 301
159 366
159 409
159 653
159 1175
160 504
160 893
162 498
162 638
162 767
162 841
163 201
163 371
163 436
163 486
163 713
163 714
163 945
164 630
164 633
165 492
165 699
165 719
166 205
166 236
166 258
166 409
166 417
166 515
166 783
166 804
167 267
167 273
167 460
167 521
167 578
167 602
167 1006
168 373
168 435
168 495
168 520
168 819
169 478
170 456
170 507
170 584
170 654
170 813
172 293
172 535
172 1393
173 340
173 640
173 774
173 809
173 885
173 919
174 325
176 186
176 580
176 603
176 819
176 870
177 549
177 1393
178 425
178 446
178 606
178 830
178 867
178 913
179 202
179 278
179 341
179 536
179 608
179 787
179 817
179 828
179 832
180 305
180 466
180 695
180 741
180 763
180 1009
181 307
181 551
181 616
181 1010
181 1353
181 1487
182 199
182 233
182 264
182 341
182 546
182 609
182 675
182 707
182 796
182 817
182 878
183 209
183 225
183 276
183 343
183 637
183 742
184 230
184 688
184 834
185 209
185 410
185 461
185 580
185 880
185 939
186 252
186 410
186 561
186 576
186 606
186 657
186 658
186 689
186 880
186 955
187 267
187 363
187 511
187 621
187 624
187 661
187 856
187 969
189 193
189 459
189 460
189 495
189 556
189 597
189 723
189 922
189 967
190 298
190 542
190 689
190 903
190 1008
192 769
192 817
192 874
192 934
193 286
193 303
193 392
193 505
193 520
193 665
193 717
193 736
194 530
194 555
194 601
194 606
194 759
194 786
194 874
194 880
195 588
196 293
196 378
196 380
196 711
196 736
196 775
196 927
196 977
196 1462
197 281
197 784
197 865
197 866
197 965
198 480
198 799
199 585
199 798
199 916
200 1388
201 286
201 289
201 312
201 520
201 524
201 743
201 815
201 863
202 246
202 402
202 609
202 768
203 250
203 360
203 596
204 447
204 524
204 907
204 984
204 1011
205 233
205 264
205 402
205 409
206 365
206 426
206 477
207 433
207 603
207 846
207 936
208 543
208 592
208 596
208 727
208 906
209 225
209 238
209 276
209 309
209 500
209 691
209 755
209 854
210 382
210 473
210 528
210 665
210 717
210 832
210 949
210 1007
210 1014
211 378
211 505
211 594
211 773
211 828
212 327
212 462
212 466
212 477
212 589
212 667
212 707
212 837
212 848
212 918
212 981
212 1009
212 1288
213 485
213 576
213 922
213 938
214 249
214 253
214 326
214 348
214 391
214 396
215 299
216 220
216 415
216 479
216 753
216 852
218 305
218 333
218 410
219 575
220 963
220 995
220 1197
221 306
221 397
221 414
221 571
221 728
222 292
222 451
222 577
222 743
222 839
222 983
223 596
223 668
223 705
223 1012
224 256
224 298
224 1145
225 482
225 817
225 952
225 980
226 465
226 485
226 495
226 510
226 520
226 548
226 723
226 815
226 835
226 938
228 294
228 390
228 612
228 777
228 906
229 328
229 332
229 413
229 648
229 874
229 892
229 895
230 246
230 264
230 377
230 402
230 473
230 994
231 257
231 447
231 454
231 740
231 919
231 948
231 984
233 301
233 397
233 430
233 521
233 1439
234 237
234 336
234 404
234 541
234 643
234 781
234 913
234 977
235 375
235 611
235 673
235 699
236 417
236 708
236 820
236 975
236 1011
237 255
237 275
237 684
237 685
237 825
237 855
237 940
237 962
237 1000
238 337
238 343
238 350
238 358
238 366
238 383
238 671
238 851
238 909
239 278
239 346
239 496
239 578
239 717
239 777
239 905
240 260
240 343
240 358
240 551
240 660
240 719
240 837
240 841
240 1095
241 292
241 339
241 381
241 385
241 426
241 435
241 454
241 485
241 495
241 723
241 797
241 816
241 858
241 996
242 341
242 637
243 388
243 448
243 547
243 563
243 587
243 601
243 642
243 652
243 722
243 853
243 932
244 255
244 490
244 555
244 830
245 345
245 501
245 662
245 795
246 402
246 473
246 521
246 523
246 557
246 578
246 978
246 1015
247 472
248 319
248 365
248 426
248 507
248 748
249 348
249 657
249 726
249 732
249 930
249 963
250 281
250 418
250 430
250 439
250 525
250 669
251 310
251 344
252 334
252 410
252 576
252 658
252 689
252 912
253 329
253 732
253 784
253 934
254 385
254 594
254 604
254 858
254 914
254 995
255 297
255 425
255 555
255 584
255 672
255 825
255 867
256 298
256 583
257 423
257 451
257 556
257 645
257 679
257 740
257 893
257 913
257 948
257 984
258 514
259 364
259 453
259 798
260 358
260 375
260 487
260 909
260 1394
261 553
262 346
262 397
262 547
262 605
262 966
263 447
263 640
263 809
263 919
263 1011
264 402
264 579
264 649
264 906
264 949
266 621
266 817
267 363
267 417
267 602
267 663
267 705
267 736
267 834
267 845
267 856
267 918
268 361
268 427
268 701
268 737
268 832
269 621
269 665
270 726
270 963
271 803
272 795
272 886
272 1450
273 365
273 406
273 439
273 512
273 589
273 810
273 848
273 859
273 1005
274 868
275 419
275 579
275 630
275 684
275 686
275 818
275 873
275 915
275 950
276 467
276 521
276 565
276 663
276 761
276 792
276 834
276 859
277 287
277 362
277 389
277 430
277 467
277 521
277 609
277 620
277 675
277 708
277 834
277 888
277 974
278 306
278 376
278 828
279 281
280 304
280 506
280 800
280 927
280 1110
281 402
281 575
281 728
282 585
284 324
284 328
284 381
284 423
284 443
284 451
284 478
284 645
284 648
284 940
285 419
285 590
285 883
286 332
286 379
286 505
286 520
286 751
286 815
287 467
287 484
287 521
288 878
289 405
289 548
289 709
289 740
289 847
289 863
290 376
290 524
290 582
290 583
290 640
290 740
290 868
290 996
290 1004
291 294
291 374
291 584
291 690
291 872
291 873
291 988
292 454
292 520
292 524
292 597
292 815
292 868
292 938
292 977
292 1011
293 346
293 380
293 397
293 580
293 836
293 895
294 423
294 497
294 590
294 611
294 752
295 895
295 1070
296 411
296 455
296 758
297 304
297 443
297 482
297 518
297 563
297 584
297 631
297 646
297 660
297 720
297 754
297 853
297 855
297 886
297 914
297 926
298 389
298 607
298 838
298 870
300 340
300 556
300 607
300 629
300 643
300 800
300 816
300 855
300 913
301 433
301 622
301 1067
301 1458
302 374
302 742
302 1527
303 459
303 460
303 486
303 499
303 597
303 815
304 518
304 531
304 590
304 643
304 720
304 794
304 855
304 883
304 1110
305 477
305 508
305 580
305 845
305 875
305 982
306 596
306 620
306 784
307 667
307 755
307 908
307 971
307 1129
307 1427
308 408
308 463
308 488
308 654
308 660
309 438
309 455
309 760
309 794
309 941
310 344
310 945
310 950
310 958
310 981
311 381
311 689
311 759
311 820
311 976
311 1312
312 694
312 730
312 896
312 939
313 321
313 388
313 698
313 699
314 412
314 946
315 946
316 331
316 769
316 829
316 851
316 874
316 880
316 973
317 733
318 730
318 892
319 363
319 593
319 605
319 728
319 846
319 942
319 1007
319 1008
319 1179
320 476
320 572
320 742
321 388
321 396
321 471
321 550
321 720
321 835
321 875
321 914
323 325
323 731
323 790
323 881
324 423
324 448
324 485
324 582
324 636
324 656
324 709
324 711
324 874
324 877
325 476
326 896
327 451
327 456
327 462
327 531
327 816
327 848
327 997
328 381
328 413
328 486
328 538
328 648
328 892
328 895
328 940
328 943
328 1002
329 402
329 424
329 432
329 1440
330 400
330 509
330 645
330 752
330 963
331 450
331 562
331 672
331 721
331 829
331 835
331 874
332 381
332 485
332 486
332 488
332 577
332 658
332 723
332 815
333 357
333 359
333 628
334 480
334 506
334 576
334 880
334 927
334 989
335 413
335 732
335 880
336 480
336 631
336 754
336 770
336 853
336 864
337 924
337 1167
337 1262
338 376
338 478
338 515
338 738
339 495
339 723
339 953
340 855
340 883
340 885
340 904
340 1006
341 432
341 664
341 789
342 804
343 358
343 419
343 644
343 662
343 742
344 959
345 523
345 704
345 1010
346 578
346 608
346 665
346 692
346 763
346 868
346 887
346 956
346 1012
346 1014
347 517
348 391
348 765
348 817
349 862
349 975
349 1338
350 382
350 565
350 579
350 832
350 834
350 859
350 1190
351 352
352 452
352 672
353 556
353 708
353 986
353 1007
354 574
354 971
355 742
355 957
356 397
356 419
356 515
356 733
356 802
357 359
357 677
357 709
357 867
358 382
358 383
358 671
358 798
358 1176
359 533
360 363
360 449
360 682
360 688
360 866
360 952
361 366
361 512
361 528
361 733
361 784
361 832
361 856
362 605
362 651
363 397
363 426
363 433
363 457
363 528
364 547
364 605
364 966
364 976
364 1540
365 651
365 774
365 900
365 928
366 382
366 473
366 482
366 512
366 514
366 578
366 603
366 620
366 768
366 832
366 946
366 1500
367 385
367 734
367 743
368 684
368 753
368 980
368 981
369 683
369 832
369 968
369 1355
370 572
370 645
370 785
370 838
370 879
370 882
370 961
372 518
372 666
372 746
372 754
372 770
372 855
372 903
372 904
373 502
373 880
373 958
374 557
374 706
374 873
374 923
375 673
376 504
376 524
376 720
376 880
376 957
377 398
377 854
377 994
378 379
378 380
378 486
378 488
378 594
378 772
378 828
378 957
379 460
379 485
379 828
379 858
379 868
379 953
379 957
380 772
380 775
380 781
380 957
380 1462
380 1613
381 405
381 423
381 485
381 506
381 723
381 954
382 525
382 528
382 565
382 644
382 832
382 905
383 432
383 671
383 979
383 1262
384 611
384 857
384 1047
384 1412
384 1464
384 1491
385 478
385 645
385 743
385 995
385 1008
386 391
386 772
386 892
386 896
386 957
386 976
387 632
388 443
388 471
388 555
388 875
389 409
389 424
389 521
389 681
389 817
389 834
389 854
389 965
390 874
391 442
391 786
392 495
392 602
392 815
392 858
392 868
392 955
393 923
394 954
395 637
395 778
395 861
396 801
397 414
397 695
397 716
397 730
397 817
397 866
397 939
397 1005
398 854
398 994
399 697
399 736
400 673
400 698
400 1008
401 638
402 424
403 518
403 672
403 709
403 862
403 877
404 425
404 471
404 539
404 633
404 782
405 582
405 658
405 695
405 709
405 723
406 439
406 482
406 513
406 515
406 589
406 728
406 735
406 1005
407 737
408 476
408 516
408 611
408 734
408 1378
409 424
409 514
409 615
409 681
409 783
409 974
410 720
410 959
413 604
413 648
413 714
413 874
413 880
413 892
413 895
414 688
414 762
414 795
414 884
415 444
415 971
416 624
416 1058
417 755
417 820
417 1237
418 595
418 615
418 685
418 767
419 834
419 921
419 950
420 482
420 590
420 646
420 652
420 844
420 867
420 886
420 904
423 709
423 940
424 1007
425 463
425 471
425 555
425 611
425 618
425 830
425 913
426 452
426 489
426 535
426 669
426 686
426 705
426 735
426 743
426 1498
427 605
427 737
427 833
427 842
427 923
428 606
428 677
428 813
428 977
429 591
429 975
430 622
430 1439
431 604
431 725
432 831
432 949
432 1286
434 456
434 488
434 660
435 465
435 712
435 812
436 513
436 828
437 513
438 996
439 512
439 1045
439 1256
440 444
440 706
440 978
441 692
441 949
441 1278
442 444
442 463
442 522
442 529
442 616
442 676
443 646
443 720
443 781
443 940
443 959
444 527
444 619
444 623
444 691
444 694
444 706
444 1120
445 548
445 556
445 878
447 502
447 813
447 838
447 839
447 919
447 1011
448 541
448 587
448 642
448 652
448 670
448 722
448 877
448 932
448 962
448 1666
449 682
449 753
449 1012
450 529
450 849
450 955
451 461
451 531
451 548
451 607
451 658
451 948
451 952
451 984
452 477
452 490
452 719
452 820
452 971
452 1142
453 511
453 535
453 715
453 739
454 984
454 1011
455 782
455 855
456 479
456 507
456 542
456 545
456 675
456 728
456 743
456 795
456 813
456 853
456 880
456 931
456 1008
456 1013
457 792
459 556
460 465
460 602
460 669
460 705
460 712
460 864
460 920
461 542
461 590
461 592
461 597
461 656
461 938
461 945
461 964
462 589
462 695
462 848
462 1009
463 471
463 618
465 712
465 812
465 954
465 987
466 580
466 670
466 695
466 728
466 777
466 845
466 848
466 891
466 896
467 484
467 521
467 654
467 675
469 605
469 733
469 869
470 678
470 804
471 618
472 593
473 578
474 751
475 946
476 516
476 551
476 699
476 734
476 927
477 517
477 554
477 569
477 870
477 875
477 974
477 997
478 645
478 940
478 945
479 519
479 685
479 918
479 1013
480 488
480 826
480 903
480 920
481 561
481 606
481 717
481 986
481 987
482 590
482 774
482 988
482 1013
484 804
485 520
485 656
485 723
485 858
485 1011
486 548
486 556
486 714
486 892
486 967
488 660
488 666
488 775
488 826
488 903
489 608
489 621
489 669
489 705
489 887
489 953
489 956
489 1007
490 499
490 543
490 663
490 820
490 862
490 1170
490 1284
490 1330
490 1402
492 572
492 673
492 698
492 719
492 1008
493 614
493 647
493 681
493 707
493 741
493 783
493 818
493 1176
494 513
494 519
494 521
494 550
494 708
495 520
495 723
495 815
495 858
495 953
496 596
496 717
496 986
497 615
497 619
498 500
498 595
498 638
498 841
499 569
499 694
499 811
499 820
499 837
499 862
500 551
500 917
501 683
502 507
502 650
502 777
502 850
502 877
502 932
502 1075
504 572
504 618
504 920
505 577
505 815
505 828
506 927
506 959
507 584
507 736
507 839
508 845
509 773
509 888
509 889
510 517
510 606
510 987
511 596
511 621
511 705
511 856
511 969
512 728
512 733
512 753
512 796
513 601
513 709
513 929
514 620
514 733
514 783
515 728
516 553
516 734
517 768
517 888
517 889
517 958
517 959
517 973
518 590
518 720
518 755
518 851
518 853
518 855
518 883
519 661
519 681
519 708
519 807
520 542
520 545
520 656
520 723
520 839
520 858
521 675
521 708
521 810
521 834
521 918
522 577
522 693
522 813
522 829
522 830
522 876
522 890
522 935
523 704
523 985
524 740
524 903
525 592
525 909
527 528
527 859
527 862
527 950
528 535
528 613
528 620
528 665
528 701
528 810
528 832
528 950
528 1014
529 611
529 646
531 679
531 927
531 997
531 1110
533 852
533 927
534 547
535 686
535 705
536 540
536 593
536 622
536 832
536 891
538 577
538 713
538 892
539 782
540 754
540 850
540 989
541 636
541 722
541 825
541 962
542 545
542 656
542 765
542 870
542 1101
543 662
543 834
544 759
544 959
545 656
545 1015
545 1101
546 928
546 934
547 605
547 1075
548 835
549 579
549 611
549 618
549 801
550 804
550 952
551 662
551 744
551 806
551 909
553 734
554 1417
555 634
555 786
555 851
555 914
556 716
556 800
556 816
556 948
556 967
558 710
559 666
559 759
559 775
559 971
559 1040
559 1108
559 1208
561 606
561 955
562 732
562 835
562 874
562 930
562 973
563 590
563 631
563 646
563 684
563 864
563 914
564 780
564 828
564 930
565 644
565 761
565 832
565 859
565 1648
566 608
566 763
566 843
566 846
566 1014
568 715
569 684
569 698
569 786
569 862
570 635
571 728
571 729
572 662
572 845
572 1118
572 1585
574 810
574 1032
574 1475
575 945
576 658
576 912
576 927
577 839
577 853
577 904
577 935
578 585
578 624
578 710
578 905
578 911
578 1014
579 1383
579 1501
579 1618
580 777
580 817
580 891
581 594
581 787
581 996
582 631
582 709
582 890
582 904
583 803
584 813
585 586
585 717
585 798
585 887
587 642
587 643
587 646
587 717
587 722
587 874
588 839
589 692
589 774
589 848
589 907
590 666
590 794
590 855
591 593
591 633
591 818
591 950
592 598
592 685
592 820
592 824
593 966
593 1007
594 604
594 845
594 957
594 995
595 755
595 1037
596 605
596 946
597 743
597 903
597 959
597 1006
599 741
599 755
599 761
602 828
602 920
603 604
603 819
603 945
603 1008
603 1015
604 610
604 693
604 714
604 725
604 730
604 809
604 927
605 692
605 846
605 922
605 966
605 1008
605 1014
606 689
607 629
607 643
607 813
607 855
607 1006
608 669
608 956
609 613
609 675
609 708
609 784
609 813
609 818
609 866
610 845
611 742
612 699
612 973
613 988
614 647
614 843
615 619
615 633
615 818
615 1353
615 1452
616 906
616 1091
616 1353
616 1476
617 685
618 910
619 623
619 630
619 762
619 872
620 905
621 624
621 727
621 810
621 986
622 647
622 691
622 832
622 909
624 727
624 937
626 843
626 937
626 986
628 677
629 634
629 643
629 844
629 913
630 633
631 825
631 853
631 864
634 643
634 734
634 913
636 646
636 670
636 874
636 879
636 884
636 920
636 930
636 932
636 1014
637 742
638 841
640 814
640 919
640 984
642 709
642 722
642 940
643 746
643 844
643 855
643 913
644 834
644 1648
645 652
645 657
645 709
645 953
646 829
646 844
646 886
647 768
647 939
647 942
648 714
648 892
648 943
649 686
649 705
650 793
650 850
651 1341
652 770
652 904
653 952
656 723
656 938
657 726
657 876
657 921
658 948
660 775
660 794
660 859
660 903
660 971
662 663
662 693
662 734
662 817
662 890
662 1119
662 1434
663 834
663 969
663 1330
663 1402
664 887
665 717
665 832
665 887
665 968
665 975
666 775
666 794
666 859
666 903
666 908
666 971
667 707
667 775
667 777
667 837
667 908
668 686
668 705
668 981
669 705
669 798
670 672
670 722
670 825
670 830
670 851
670 955
670 962
671 909
671 934
672 829
672 851
672 886
673 719
674 824
674 971
674 1238
675 708
676 745
676 767
676 934
676 973
677 765
677 965
678 784
679 774
679 800
679 888
679 894
679 984
679 997
681 854
681 939
681 1012
681 1171
682 737
682 952
683 686
683 788
683 982
683 1001
683 1201
683 1678
684 701
684 950
684 980
684 1013
685 1013
685 1287
685 1423
686 705
686 937
686 950
686 1368
687 1038
687 1178
688 753
689 768
689 903
689 948
689 1008
690 903
690 1483
691 744
691 824
692 900
692 937
693 869
693 876
693 935
693 1119
694 730
694 875
695 754
695 763
696 1446
699 820
699 906
699 991
700 703
701 829
701 950
701 988
702 789
703 903
704 778
704 824
704 1396
705 942
706 744
707 997
707 1226
708 750
709 711
710 748
710 810
711 877
712 812
713 765
713 892
714 772
714 889
714 957
714 1545
715 933
716 821
717 887
717 905
717 918
720 794
720 903
721 726
721 801
721 805
721 835
721 876
721 926
722 830
722 920
722 962
723 815
723 858
724 767
726 769
726 876
726 920
728 820
728 991
728 1007
729 734
729 931
730 751
730 797
730 929
730 939
730 945
730 979
731 801
733 965
734 927
735 1575
736 828
736 977
737 833
737 842
738 771
739 934
739 986
739 1012
740 858
740 868
740 870
740 948
741 937
741 987
741 1012
742 837
742 843
743 863
745 972
746 844
746 867
746 886
746 904
746 940
746 959
749 880
749 999
751 907
752 808
752 930
752 938
753 827
753 980
756 1001
756 1181
756 1201
756 1244
756 1268
756 1274
756 1280
757 850
761 822
761 824
761 917
762 910
762 1002
762 1007
763 765
763 813
763 843
763 846
763 931
765 773
766 956
767 806
768 965
769 874
769 880
770 864
770 893
770 926
770 1006
772 775
772 781
772 845
772 945
772 957
772 976
774 984
775 781
775 837
775 957
777 1009
779 823
779 847
779 901
779 1015
781 845
781 967
781 976
782 890
782 973
782 1176
783 946
784 866
784 965
785 964
787 868
787 990
787 996
788 1035
789 799
791 792
791 799
791 921
791 1095
791 1388
791 1508
792 799
792 1142
792 1277
793 850
794 797
794 820
794 824
794 859
794 991
794 1545
794 1610
795 873
795 988
796 866
798 804
800 816
800 894
800 984
800 997
802 804
802 941
803 835
803 874
803 879
808 920
808 930
809 814
809 922
810 856
810 969
811 848
811 891
811 1009
812 885
812 938
813 927
813 935
813 963
814 1006
816 894
817 901
817 965
818 824
818 950
818 975
819 931
820 822
820 824
820 862
820 1007
820 1286
822 1027
822 1454
822 1560
823 847
823 901
823 967
824 834
824 971
824 1238
824 1363
825 830
825 962
828 868
828 957
828 983
829 890
829 935
830 935
830 962
831 946
832 834
832 846
833 842
833 933
834 859
834 918
834 1396
834 1398
836 1425
837 848
837 859
837 883
837 971
837 1677
838 919
838 1006
838 1011
839 1011
842 923
843 846
844 851
844 913
844 914
845 973
845 976
845 999
846 936
847 901
848 907
848 1009
849 961
849 1145
850 957
852 963
853 864
853 886
853 904
854 994
854 1012
854 1015
855 883
855 913
856 969
856 1007
859 908
862 923
862 934
862 950
864 914
866 965
867 886
867 904
867 957
868 996
869 872
870 880
871 1000
872 885
873 988
874 879
874 880
874 973
874 1139
875 940
875 955
876 935
877 932
877 1000
878 888
879 882
879 1006
880 882
880 958
880 982
881 920
881 973
882 889
882 903
882 989
883 885
883 922
885 987
888 889
888 903
888 997
890 973
890 998
890 1000
894 997
895 957
896 984
902 920
903 922
903 995
903 1006
903 1008
906 988
906 1203
906 1420
906 1424
907 1011
908 1129
908 1427
909 975
909 1001
909 1217
909 1423
910 983
911 994
911 1088
913 914
914 995
914 1002
918 1005
919 984
919 1011
922 964
922 984
923 924
926 959
928 931
928 950
928 1007
930 999
937 986
938 964
939 979
940 987
942 969
943 1246
950 981
950 1013
952 980
953 993
957 976
962 967
973 1389
977 1357
978 982
979 1414
981 1353
984 997
990 996
991 1010
995 1088
996 1491
1001 1035
1001 1151
1001 1294
1001 1399
1001 1424
1001 1557
1005 1007
1012 1014
1016 1060
1016 1252
1016 1283
1016 1302
1016 1317
1016 1346
1016 1393
1016 1403
1016 1405
1016 1455
1016 1593
1016 1594
1016 1618
1017 1035
1017 1047
1017 1171
1017 1235
1017 1276
1017 1291
1017 1294
1017 1317
1017 1411
1017 1443
1017 1486
1017 1601
1018 1163
1018 1209
1019 1065
1019 1108
1019 1121
1019 1481
1020 1069
1020 1080
1020 1084
1020 1182
1020 1269
1020 1279
1020 1395
1020 1480
1020 1509
1020 1594
1020 1617
1020 1640
1020 1646
1020 1664
1021 1048
1021 1096
1021 1185
1021 1294
1021 1343
1021 1433
1021 1484
1021 1494
1021 1504
1021 1548
1021 1568
1021 1615
1021 1656
1022 1182
1023 1045
1023 1163
1023 1209
1023 1589
1024 1203
1024 1381
1024 1624
1024 1677
1025 1131
1025 1135
1025 1367
1025 1378
1025 1405
1025 1416
1025 1422
1025 1481
1025 1595
1025 1640
1026 1517
1027 1038
1027 1042
1027 1090
1027 1232
1027 1247
1027 1459
1027 1561
1027 1584
1027 1612
1027 1625
1027 1647
1028 1332
1028 1392
1028 1422
1028 1528
1028 1640
1029 1135
1029 1175
1029 1324
1029 1337
1029 1415
1029 1527
1029 1638
1030 1066
1030 1082
1030 1230
1030 1241
1030 1272
1030 1466
1030 1578
1030 1583
1030 1616
1031 1189
1031 1331
1031 1429
1031 1552
1031 1558
1031 1662
1031 1674
1032 1091
1032 1095
1032 1635
1033 1099
1033 1229
1033 1244
1033 1281
1033 1305
1033 1522
1033 1602
1034 1048
1034 1059
1034 1070
1034 1275
1034 1368
1034 1387
1034 1424
1034 1531
1034 1540
1034 1559
1034 1562
1034 1563
1034 1580
1034 1582
1034 1610
1034 1643
1034 1673
1035 1047
1035 1081
1035 1151
1035 1153
1035 1174
1035 1185
1035 1210
1035 1241
1035 1244
1035 1294
1035 1305
1035 1394
1035 1411
1035 1436
1035 1561
1035 1563
1035 1568
1035 1602
1036 1170
1036 1578
1037 1221
1037 1227
1037 1350
1037 1571
1037 1650
1038 1054
1038 1153
1038 1219
1038 1229
1038 1305
1038 1308
1038 1335
1038 1548
1038 1565
1038 1674
1039 1072
1039 1184
1039 1226
1039 1234
1039 1309
1039 1515
1039 1632
1040 1068
1040 1110
1040 1119
1040 1159
1040 1203
1040 1208
1040 1420
1040 1456
1040 1462
1040 1477
1041 1083
1041 1390
1041 1408
1041 1569
1042 1052
1042 1093
1042 1096
1042 1122
1042 1173
1042 1247
1042 1248
1042 1266
1042 1438
1042 1524
1042 1577
1042 1581
1042 1647
1042 1654
1043 1044
1043 1060
1043 1251
1043 1639
1043 1665
1044 1060
1044 1216
1044 1285
1044 1290
1044 1522
1044 1606
1044 1640
1044 1646
1045 1065
1045 1256
1045 1300
1045 1417
1046 1056
1046 1062
1046 1182
1046 1196
1046 1220
1046 1252
1046 1403
1046 1447
1046 1473
1046 1618
1046 1649
1046 1655
1047 1071
1047 1103
1047 1188
1047 1198
1047 1209
1047 1248
1047 1313
1047 1318
1047 1356
1047 1375
1047 1378
1047 1390
1047 1412
1047 1499
1047 1654
1047 1655
1047 1662
1048 1085
1048 1172
1048 1185
1048 1446
1048 1497
1048 1498
1048 1501
1048 1573
1049 1490
1050 1116
1050 1185
1050 1187
1050 1293
1050 1324
1050 1326
1050 1383
1050 1501
1050 1514
1051 1185
1051 1296
1051 1408
1051 1578
1052 1137
1052 1509
1052 1656
1052 1668
1053 1114
1053 1115
1053 1116
1053 1123
1053 1136
1053 1319
1053 1366
1053 1374
1053 1432
1053 1539
1053 1610
1054 1118
1054 1243
1054 1339
1054 1348
1054 1350
1054 1401
1054 1419
1054 1634
1054 1636
1054 1666
1055 1061
1055 1136
1055 1218
1056 1059
1056 1084
1056 1105
1056 1180
1056 1220
1056 1252
1056 1403
1056 1447
1056 1593
1056 1598
1056 1649
1057 1086
1057 1108
1057 1226
1057 1300
1057 1374
1057 1449
1057 1599
1057 1663
1058 1251
1058 1286
1058 1402
1059 1105
1059 1322
1059 1447
1059 1517
1059 1528
1059 1530
1059 1635
1060 1084
1060 1100
1060 1157
1060 1216
1060 1274
1060 1287
1060 1297
1060 1322
1060 1362
1060 1422
1060 1471
1060 1531
1060 1664
1060 1665
1060 1671
1061 1147
1061 1149
1061 1153
1061 1157
1061 1174
1061 1442
1061 1515
1061 1527
1061 1541
1061 1643
1061 1667
1062 1177
1062 1252
1062 1649
1063 1092
1063 1192
1063 1216
1063 1328
1063 1340
1063 1482
1064 1330
1064 1366
1064 1396
1064 1402
1064 1477
1064 1605
1065 1101
1065 1391
1065 1416
1065 1554
1065 1589
1066 1090
1066 1125
1066 1197
1066 1230
1066 1264
1066 1390
1066 1479
1066 1616
1067 1158
1067 1235
1067 1324
1067 1467
1067 1533
1067 1554
1068 1079
1068 1091
1068 1118
1068 1203
1068 1405
1068 1424
1068 1434
1068 1471
1068 1501
1068 1545
1068 1573
1068 1597
1068 1633
1069 1102
1069 1580
1070 1189
1070 1419
1070 1423
1070 1424
1070 1460
1070 1471
1070 1559
1070 1568
1070 1597
1070 1608
1070 1636
1071 1137
1071 1358
1071 1579
1072 1081
1072 1216
1072 1489
1073 1080
1073 1220
1073 1321
1073 1447
1073 1488
1073 1595
1074 1435
1074 1458
1074 1575
1074 1603
1074 1674
1075 1084
1075 1279
1075 1301
1075 1322
1075 1345
1075 1422
1075 1589
1075 1636
1075 1671
1076 1094
1076 1131
1076 1145
1076 1322
1076 1414
1076 1626
1077 1080
1077 1117
1077 1156
1077 1410
1077 1506
1077 1548
1077 1670
1078 1112
1078 1142
1078 1446
1078 1515
1079 1084
1079 1143
1079 1203
1079 1322
1079 1328
1079 1417
1079 1443
1079 1473
1079 1625
1080 1157
1080 1312
1080 1446
1080 1517
1080 1671
1081 1149
1081 1153
1081 1241
1081 1267
1081 1276
1081 1322
1081 1643
1082 1224
1082 1328
1082 1563
1082 1667
1083 1507
1084 1322
1084 1422
1084 1447
1084 1505
1084 1587
1084 1594
1084 1664
1084 1679
1085 1185
1085 1189
1085 1497
1085 1568
1086 1284
1086 1330
1086 1355
1086 1417
1086 1449
1086 1545
1086 1572
1086 1661
1087 1175
1087 1190
1087 1415
1087 1592
1088 1178
1088 1194
1088 1249
1088 1306
1088 1326
1088 1444
1088 1513
1088 1527
1089 1143
1089 1517
1089 1559
1089 1649
1090 1188
1090 1236
1090 1264
1090 1343
1090 1363
1090 1429
1090 1438
1090 1479
1090 1620
1091 1110
1091 1223
1091 1424
1091 1434
1091 1476
1091 1661
1092 1157
1092 1426
1092 1503
1092 1574
1092 1606
1092 1643
1093 1134
1093 1188
1093 1236
1093 1247
1093 1259
1093 1264
1093 1305
1093 1343
1093 1358
1093 1363
1093 1429
1093 1435
1093 1438
1093 1560
1093 1583
1093 1654
1094 1171
1094 1231
1094 1537
1094 1540
1094 1541
1094 1559
1094 1563
1095 1127
1095 1247
1095 1347
1095 1471
1095 1502
1095 1504
1095 1640
1096 1134
1096 1232
1096 1354
1096 1436
1096 1442
1096 1504
1096 1546
1096 1583
1097 1472
1097 1642
1098 1250
1098 1301
1098 1471
1098 1528
1098 1543
1098 1557
1098 1564
1098 1593
1099 1174
1099 1189
1099 1408
1099 1522
1099 1568
1099 1602
1099 1626
1100 1253
1100 1517
1101 1145
1101 1331
1101 1367
1101 1416
1103 1106
1103 1107
1103 1160
1103 1223
1103 1372
1103 1375
1103 1386
1103 1443
1103 1490
1103 1597
1104 1366
1104 1550
1105 1528
1105 1641
1106 1107
1106 1265
1106 1386
1106 1490
1107 1159
1107 1335
1107 1365
1107 1419
1107 1597
1108 1114
1108 1121
1108 1208
1108 1247
1108 1300
1108 1374
1108 1575
1108 1663
1109 1591
1110 1434
1111 1216
1112 1120
1112 1381
1112 1519
1112 1651
1113 1369
1113 1377
1113 1393
1113 1447
1113 1483
1113 1587
1113 1664
1114 1159
1114 1162
1114 1374
1114 1595
1115 1526
1115 1595
1115 1652
1116 1366
1116 1483
1116 1498
1116 1663
1117 1265
1117 1315
1117 1386
1117 1490
1118 1177
1118 1188
1118 1196
1118 1250
1118 1262
1118 1279
1118 1316
1118 1322
1118 1389
1118 1395
1118 1403
1118 1434
1118 1471
1118 1521
1118 1523
1118 1568
1118 1573
1119 1208
1119 1249
1119 1334
1119 1456
1119 1483
1119 1492
1119 1526
1120 1263
1120 1383
1120 1500
1120 1672
1121 1208
1121 1374
1122 1327
1122 1392
1122 1512
1122 1571
1122 1585
1123 1126
1123 1246
1124 1486
1124 1642
1125 1337
1125 1396
1125 1583
1126 1246
1126 1413
1126 1429
1126 1460
1127 1190
1127 1340
1127 1396
1127 1502
1127 1513
1127 1541
1127 1574
1128 1133
1128 1187
1128 1219
1128 1326
1128 1396
1128 1404
1128 1551
1129 1151
1129 1156
1129 1174
1129 1181
1129 1202
1129 1206
1129 1212
1129 1244
1129 1276
1129 1308
1129 1372
1129 1472
1129 1479
1129 1484
1129 1546
1129 1556
1129 1600
1130 1147
1130 1156
1130 1556
1130 1577
1131 1367
1131 1391
1131 1403
1131 1405
1131 1416
1131 1481
1131 1641
1131 1661
1132 1159
1132 1297
1132 1356
1132 1365
1132 1429
1132 1506
1134 1259
1134 1548
1135 1226
1135 1353
1135 1508
1135 1658
1136 1137
1136 1562
1137 1509
1137 1548
1138 1445
1138 1663
1139 1140
1139 1309
1139 1325
1139 1542
1139 1591
1140 1542
1140 1591
1140 1679
1141 1257
1141 1302
1141 1495
1141 1521
1142 1161
1142 1190
1142 1191
1142 1214
1142 1277
1142 1338
1142 1396
1142 1415
1142 1498
1142 1592
1142 1600
1142 1604
1142 1632
1142 1672
1143 1216
1143 1347
1143 1559
1143 1562
1144 1446
1144 1615
1145 1302
1145 1382
1145 1414
1145 1587
1146 1220
1146 1283
1146 1319
1146 1362
1146 1383
1146 1399
1146 1414
1146 1426
1146 1501
1147 1167
1147 1207
1147 1226
1147 1424
1147 1471
1147 1623
1148 1159
1148 1218
1149 1153
1149 1178
1149 1355
1149 1387
1149 1530
1149 1628
1150 1497
1151 1153
1151 1174
1151 1181
1151 1206
1151 1210
1151 1227
1151 1236
1151 1241
1151 1276
1151 1317
1151 1372
1151 1430
1151 1442
1151 1499
1151 1561
1151 1602
1151 1616
1153 1174
1153 1247
1153 1305
1153 1628
1154 1262
1154 1277
1154 1298
1154 1400
1154 1448
1156 1210
1156 1294
1156 1349
1156 1469
1156 1520
1156 1548
1156 1621
1157 1194
1157 1503
1157 1508
1157 1515
1157 1541
1157 1598
1158 1161
1158 1204
1158 1211
1158 1304
1158 1361
1158 1432
1158 1500
1158 1605
1159 1172
1159 1208
1159 1229
1159 1443
1159 1506
1159 1537
1159 1615
1159 1626
1159 1634
1159 1636
1161 1181
1161 1232
1161 1287
1161 1360
1161 1361
1161 1396
1161 1432
1161 1434
1161 1600
1162 1464
1162 1533
1162 1575
1162 1607
1163 1288
1164 1194
1164 1233
1164 1289
1164 1334
1164 1340
1164 1460
1164 1503
1164 1537
1164 1557
1165 1168
1165 1184
1165 1235
1165 1298
1165 1345
1165 1355
1165 1495
1165 1592
1165 1604
1165 1624
1165 1632
1166 1325
1166 1336
1166 1387
1166 1417
1166 1420
1166 1481
1166 1545
1166 1589
1166 1611
1166 1613
1167 1216
1167 1262
1167 1352
1167 1371
1167 1464
1168 1171
1168 1234
1168 1284
1168 1298
1168 1300
1168 1323
1168 1405
1168 1416
1168 1543
1168 1554
1168 1605
1169 1219
1169 1239
1170 1174
1170 1237
1170 1251
1170 1293
1170 1300
1170 1330
1170 1424
1170 1545
1170 1554
1170 1604
1170 1638
1171 1190
1171 1217
1171 1238
1171 1293
1171 1338
1171 1423
1171 1454
1171 1498
1171 1592
1171 1600
1171 1633
1171 1638
1172 1221
1172 1232
1172 1598
1172 1604
1172 1615
1173 1198
1173 1343
1173 1438
1173 1512
1173 1524
1173 1552
1173 1571
1173 1647
1174 1197
1174 1232
1174 1244
1174 1276
1174 1296
1174 1385
1174 1394
1174 1411
1174 1436
1174 1522
1174 1530
1175 1303
1175 1415
1175 1541
1176 1441
1176 1576
1176 1643
1176 1646
1177 1182
1177 1523
1177 1531
1177 1544
1177 1557
1177 1640
1177 1643
1178 1442
1179 1199
1179 1323
1179 1424
1179 1541
1179 1575
1179 1581
1179 1592
1179 1607
1181 1190
1181 1197
1181 1244
1181 1276
1181 1317
1181 1486
1181 1556
1181 1601
1181 1602
1182 1196
1182 1300
1182 1377
1182 1518
1182 1605
1182 1641
1182 1649
1183 1254
1183 1257
1184 1190
1184 1191
1184 1337
1184 1361
1184 1383
1184 1396
1184 1399
1184 1458
1184 1513
1184 1519
1184 1527
1184 1632
1185 1255
1185 1292
1185 1383
1185 1385
1185 1522
1185 1648
1185 1653
1186 1297
1186 1537
1186 1541
1186 1643
1186 1644
1187 1190
1187 1238
1187 1326
1187 1396
1187 1551
1187 1638
1188 1221
1188 1230
1188 1248
1188 1255
1188 1272
1188 1348
1188 1375
1188 1472
1188 1499
1188 1648
1189 1215
1189 1245
1189 1255
1189 1390
1189 1522
1189 1568
1189 1615
1190 1221
1190 1230
1190 1235
1190 1278
1190 1326
1190 1338
1190 1435
1190 1458
1190 1472
1190 1485
1190 1526
1190 1530
1190 1592
1190 1600
1190 1651
1191 1232
1191 1237
1191 1423
1191 1446
1191 1518
1191 1632
1191 1638
1191 1651
1192 1297
1192 1387
1192 1541
1192 1574
1193 1199
1193 1316
1193 1403
1193 1434
1194 1334
1194 1415
1194 1500
1194 1503
1194 1537
1195 1264
1195 1385
1195 1499
1196 1220
1196 1389
1196 1403
1196 1406
1196 1618
1197 1291
1197 1522
1197 1568
1197 1586
1197 1588
1197 1615
1198 1248
1198 1316
1198 1318
1198 1333
1198 1343
1198 1524
1198 1584
1198 1613
1198 1654
1198 1655
1198 1662
1199 1262
1199 1263
1199 1323
1199 1483
1199 1508
1199 1524
1201 1359
1201 1484
1201 1494
1201 1514
1202 1210
1202 1212
1202 1244
1202 1276
1202 1308
1202 1436
1202 1443
1202 1472
1202 1479
1202 1499
1202 1546
1202 1556
1203 1316
1203 1322
1203 1345
1203 1420
1203 1456
1203 1526
1203 1596
1203 1625
1204 1461
1205 1261
1205 1279
1205 1323
1205 1418
1205 1476
1205 1671
1206 1236
1206 1466
1206 1552
1206 1558
1206 1616
1206 1668
1207 1400
1207 1623
1207 1665
1208 1596
1209 1412
1209 1462
1210 1276
1210 1281
1210 1294
1210 1308
1210 1317
1210 1601
1210 1648
1211 1591
1212 1276
1212 1281
1212 1282
1212 1308
1212 1317
1212 1372
1212 1443
1212 1561
1212 1648
1212 1656
1213 1244
1213 1262
1213 1296
1213 1385
1213 1466
1213 1674
1214 1217
1214 1251
1214 1277
1214 1415
1214 1423
1214 1452
1214 1489
1214 1604
1215 1365
1215 1371
1215 1433
1215 1497
1215 1586
1216 1253
1216 1347
1216 1426
1216 1489
1216 1606
1217 1220
1217 1423
1217 1477
1217 1604
1218 1414
1219 1396
1219 1467
1219 1513
1219 1527
1220 1383
1220 1403
1220 1423
1220 1447
1220 1560
1220 1563
1220 1584
1220 1671
1221 1311
1221 1435
1221 1485
1221 1548
1221 1584
1223 1319
1223 1323
1226 1458
1226 1592
1227 1296
1227 1320
1227 1349
1227 1354
1227 1565
1227 1615
1227 1620
1228 1296
1228 1308
1228 1372
1228 1547
1229 1236
1229 1365
1229 1466
1229 1485
1229 1486
1229 1546
1230 1330
1230 1530
1230 1578
1230 1586
1230 1621
1231 1368
1231 1398
1231 1503
1231 1549
1232 1235
1232 1236
1232 1266
1232 1276
1232 1350
1232 1435
1232 1442
1232 1494
1232 1513
1232 1546
1232 1566
1232 1571
1232 1583
1232 1600
1232 1616
1232 1633
1232 1673
1234 1309
1234 1405
1234 1416
1234 1554
1234 1605
1235 1306
1235 1435
1235 1522
1235 1546
1235 1560
1235 1571
1235 1583
1235 1600
1235 1616
1236 1460
1236 1464
1236 1494
1236 1499
1236 1584
1236 1624
1237 1338
1237 1415
1237 1423
1238 1239
1238 1363
1238 1396
1238 1421
1238 1439
1239 1338
1241 1305
1241 1317
1241 1341
1241 1372
1241 1499
1241 1602
1241 1676
1242 1267
1242 1369
1242 1400
1242 1509
1242 1517
1242 1639
1242 1640
1242 1646
1243 1307
1243 1365
1243 1433
1243 1585
1244 1281
1244 1356
1244 1372
1244 1385
1244 1418
1244 1522
1244 1602
1244 1636
1245 1354
1245 1634
1245 1636
1245 1647
1246 1661
1247 1266
1247 1294
1247 1363
1247 1478
1247 1514
1247 1558
1247 1675
1247 1680
1248 1296
1248 1581
1248 1613
1248 1654
1248 1662
1249 1334
1249 1510
1249 1514
1249 1635
1250 1279
1250 1316
1250 1395
1250 1509
1250 1543
1250 1659
1251 1277
1251 1280
1251 1293
1251 1294
1251 1310
1251 1324
1251 1335
1251 1357
1251 1411
1251 1424
1251 1430
1251 1633
1251 1665
1251 1672
1251 1673
1251 1678
1252 1275
1252 1302
1252 1403
1252 1483
1252 1579
1252 1635
1252 1640
1252 1649
1253 1330
1253 1359
1253 1495
1253 1521
1253 1564
1253 1598
1255 1281
1255 1378
1255 1634
1255 1636
1255 1648
1256 1257
1256 1300
1256 1412
1256 1417
1256 1451
1256 1461
1256 1462
1256 1510
1256 1545
1256 1611
1256 1613
1257 1542
1258 1644
1259 1435
1259 1524
1259 1583
1259 1673
1260 1287
1261 1323
1261 1389
1261 1455
1262 1264
1262 1287
1262 1347
1262 1358
1262 1455
1262 1517
1262 1523
1263 1301
1263 1323
1263 1575
1263 1581
1263 1607
1264 1272
1264 1532
1265 1315
1266 1328
1266 1522
1266 1579
1267 1407
1267 1541
1267 1564
1267 1673
1267 1676
1268 1277
1268 1280
1268 1362
1268 1618
1268 1658
1268 1674
1269 1302
1269 1331
1269 1393
1269 1528
1269 1641
1270 1482
1271 1273
1272 1313
1272 1333
1272 1443
1272 1499
1272 1554
1273 1333
1273 1343
1273 1413
1273 1501
1273 1552
1273 1566
1273 1625
1274 1280
1274 1296
1274 1362
1274 1385
1274 1398
1274 1515
1274 1541
1276 1317
1276 1335
1276 1486
1276 1511
1276 1556
1276 1601
1276 1602
1276 1608
1277 1298
1277 1355
1277 1404
1277 1405
1277 1406
1277 1474
1277 1672
1277 1675
1277 1678
1278 1324
1278 1361
1278 1383
1278 1396
1278 1425
1278 1600
1278 1614
1278 1675
1278 1677
1279 1280
1279 1395
1279 1418
1279 1671
1280 1337
1280 1362
1280 1488
1281 1282
1281 1299
1281 1350
1281 1511
1281 1522
1281 1674
1282 1362
1282 1436
1282 1442
1283 1302
1283 1319
1283 1404
1283 1416
1283 1574
1283 1629
1284 1298
1284 1330
1284 1355
1284 1409
1284 1545
1285 1291
1285 1547
1286 1489
1287 1365
1287 1388
1287 1484
1287 1574
1288 1343
1289 1480
1290 1574
1291 1294
1291 1348
1291 1433
1291 1504
1291 1586
1292 1574
1293 1383
1293 1498
1293 1600
1294 1359
1294 1424
1294 1442
1294 1443
1294 1466
1294 1561
1294 1563
1294 1571
1294 1602
1294 1615
1294 1656
1294 1676
1295 1488
1295 1493
1295 1502
1295 1541
1295 1628
1295 1673
1296 1362
1296 1390
1296 1472
1296 1515
1296 1530
1296 1658
1297 1322
1297 1428
1298 1355
1298 1474
1298 1496
1298 1527
1298 1638
1298 1644
1299 1634
1300 1367
1300 1374
1300 1403
1300 1405
1300 1462
1300 1545
1301 1345
1301 1403
1301 1471
1301 1564
1301 1635
1301 1670
1302 1416
1302 1481
1302 1580
1303 1306
1303 1360
1303 1361
1305 1548
1305 1674
1306 1361
1307 1327
1307 1409
1307 1433
1307 1609
1308 1372
1308 1520
1308 1572
1308 1648
1310 1368
1310 1503
1310 1582
1312 1316
1312 1395
1312 1409
1313 1327
1313 1375
1313 1412
1313 1654
1316 1318
1316 1345
1316 1395
1316 1403
1316 1481
1316 1537
1316 1593
1316 1640
1317 1443
1317 1449
1317 1486
1317 1556
1317 1602
1318 1375
1318 1403
1318 1465
1318 1511
1318 1654
1318 1655
1318 1662
1319 1367
1319 1495
1320 1363
1320 1529
1320 1621
1321 1579
1322 1414
1322 1471
1322 1521
1322 1537
1322 1568
1322 1573
1322 1593
1322 1654
1323 1330
1323 1405
1323 1476
1323 1661
1324 1326
1324 1388
1324 1508
1324 1513
1324 1527
1324 1592
1324 1600
1325 1389
1325 1477
1325 1542
1325 1589
1326 1406
1326 1498
1326 1513
1326 1600
1327 1392
1327 1443
1327 1656
1328 1525
1329 1438
1330 1402
1330 1446
1330 1563
1330 1598
1331 1528
1331 1662
1332 1400
1332 1448
1333 1401
1333 1584
1333 1662
1334 1335
1334 1492
1334 1503
1334 1506
1335 1348
1335 1349
1335 1350
1335 1385
1335 1435
1335 1478
1335 1565
1336 1380
1336 1420
1336 1542
1336 1591
1337 1387
1337 1388
1337 1396
1337 1415
1337 1432
1337 1508
1337 1513
1338 1600
1338 1630
1339 1486
1339 1546
1340 1539
1340 1573
1340 1617
1340 1659
1341 1603
1341 1604
1343 1389
1343 1441
1343 1524
1343 1542
1343 1566
1344 1382
1345 1346
1345 1424
1345 1471
1345 1537
1345 1573
1346 1442
1347 1426
1347 1508
1347 1541
1347 1618
1349 1350
1349 1620
1350 1442
1350 1565
1350 1571
1350 1608
1350 1616
1350 1647
1352 1492
1352 1628
1353 1382
1353 1458
1353 1677
1354 1478
1354 1620
1355 1381
1355 1417
1355 1527
1355 1592
1355 1618
1356 1375
1356 1613
1356 1654
1357 1460
1357 1653
1358 1548
1358 1587
1358 1608
1359 1364
1359 1602
1360 1361
1360 1405
1360 1527
1360 1551
1360 1595
1360 1600
1360 1638
1361 1513
1361 1600
1362 1364
1362 1480
1362 1493
1362 1628
1362 1640
1362 1649
1362 1658
1362 1665
1362 1680
1363 1584
1363 1625
1364 1380
1364 1515
1364 1540
1364 1541
1364 1628
1365 1433
1365 1497
1365 1565
1365 1668
1366 1402
1366 1630
1367 1378
1367 1416
1367 1417
1367 1481
1367 1483
1367 1495
1368 1503
1369 1399
1369 1452
1369 1488
1369 1531
1369 1544
1369 1673
1370 1504
1371 1385
1371 1578
1371 1586
1371 1609
1372 1375
1372 1394
1372 1602
1373 1444
1373 1645
1374 1595
1374 1663
1375 1443
1375 1499
1375 1548
1375 1601
1375 1602
1375 1654
1375 1656
1375 1662
1376 1402
1376 1624
1376 1651
1377 1393
1377 1505
1377 1617
1377 1664
1378 1390
1378 1481
1378 1504
1378 1568
1379 1667
1381 1494
1381 1665
1383 1458
1383 1500
1383 1501
1383 1530
1385 1466
1385 1556
1385 1578
1385 1583
1385 1592
1386 1490
1387 1396
1387 1498
1387 1513
1388 1396
1388 1406
1388 1415
1388 1508
1388 1527
1388 1551
1389 1455
1389 1537
1390 1408
1390 1507
1390 1568
1390 1658
1391 1657
1391 1661
1392 1438
1392 1656
1393 1593
1393 1664
1394 1546
1394 1556
1394 1577
1395 1431
1395 1537
1395 1573
1395 1673
1396 1407
1396 1519
1396 1527
1396 1551
1396 1600
1396 1605
1396 1638
1397 1565
1397 1608
1397 1650
1397 1668
1397 1674
1398 1407
1398 1522
1398 1527
1398 1640
1399 1411
1399 1493
1399 1517
1399 1523
1399 1541
1399 1557
1399 1582
1399 1610
1399 1640
1399 1673
1400 1407
1400 1562
1400 1640
1400 1646
1401 1434
1401 1552
1401 1585
1402 1545
1402 1599
1402 1658
1403 1509
1403 1595
1403 1618
1403 1640
1403 1641
1403 1671
1404 1406
1404 1675
1405 1416
1405 1424
1405 1600
1405 1605
1405 1672
1405 1677
1406 1474
1406 1672
1406 1675
1407 1431
1407 1521
1407 1541
1407 1557
1407 1600
1407 1643
1407 1676
1408 1615
1408 1680
1409 1495
1409 1604
1411 1517
1411 1597
1411 1608
1413 1625
1414 1422
1415 1503
1415 1508
1415 1551
1416 1605
1416 1649
1417 1451
1417 1462
1419 1440
1419 1636
1420 1487
1420 1625
1420 1677
1420 1679
1421 1570
1422 1447
1422 1505
1422 1528
1422 1573
1422 1587
1422 1594
1422 1618
1422 1671
1423 1454
1423 1498
1423 1672
1424 1545
1424 1573
1424 1597
1424 1633
1425 1526
1425 1610
1425 1677
1426 1606
1427 1431
1427 1448
1427 1530
1427 1537
1428 1502
1428 1541
1428 1628
1429 1431
1429 1484
1429 1546
1429 1547
1429 1552
1429 1558
1429 1583
1430 1518
1430 1603
1430 1604
1430 1623
1431 1517
1431 1537
1431 1552
1431 1558
1432 1578
1432 1610
1433 1497
1433 1504
1433 1609
1433 1656
1435 1478
1435 1578
1435 1583
1435 1609
1436 1522
1436 1602
1439 1638
1440 1454
1440 1672
1442 1460
1442 1484
1442 1583
1442 1615
1442 1636
1443 1597
1443 1648
1443 1656
1444 1539
1444 1645
1445 1539
1446 1575
1446 1603
1446 1651
1446 1672
1447 1618
1447 1640
1447 1643
1447 1646
1447 1671
1448 1485
1448 1537
1448 1560
1449 1516
1449 1545
1449 1645
1449 1663
1451 1594
1451 1595
1454 1458
1454 1545
1455 1523
1458 1514
1458 1674
1459 1547
1460 1506
1460 1581
1460 1590
1460 1653
1461 1465
1461 1611
1461 1613
1461 1614
1461 1655
1461 1659
1462 1477
1462 1491
1462 1643
1464 1529
1464 1533
1464 1540
1464 1541
1464 1598
1465 1486
1465 1653
1465 1654
1465 1659
1466 1670
1467 1502
1471 1568
1471 1573
1472 1499
1472 1520
1472 1546
1473 1554
1474 1519
1474 1672
1474 1678
1476 1661
1477 1607
1478 1494
1478 1577
1478 1674
1480 1582
1480 1639
1480 1640
1480 1646
1480 1665
1481 1589
1481 1640
1481 1661
1482 1557
1483 1575
1483 1595
1483 1658
1484 1494
1484 1547
1484 1571
1484 1583
1484 1615
1485 1548
1485 1560
1485 1639
1486 1511
1486 1556
1486 1601
1486 1602
1486 1608
1488 1489
1489 1563
1489 1591
1489 1623
1492 1503
1492 1624
1494 1565
1495 1604
1497 1648
1498 1592
1498 1638
1499 1597
1500 1501
1500 1621
1501 1510
1501 1516
1502 1531
1502 1673
1503 1559
1504 1621
1504 1647
1504 1653
1504 1659
1505 1528
1506 1636
1506 1648
1506 1653
1507 1634
1507 1636
1508 1513
1508 1519
1508 1600
1508 1602
1509 1539
1509 1543
1509 1617
1510 1632
1510 1678
1511 1556
1512 1524
1513 1600
1513 1651
1515 1530
1515 1582
1515 1610
1515 1635
1516 1678
1517 1640
1517 1646
1517 1649
1519 1592
1522 1533
1522 1626
1524 1547
1524 1584
1524 1662
1526 1677
1526 1679
1527 1551
1527 1600
1528 1543
1528 1595
1528 1641
1529 1533
1530 1533
1530 1562
1531 1536
1531 1635
1533 1540
1533 1541
1533 1592
1533 1598
1534 1640
1535 1636
1537 1644
1539 1666
1540 1571
1540 1598
1540 1612
1540 1676
1541 1598
1541 1612
1541 1628
1541 1635
1541 1644
1541 1673
1541 1676
1542 1591
1543 1557
1543 1562
1544 1587
1545 1554
1545 1614
1545 1661
1546 1571
1546 1583
1547 1548
1547 1552
1547 1558
1547 1647
1548 1650
1551 1638
1554 1589
1554 1679
1556 1678
1557 1664
1558 1616
1560 1571
1560 1647
1561 1566
1561 1579
1561 1625
1561 1648
1562 1563
1562 1573
1563 1598
1563 1635
1564 1593
1564 1640
1564 1676
1565 1650
1565 1668
1565 1674
1566 1625
1566 1672
1567 1576
1568 1571
1568 1573
1568 1585
1568 1587
1568 1597
1568 1602
1568 1615
1568 1625
1569 1636
1569 1656
1571 1583
1571 1616
1571 1647
1571 1656
1573 1618
1574 1606
1575 1607
1578 1583
1578 1651
1578 1654
1578 1675
1579 1620
1580 1636
1582 1631
1584 1647
1586 1588
1587 1664
1589 1645
1590 1601
1592 1616
1594 1649
1597 1602
1598 1640
1599 1611
1600 1610
1601 1602
1601 1615
1601 1648
1602 1615
1602 1626
1603 1678
1606 1607
1606 1642
1606 1670
1607 1632
1608 1656
1609 1636
1610 1615
1611 1613
1611 1655
1613 1654
1613 1655
1614 1659
1614 1666
1615 1616
1617 1646
1618 1664
1618 1671
1620 1653
1623 1638
1623 1665
1624 1651
1625 1654
1627 1633
1627 1651
1633 1638
1633 1673
1634 1636
1640 1646
1640 1664
1641 1662
1646 1665
1654 1656
1654 1662
1655 1659
1655 1662
1662 1670
1665 1678
1672 1678
1673 1676
1675 1678
1677 1678
1678 1679
