#num-nodes
358
#num-links
1398
#links
1 2
1 14
1 43
1 252
2 6
2 11
2 12
2 46
2 67
2 86
2 87
2 114
2 145
2 157
2 218
2 223
2 240
2 252
2 273
2 274
2 312
3 171
3 255
3 270
3 355
4 139
4 225
4 278
4 287
4 309
4 327
4 350
5 141
5 185
6 43
6 84
6 114
6 240
6 252
6 273
7 12
7 20
7 37
7 120
7 162
7 208
7 244
7 283
7 285
7 310
7 325
8 75
8 85
8 91
8 149
8 287
8 301
8 309
8 350
9 143
9 156
9 254
9 284
9 304
10 31
10 100
10 303
11 47
11 60
11 67
11 68
11 74
11 85
11 157
11 185
11 273
12 52
12 68
12 120
12 208
12 234
12 241
12 302
13 18
13 63
13 66
13 213
13 228
13 230
13 234
13 258
13 308
14 43
14 114
14 145
14 157
14 164
14 272
14 285
14 296
15 19
15 21
15 54
15 98
15 130
15 148
15 169
15 173
15 264
15 329
16 26
16 35
16 61
16 208
16 230
16 323
17 42
17 65
17 68
17 80
17 92
17 174
17 200
17 246
17 262
17 290
17 294
17 302
17 313
18 103
18 108
18 111
18 113
18 135
18 258
18 266
18 272
18 279
18 349
18 354
19 21
19 30
19 54
19 104
19 130
19 131
19 148
19 169
19 173
19 174
19 233
19 264
19 271
19 329
19 340
20 68
20 355
21 30
21 98
21 131
21 219
21 233
21 264
21 329
21 340
22 56
22 83
22 112
22 126
22 150
22 193
22 203
22 214
22 266
22 352
23 35
23 226
24 222
24 326
25 85
25 97
25 160
25 168
25 237
25 281
25 301
25 339
26 73
26 195
26 250
27 96
27 132
27 186
27 332
28 69
28 155
28 161
29 48
29 111
29 132
29 157
29 164
29 186
29 223
29 238
29 240
29 285
29 332
30 98
30 233
30 264
30 271
31 84
31 116
31 137
31 195
31 233
31 285
31 296
31 312
32 51
32 68
32 159
32 180
32 239
32 245
32 265
32 334
32 355
33 64
33 71
33 99
33 320
33 342
34 49
34 117
34 121
34 127
34 146
34 151
34 184
34 206
34 295
34 317
34 328
35 66
35 230
35 234
36 49
36 85
36 129
36 140
36 227
36 290
36 349
36 352
37 45
37 73
37 106
37 107
37 150
37 163
37 175
37 181
37 310
37 330
38 71
38 196
38 289
38 309
38 314
39 42
39 53
39 90
39 115
39 176
39 181
39 245
39 283
39 325
40 47
40 74
40 259
40 303
40 315
40 357
41 124
41 182
41 232
41 244
41 299
41 343
42 65
42 92
42 140
42 174
42 236
42 246
42 262
42 313
42 325
42 337
43 74
43 158
43 164
43 240
43 252
44 45
44 111
44 175
44 187
44 193
45 56
45 65
45 102
45 106
45 175
45 181
45 192
45 251
45 263
45 269
45 285
45 290
45 330
45 344
45 352
46 157
46 252
47 67
47 85
47 111
47 132
47 145
47 164
47 332
48 84
48 238
48 252
49 62
49 70
49 85
49 88
49 94
49 97
49 109
49 139
49 196
49 227
49 242
49 249
49 280
49 281
49 301
49 319
49 345
49 346
50 82
50 116
50 298
51 53
51 68
51 125
51 171
51 215
51 221
51 265
51 355
52 125
52 175
52 334
53 115
53 248
54 96
54 104
54 130
54 148
54 169
54 173
54 216
54 219
54 233
54 247
55 66
55 122
55 128
55 140
55 204
55 243
55 318
56 72
56 83
56 112
56 126
56 155
56 193
56 203
56 204
56 251
56 266
56 344
57 130
57 183
58 59
58 96
58 117
58 123
58 216
58 229
58 288
58 311
58 336
58 341
58 347
59 60
59 97
59 117
59 147
59 220
59 222
59 277
59 281
59 284
59 311
59 347
60 70
60 117
60 147
60 216
60 220
60 258
60 277
60 295
60 311
60 319
60 346
61 78
61 90
61 124
61 182
61 203
61 232
61 239
61 323
61 334
61 343
62 70
62 144
62 152
62 196
62 281
62 309
62 314
62 319
63 122
63 128
63 199
63 204
63 210
63 228
63 234
63 235
63 243
63 356
64 129
64 320
65 80
65 83
65 154
65 200
65 290
65 300
66 172
66 230
66 234
66 306
66 335
66 356
67 157
67 158
67 240
67 273
67 285
67 296
68 74
68 159
68 171
68 180
68 239
68 355
69 102
69 142
69 161
69 251
70 89
70 93
70 94
70 151
70 160
70 196
70 207
70 216
70 275
70 280
70 281
70 319
70 345
70 346
71 85
71 129
71 190
71 309
71 328
71 342
72 107
73 118
73 305
74 259
74 303
75 97
75 261
75 320
75 339
75 350
76 87
76 115
76 124
76 170
76 181
76 244
76 283
77 143
77 153
77 165
77 243
77 284
77 304
77 307
77 316
78 87
78 124
78 202
78 204
78 221
78 331
78 343
80 142
80 154
80 174
80 193
80 267
80 290
80 352
81 104
81 184
82 116
82 274
82 298
83 155
83 161
83 171
83 204
83 344
83 355
84 100
84 137
84 157
84 170
84 195
84 197
84 198
84 252
84 285
84 303
85 91
85 139
85 149
85 309
85 345
85 350
86 117
86 147
86 157
86 184
86 238
86 268
86 312
86 317
87 170
87 244
87 334
88 136
88 196
88 327
89 137
89 144
89 195
89 196
89 223
89 275
89 280
89 281
89 346
90 115
90 182
90 203
90 213
90 216
90 232
90 245
90 246
90 282
90 283
90 343
91 149
91 309
91 321
92 156
92 174
92 200
92 246
92 256
92 262
92 267
92 290
93 207
93 261
93 301
93 319
93 320
93 328
93 339
93 342
94 166
94 188
94 319
94 345
95 122
95 128
95 135
95 204
95 213
95 228
96 117
96 123
96 147
96 216
96 220
96 222
96 286
96 311
96 341
96 347
97 149
97 152
97 261
97 281
97 320
97 339
98 131
98 169
98 173
98 233
98 329
99 166
99 342
100 137
100 141
100 145
100 157
100 195
100 198
100 285
100 293
100 303
100 338
101 212
102 142
102 179
102 313
103 108
103 111
103 113
103 188
103 258
103 272
103 279
103 349
103 354
104 130
104 148
104 169
104 211
104 219
104 233
104 329
105 141
105 297
105 318
106 150
106 175
106 188
106 189
106 192
106 269
106 344
107 108
107 188
107 269
108 113
108 175
108 258
108 269
108 272
108 279
108 308
108 349
108 354
109 166
109 314
109 321
110 205
110 257
110 334
110 343
111 113
111 188
111 238
111 240
111 272
111 349
112 193
112 203
112 214
112 248
112 251
112 266
113 124
113 135
113 142
113 175
113 199
113 228
113 258
113 260
113 272
113 279
113 306
113 331
113 349
113 354
114 137
114 186
114 197
114 273
115 162
115 171
115 178
115 232
115 245
115 246
115 255
115 270
115 302
115 325
115 337
116 158
116 164
116 186
116 244
116 259
116 273
116 315
116 326
116 332
116 351
116 357
117 123
117 147
117 184
117 206
117 216
117 220
117 275
117 277
117 286
117 288
117 295
117 311
117 317
117 322
117 338
117 341
117 347
118 120
118 230
118 260
118 305
119 155
119 179
119 294
120 205
121 127
121 146
121 301
121 345
121 350
122 128
122 199
122 201
122 204
122 210
122 213
122 228
122 235
122 308
122 324
122 356
123 184
123 206
123 222
123 311
123 312
123 317
123 322
123 328
123 341
124 181
124 182
124 188
124 203
124 232
124 244
124 282
124 299
124 306
124 343
125 334
126 142
126 150
126 203
126 214
126 266
127 151
127 280
127 328
128 140
128 204
128 210
128 213
128 228
128 279
129 194
129 227
129 252
129 328
130 148
130 169
130 247
131 173
131 219
131 326
132 186
132 213
132 240
132 272
132 332
133 212
133 217
133 304
133 338
134 156
134 179
134 256
134 267
135 203
135 213
135 234
135 266
135 335
135 349
136 225
136 261
136 287
137 157
137 268
138 141
138 293
138 338
139 143
139 149
139 276
139 309
139 319
139 350
140 210
140 213
140 243
141 284
141 285
141 293
141 304
141 338
142 155
142 161
142 163
142 174
142 175
142 195
142 198
142 294
143 153
143 304
143 316
144 196
144 309
145 189
145 195
145 268
145 272
146 206
146 227
146 328
147 184
147 206
147 216
147 220
147 222
147 288
147 295
147 317
147 322
147 347
148 169
148 173
148 233
148 247
148 264
148 329
149 215
149 285
149 301
149 309
149 319
149 350
150 161
150 187
150 276
150 344
151 301
151 319
151 328
152 207
152 281
152 301
152 309
152 319
152 339
152 345
152 346
153 165
153 217
153 304
153 307
154 251
155 162
155 193
155 290
155 300
155 344
156 256
156 267
156 316
156 344
157 160
157 164
157 223
157 238
157 240
157 244
157 263
157 285
157 288
157 296
157 326
158 238
158 285
158 297
159 180
159 181
159 193
159 198
159 239
159 288
159 290
159 333
159 334
159 344
159 352
159 355
160 345
161 187
161 189
162 181
162 244
162 246
162 299
162 325
162 335
163 294
163 305
164 186
164 223
164 238
164 240
164 259
164 288
164 332
168 289
169 173
169 247
169 264
169 329
170 244
170 283
171 239
171 270
171 325
171 355
173 288
173 295
174 185
174 200
174 246
174 256
174 290
174 294
174 313
174 324
175 188
175 189
175 192
175 198
175 269
175 272
175 334
175 344
176 181
176 245
176 283
176 334
177 232
178 246
178 255
178 270
178 302
178 337
179 199
179 256
179 290
179 330
180 181
180 299
180 310
180 341
180 347
181 182
181 188
181 244
181 253
181 283
181 330
182 232
182 331
182 343
184 206
184 229
184 295
184 322
185 357
186 259
186 332
186 351
186 357
187 189
187 192
187 269
188 208
188 269
188 283
189 285
189 330
191 215
192 269
192 283
192 308
192 352
193 203
193 251
193 266
193 344
194 249
194 261
194 320
195 238
195 240
195 252
195 268
195 296
195 345
195 357
196 207
196 227
196 281
196 319
196 346
197 285
197 311
198 338
199 202
199 235
199 306
199 331
200 250
200 256
200 267
200 290
200 313
200 318
201 213
202 204
202 331
203 214
203 266
203 335
203 343
204 228
204 234
204 235
204 349
204 356
205 239
205 248
205 307
205 334
206 229
206 231
206 275
206 295
206 317
206 322
207 216
207 280
207 346
208 218
208 294
210 213
210 226
210 228
210 235
210 241
210 324
211 295
212 224
212 254
212 304
212 316
214 266
214 285
214 308
214 310
214 330
214 334
215 248
215 288
216 280
216 286
216 288
216 295
216 319
216 346
216 347
217 304
218 227
218 239
218 344
219 326
220 222
220 286
220 311
221 257
221 282
222 229
222 231
222 295
222 317
223 240
223 244
223 259
223 273
223 274
223 275
223 303
223 315
223 345
223 351
224 226
225 278
225 287
225 327
226 254
226 284
226 318
228 234
228 257
228 279
228 318
228 349
228 356
229 317
229 322
229 336
229 341
229 347
230 234
230 241
230 308
230 324
231 275
231 295
231 326
232 244
232 299
232 343
233 247
233 264
233 271
233 329
233 340
234 349
234 356
235 291
235 308
235 324
237 339
238 332
238 357
239 307
239 355
240 259
240 332
242 332
243 291
244 259
244 283
244 315
244 325
245 246
245 255
245 257
245 325
246 262
246 270
246 290
246 313
246 325
246 337
248 288
248 337
249 289
249 309
249 320
249 328
251 285
252 268
252 272
252 315
253 308
254 276
254 284
254 304
254 307
254 316
255 257
255 265
255 270
255 313
256 267
256 313
257 295
258 279
258 349
258 354
259 274
259 303
259 315
259 351
260 323
260 349
261 301
261 320
261 328
262 290
262 313
263 285
263 330
263 352
264 295
266 335
266 344
269 344
270 298
270 302
270 337
271 340
272 296
272 354
274 318
274 338
275 277
275 288
275 311
275 322
276 344
276 352
278 287
278 327
279 331
279 349
279 354
280 319
280 346
281 301
281 311
281 345
282 315
282 343
283 343
284 304
284 316
285 310
285 330
286 288
286 311
286 347
287 327
287 350
288 311
288 341
288 347
290 313
291 356
293 303
293 338
295 317
295 322
295 326
299 325
301 309
301 331
303 357
304 342
305 323
306 331
306 349
307 355
309 345
310 330
311 341
311 347
314 321
315 351
317 322
319 345
319 346
320 339
325 335
325 337
326 336
326 344
328 342
329 340
331 349
331 354
332 351
333 337
334 337
335 343
335 344
336 347
338 348
338 351
339 348
340 342
341 347
345 346
349 352
349 354
