#num-nodes
828
#num-links
2578
#links
1 139
1 177
1 234
1 239
1 318
1 522
1 756
2 144
2 322
2 337
2 349
2 381
2 506
2 532
2 553
2 564
2 582
2 742
3 5
3 56
3 306
3 404
3 406
3 485
3 537
3 571
3 642
3 715
4 28
4 36
4 123
4 148
4 233
4 345
4 588
4 720
4 738
4 739
4 800
5 555
5 774
6 82
6 137
6 527
6 671
7 14
7 46
7 90
7 186
7 258
7 440
7 739
8 90
8 245
8 284
8 374
8 403
8 751
9 24
9 245
9 352
9 526
9 560
9 563
9 567
9 572
9 580
9 702
10 108
10 183
10 475
10 556
10 638
10 779
10 822
11 438
12 185
12 186
12 281
12 487
12 493
12 751
13 50
13 602
14 258
15 103
15 126
15 194
15 215
15 481
15 588
16 33
16 38
16 87
16 331
16 458
16 584
16 635
16 794
16 797
17 298
18 45
18 49
18 136
18 156
18 263
18 309
18 462
18 794
19 52
19 74
19 224
19 238
19 382
19 443
19 807
20 431
20 678
21 36
21 105
21 152
21 263
21 309
21 472
21 794
22 141
22 403
23 67
23 114
23 184
23 220
23 711
24 428
24 569
24 572
24 580
24 601
24 698
24 744
24 745
24 825
25 212
25 380
25 415
25 497
25 506
25 508
25 564
25 673
25 820
25 827
26 73
26 93
26 100
26 104
26 165
26 430
26 454
26 485
26 492
26 747
26 798
27 100
27 105
27 108
27 152
27 242
27 347
27 384
27 472
27 492
27 556
27 574
27 575
27 808
28 148
28 192
28 382
28 416
28 509
28 561
28 657
28 798
28 811
29 30
29 37
29 125
29 364
29 484
29 616
29 715
30 37
30 125
30 429
30 484
30 568
30 715
30 717
30 721
31 101
31 371
31 623
31 644
31 696
31 793
32 105
32 248
32 559
33 173
33 181
33 366
33 418
33 624
33 655
33 663
34 67
34 180
34 359
34 365
34 385
34 411
34 497
34 554
34 583
34 814
35 278
35 709
35 714
36 79
36 126
36 345
36 453
36 483
36 588
36 737
36 826
37 48
37 72
37 125
37 327
37 484
37 539
37 577
37 715
37 717
37 721
37 792
38 181
38 286
38 308
38 317
38 372
38 398
38 414
38 432
38 593
38 794
39 141
39 181
40 284
40 334
40 559
40 622
40 672
41 51
41 87
41 103
41 132
41 331
41 358
41 471
41 496
41 635
41 687
41 797
42 359
43 111
43 118
43 349
43 362
43 504
43 506
43 612
43 620
43 820
44 325
44 455
44 608
45 103
45 123
45 136
45 166
45 260
45 309
45 588
45 623
45 624
45 649
45 651
45 663
45 674
45 687
45 738
45 762
46 90
46 258
46 280
46 290
46 545
47 216
47 366
47 392
47 458
47 461
47 646
47 798
48 346
48 360
48 605
48 715
49 152
49 251
49 263
49 417
49 431
49 462
49 483
49 573
50 103
50 286
50 358
50 485
50 581
50 585
50 602
50 699
51 308
51 816
52 243
52 549
53 130
53 363
53 512
54 72
54 76
54 95
54 110
54 208
54 409
54 484
54 604
54 670
54 744
55 164
55 394
55 466
55 561
55 635
56 245
56 404
56 406
56 563
56 642
57 138
57 264
57 271
57 290
57 312
57 323
58 61
58 92
58 384
58 390
58 395
58 413
58 495
58 729
58 808
59 66
59 280
59 389
59 459
59 617
59 644
59 660
59 712
60 80
60 130
60 167
60 284
60 371
60 407
60 710
60 815
61 79
61 91
61 108
61 235
61 300
61 384
61 495
61 573
61 574
61 662
61 695
61 798
61 808
62 758
63 178
63 489
64 450
65 449
65 459
65 629
65 644
66 77
66 80
66 92
66 117
66 258
66 407
66 551
66 617
66 732
66 815
67 365
67 504
68 227
68 290
68 297
68 305
68 397
68 576
68 578
68 736
68 740
68 780
69 453
69 808
70 396
70 422
71 76
71 161
71 208
71 480
71 569
71 603
71 675
71 817
72 379
72 409
72 569
72 650
72 670
72 723
73 100
73 160
73 754
73 786
73 798
75 111
75 256
75 450
75 582
75 681
75 753
75 766
75 806
76 387
76 480
76 515
76 556
76 603
76 721
76 772
76 786
77 207
77 551
77 780
78 387
78 569
78 603
78 721
78 722
79 298
79 588
79 665
79 679
80 248
80 286
80 294
80 319
80 548
80 551
80 592
80 617
80 692
80 702
80 710
80 785
81 208
81 261
81 404
81 438
81 480
82 89
82 168
82 187
82 321
82 477
82 484
82 576
82 671
82 746
82 761
83 408
83 418
83 461
83 636
83 646
83 688
84 122
84 308
84 326
84 689
84 762
85 97
85 105
85 116
85 158
85 207
85 232
85 268
85 272
85 297
85 641
85 672
85 700
85 750
86 174
86 199
86 212
86 353
87 132
87 562
88 535
88 582
89 510
89 530
89 691
89 763
90 281
90 294
90 487
91 98
91 475
91 540
91 573
91 662
91 665
91 695
91 791
92 347
92 430
92 556
92 747
92 786
94 99
94 127
94 135
94 163
94 201
94 280
94 376
94 433
94 440
94 477
94 504
94 516
94 691
94 805
94 827
95 313
95 484
95 494
96 111
96 114
96 349
97 105
97 268
97 284
97 339
97 531
97 559
97 700
97 773
98 152
98 270
98 295
98 430
98 548
98 555
98 618
98 662
98 665
98 695
98 747
99 127
99 163
99 183
99 227
99 440
99 622
99 805
100 242
100 472
100 754
100 798
101 286
101 502
101 600
101 754
101 793
102 406
102 527
103 194
103 215
103 483
103 490
103 514
104 142
104 278
104 413
104 485
104 492
104 495
104 668
105 117
105 137
105 207
105 268
105 272
105 472
105 548
105 551
105 613
105 641
105 672
105 700
105 773
105 800
106 171
106 208
106 333
106 377
106 664
106 747
107 394
108 237
108 486
108 556
108 779
108 822
109 132
109 141
109 299
109 351
109 403
109 471
109 577
109 595
109 605
109 797
110 211
110 336
110 467
110 479
110 537
110 593
110 604
110 670
110 700
110 744
111 114
111 213
111 468
111 500
111 553
111 753
113 284
113 596
113 726
113 790
114 212
114 282
114 349
114 362
114 820
115 290
116 821
117 378
117 401
117 615
117 637
117 672
117 736
117 791
118 300
118 420
118 506
118 620
118 754
120 161
120 170
120 197
120 259
120 519
120 541
120 569
121 470
121 563
121 790
122 594
122 625
122 678
122 786
122 819
123 154
123 233
123 260
123 326
123 510
123 588
123 720
123 738
125 307
125 484
125 539
125 577
125 614
125 715
126 194
126 215
126 263
126 279
126 324
126 345
126 481
127 163
127 440
127 576
127 805
128 250
128 289
128 300
128 473
128 706
129 162
129 234
129 241
129 264
129 328
129 363
129 457
129 527
129 558
129 563
129 596
129 647
129 692
129 724
129 726
129 735
130 142
130 167
130 371
130 391
130 407
130 613
130 815
131 556
131 600
131 767
132 191
132 246
132 331
132 358
132 471
132 557
132 581
132 802
133 170
133 197
133 383
133 541
133 772
133 781
134 673
134 711
135 280
135 290
135 433
135 477
135 691
136 308
136 361
136 433
136 449
136 461
136 496
136 624
136 674
137 167
137 232
137 268
137 339
137 363
137 559
137 729
138 264
138 323
138 428
138 568
139 150
139 234
139 268
139 284
139 316
139 334
139 672
139 773
140 144
140 212
140 370
140 406
142 283
142 284
142 316
142 407
142 502
142 660
142 815
143 357
144 450
144 468
144 500
144 553
144 656
144 743
145 298
145 590
145 717
147 149
147 412
147 577
147 628
147 669
147 781
147 783
147 786
148 331
148 400
148 561
148 623
148 624
148 639
148 738
149 220
149 257
149 652
149 730
149 778
150 316
150 319
150 368
150 694
150 700
150 773
151 158
151 290
151 377
151 428
151 433
151 434
151 516
151 568
152 242
152 277
152 489
152 573
152 779
152 791
153 285
154 326
154 372
154 390
154 547
154 731
154 738
154 807
156 240
156 260
156 277
156 390
157 288
157 355
157 609
157 814
158 290
158 355
158 356
158 365
158 433
158 474
158 477
158 516
158 568
158 691
159 181
159 491
159 495
159 586
159 655
159 754
159 794
160 608
160 786
161 170
161 259
161 519
161 712
161 771
162 163
162 241
162 303
162 305
162 352
162 528
162 596
162 736
162 789
163 185
163 211
163 227
163 440
163 718
163 805
164 166
164 184
165 178
165 454
165 600
166 649
166 738
167 319
167 371
167 397
167 702
167 704
167 800
167 812
168 406
169 489
169 502
169 807
170 197
170 259
170 278
170 714
170 781
171 709
171 756
172 285
172 609
172 801
173 205
173 303
173 326
173 366
173 655
173 723
173 797
174 353
174 743
175 273
175 709
175 827
176 436
176 633
176 827
177 271
177 276
177 516
177 596
177 827
178 283
178 489
178 754
178 771
179 190
179 419
179 701
179 741
180 311
180 359
180 365
180 411
180 497
180 554
181 317
181 398
181 586
181 613
181 747
182 619
183 442
183 638
183 812
184 351
184 390
184 471
184 654
184 687
184 807
185 186
185 440
185 534
185 805
186 208
186 258
186 479
186 487
186 519
186 787
187 510
187 589
187 698
187 705
187 724
187 763
188 315
188 513
188 612
190 302
190 741
191 246
191 287
191 581
191 595
192 286
192 296
192 390
192 416
192 561
192 694
192 708
192 802
193 323
193 428
193 528
193 694
194 215
194 263
194 345
194 386
194 481
194 490
196 228
196 463
196 550
197 714
198 206
198 275
198 681
198 711
199 213
199 282
199 362
199 370
199 615
199 652
200 298
201 290
201 356
201 414
201 477
201 572
201 691
201 692
201 761
201 762
201 821
202 230
202 465
202 711
203 277
203 394
203 651
203 757
203 826
204 264
204 374
204 559
204 589
204 647
204 825
205 303
205 366
205 655
206 275
206 661
207 548
207 672
207 700
207 706
207 750
207 773
208 333
208 603
208 670
208 721
209 298
209 335
209 636
209 744
210 437
210 476
210 615
210 648
210 778
211 536
211 576
211 712
211 805
212 370
212 473
212 506
212 532
212 535
212 615
212 648
213 250
213 322
213 378
213 469
213 473
213 615
213 696
213 697
213 820
213 827
214 275
214 518
214 683
214 778
215 481
215 490
215 562
215 762
216 296
216 416
216 458
216 606
217 220
217 296
217 471
217 687
217 757
217 826
218 532
218 656
218 766
218 806
219 735
219 776
220 300
220 411
220 437
220 473
220 542
220 611
220 820
221 378
221 407
221 469
221 621
221 653
222 245
222 273
222 276
222 305
222 349
222 352
222 428
222 526
222 596
222 643
223 256
223 753
224 253
224 262
224 340
224 346
224 360
224 491
224 502
224 513
224 802
225 435
225 438
225 467
225 767
225 769
226 447
226 823
227 676
227 726
227 785
227 805
228 342
228 423
228 479
228 528
228 597
228 599
228 719
228 765
228 768
228 770
229 430
229 463
229 464
229 467
229 524
230 452
230 806
230 809
231 772
232 274
232 297
232 363
232 512
232 546
232 750
233 237
233 279
233 386
233 566
233 588
233 738
234 334
234 457
234 522
234 672
235 363
235 384
235 503
235 540
235 574
235 662
236 475
236 573
236 618
236 623
236 725
236 747
236 816
236 824
237 430
237 453
237 486
237 525
237 638
237 755
237 808
238 658
239 378
239 559
239 637
240 343
240 390
241 264
241 735
242 246
242 277
242 472
242 574
242 754
243 301
243 549
243 590
243 728
245 276
245 305
245 318
245 352
245 563
245 776
245 789
245 821
246 287
246 358
246 595
248 284
248 527
248 613
248 692
249 349
249 362
249 500
250 469
250 706
250 730
251 263
251 361
251 400
251 483
251 689
253 315
253 340
253 491
253 612
254 569
255 579
255 659
255 667
257 282
257 289
257 300
257 611
257 621
257 713
258 297
258 316
258 352
259 283
259 519
260 277
260 308
260 309
260 624
260 651
260 663
260 674
260 738
261 360
261 592
261 607
261 627
262 336
262 346
262 360
262 391
262 590
262 642
262 707
263 277
263 324
263 431
263 462
263 483
263 514
263 624
264 271
264 312
264 323
266 578
267 526
268 297
268 339
268 700
268 750
269 362
269 373
269 437
269 476
269 710
270 347
270 377
270 555
270 632
270 747
270 793
271 312
271 761
272 499
273 354
273 681
273 743
273 752
273 777
273 806
274 297
274 512
274 647
274 750
274 773
275 354
275 681
276 352
276 428
276 456
276 477
276 510
276 596
276 724
276 776
276 785
276 821
277 417
277 462
277 472
277 625
277 764
278 541
278 684
278 714
278 748
278 759
278 798
279 297
279 324
279 395
279 400
279 566
279 679
279 689
280 343
280 355
280 356
280 375
280 691
280 816
281 284
281 403
281 467
281 487
281 507
281 751
282 300
282 473
282 532
282 564
282 615
282 652
282 673
282 820
283 315
283 459
283 644
284 344
284 407
284 448
284 613
284 616
284 622
284 751
284 815
285 609
285 804
286 296
286 341
286 392
286 561
286 625
286 639
286 657
286 802
287 581
288 310
288 356
288 545
288 583
288 684
288 731
288 762
288 814
289 300
289 420
289 615
289 652
289 730
290 352
290 359
290 474
290 477
290 501
290 507
290 516
290 568
290 727
292 317
292 762
293 707
293 807
294 319
294 371
294 457
294 580
294 592
294 617
294 710
295 343
295 367
295 489
295 556
295 691
295 767
296 416
296 610
297 308
297 363
297 531
297 578
297 739
297 782
298 348
298 488
298 603
298 721
299 367
299 436
299 466
299 556
299 605
299 688
299 767
300 378
300 437
300 469
300 473
300 620
300 687
300 706
300 713
301 421
301 728
303 366
303 489
303 655
305 352
305 563
305 596
305 736
305 789
305 821
306 404
306 642
307 686
308 326
308 356
308 431
308 545
308 557
309 556
309 649
309 674
309 762
310 343
310 529
310 625
310 678
310 684
310 737
310 771
311 359
311 370
311 497
311 506
311 554
311 564
311 827
312 408
312 429
312 603
313 527
313 596
313 627
313 647
313 702
314 341
314 342
314 388
314 405
314 524
314 547
314 550
314 598
314 707
314 803
315 513
316 339
316 498
316 585
316 588
316 613
316 672
316 694
316 700
316 712
316 773
317 341
317 398
317 545
317 593
318 344
318 352
318 399
318 676
319 371
319 399
319 567
319 592
319 617
319 672
319 702
321 477
321 576
321 669
321 783
322 469
322 473
322 615
323 406
323 698
323 724
323 761
323 763
324 386
324 514
324 585
324 716
325 447
325 455
325 608
326 402
326 524
326 720
326 738
327 350
327 360
328 578
328 775
328 812
330 377
330 823
331 351
331 358
331 471
331 496
331 794
331 797
332 374
333 356
333 377
333 459
333 664
333 675
333 712
333 767
334 399
334 559
334 641
334 773
335 342
336 604
336 707
337 420
337 582
337 766
338 439
339 433
339 485
339 546
339 548
339 551
339 672
339 694
339 729
340 360
340 389
340 391
340 407
340 513
340 612
340 815
341 414
341 432
341 537
341 547
341 562
341 598
341 609
341 707
341 792
342 423
342 478
342 597
342 744
342 768
342 804
343 377
343 390
343 529
343 664
343 771
343 826
344 522
345 490
345 588
346 360
346 513
347 430
347 454
347 638
347 747
347 786
347 798
347 824
348 383
348 429
348 603
348 667
349 500
349 648
349 660
350 398
350 489
350 771
351 591
351 594
351 605
351 607
351 797
352 356
352 428
352 443
352 477
352 526
352 528
352 563
352 568
352 572
352 691
352 761
352 776
352 821
352 823
353 713
353 743
354 631
354 681
355 356
355 388
355 433
355 516
355 762
356 411
356 433
356 609
356 678
356 691
356 814
357 410
357 535
357 777
358 581
358 802
359 411
359 497
359 554
359 564
359 827
360 402
360 513
360 749
361 400
361 449
361 689
362 373
362 500
362 564
362 656
362 673
362 693
362 696
362 820
363 399
363 531
363 672
363 750
363 773
364 429
364 628
364 631
364 669
364 715
364 783
365 411
365 497
365 501
365 542
365 554
366 471
366 687
367 466
367 811
368 672
368 692
368 700
368 785
370 381
370 535
370 564
370 582
370 690
370 696
370 778
371 407
371 491
371 502
371 710
371 815
372 491
372 792
373 681
373 777
374 589
374 627
374 761
375 454
375 600
375 644
375 816
376 401
376 559
377 583
378 407
378 527
378 700
378 710
378 727
378 732
379 639
380 450
380 582
381 456
381 564
381 582
381 615
381 703
381 820
382 714
383 439
383 541
383 636
383 688
383 781
384 503
384 540
384 574
384 614
384 662
385 411
385 504
385 614
385 631
386 483
386 514
386 720
387 721
388 405
388 539
388 557
388 676
388 736
388 762
389 487
389 612
389 749
389 815
390 393
390 417
390 495
390 529
390 586
390 625
390 716
391 612
391 658
392 398
392 502
392 561
392 571
392 657
393 723
394 471
394 654
394 738
395 446
395 453
395 679
396 422
398 414
398 432
398 593
398 794
399 622
399 676
400 639
400 689
401 426
401 565
401 660
401 727
402 513
402 651
403 751
404 406
404 642
405 524
405 550
405 709
405 756
405 774
405 803
406 522
406 642
407 815
408 429
409 670
410 564
410 732
410 827
411 497
411 501
411 554
411 564
411 583
411 634
411 795
411 820
412 577
412 628
413 668
413 798
414 432
414 547
414 562
414 571
414 588
414 606
414 609
414 628
414 658
414 738
414 792
415 518
415 673
416 561
417 625
417 716
418 461
419 701
419 741
420 620
420 766
421 464
421 524
421 550
422 515
422 607
423 478
423 528
423 599
423 768
424 600
425 469
425 656
426 448
426 487
426 513
426 519
426 565
426 660
426 692
426 815
428 477
428 528
428 560
428 568
428 572
428 580
428 825
429 539
429 603
430 454
430 471
430 664
430 747
430 767
430 824
431 462
431 624
431 663
431 674
432 571
432 699
432 762
432 811
433 516
433 613
433 629
433 678
434 507
434 534
434 580
434 724
434 825
435 769
436 506
436 536
436 633
436 636
437 778
439 636
440 467
440 516
440 536
440 691
440 693
440 805
442 480
442 521
442 536
442 688
443 609
443 650
443 762
443 764
443 775
443 792
444 769
445 514
446 472
446 650
446 679
447 455
448 519
448 565
448 712
450 582
450 656
450 696
450 766
451 606
451 793
451 799
452 465
452 506
452 535
452 711
452 778
453 490
453 503
454 489
454 600
454 747
454 793
454 798
455 608
456 510
456 596
456 717
456 724
456 761
457 785
458 461
458 646
459 489
459 537
459 644
459 747
459 786
459 816
460 519
460 705
460 712
460 734
460 775
461 646
463 524
463 550
463 666
463 803
463 810
464 603
465 506
465 582
465 683
465 809
466 514
466 577
466 608
467 479
467 555
467 763
468 553
469 620
469 696
470 790
471 687
471 797
472 751
473 542
473 611
473 652
473 697
474 732
475 573
475 618
475 665
475 695
475 786
475 795
475 808
476 713
477 527
477 568
477 572
477 691
477 739
477 761
477 821
478 770
478 803
479 604
479 744
479 787
480 714
481 483
482 645
482 807
483 716
483 826
484 671
484 715
484 746
484 761
485 492
485 632
486 755
487 507
487 751
489 644
489 771
489 791
491 610
491 612
492 574
492 632
492 644
493 507
493 825
494 533
494 601
494 776
495 502
495 586
496 591
496 594
496 605
496 797
497 504
497 518
497 564
497 673
497 703
498 617
498 710
498 780
498 800
498 815
500 564
501 827
502 747
502 815
503 574
503 662
503 665
504 652
505 558
506 615
507 567
507 601
507 626
507 709
507 781
508 752
509 584
509 657
509 678
510 579
510 596
510 659
510 721
510 745
510 776
511 652
512 808
513 749
514 613
514 716
515 675
516 568
516 691
517 656
518 683
518 703
518 778
519 565
519 712
519 734
521 555
522 533
522 596
522 756
522 776
523 681
524 550
524 666
524 803
524 810
525 755
526 563
526 572
526 821
527 735
528 534
528 580
528 732
529 684
529 737
529 771
529 826
531 546
531 548
531 750
532 656
533 630
533 776
534 580
534 775
534 825
535 614
535 653
535 743
535 788
536 576
536 638
536 756
537 624
537 639
537 642
539 717
540 574
540 618
540 738
540 747
541 714
541 759
541 781
542 611
543 688
544 548
544 750
546 704
546 750
547 598
547 657
547 699
548 641
548 692
548 773
550 594
550 803
550 804
550 807
551 692
553 615
553 730
555 632
555 747
555 769
556 767
557 762
558 726
559 622
559 641
559 800
560 567
560 572
560 580
560 745
561 657
562 571
562 588
562 625
562 628
563 596
563 643
563 714
563 726
563 789
563 821
564 587
564 656
564 777
564 827
565 660
565 692
565 727
566 811
567 710
568 717
569 662
569 667
569 721
569 783
571 585
571 628
571 696
571 738
571 786
572 580
572 821
572 825
573 618
573 662
573 665
573 695
573 779
573 822
574 632
574 662
574 665
575 641
576 746
576 785
577 594
577 628
577 715
577 783
577 822
578 692
578 812
579 659
579 669
579 783
580 745
581 595
582 766
582 820
583 678
583 684
583 814
583 816
584 635
584 794
585 716
587 806
588 738
589 705
590 717
590 728
591 797
592 616
592 617
592 747
592 780
592 822
593 635
593 646
594 598
594 807
596 724
596 726
596 745
596 751
596 761
596 775
596 776
596 790
597 770
598 654
598 764
600 618
600 623
600 747
600 754
601 739
601 744
601 745
601 796
601 813
603 667
603 721
604 744
605 799
606 658
606 793
606 799
607 608
607 627
607 812
609 762
612 667
612 815
613 616
613 692
613 712
613 734
613 773
615 730
615 820
616 629
616 672
617 692
617 815
618 623
618 747
618 816
619 633
620 730
621 653
621 684
622 637
622 641
622 647
623 747
623 793
624 639
624 663
624 674
625 645
625 684
625 716
626 670
626 728
627 680
628 669
628 783
629 678
629 750
630 776
632 747
633 636
633 688
633 827
635 651
636 688
638 812
639 654
641 700
641 750
641 773
643 736
644 786
644 798
644 816
647 761
649 674
649 807
649 819
654 807
655 826
656 696
658 660
658 749
658 802
659 667
660 727
660 815
661 690
661 752
662 665
662 695
662 791
663 674
664 747
665 675
665 695
666 807
666 810
669 783
671 739
672 710
672 773
673 693
675 812
676 805
678 684
679 808
681 766
683 778
686 759
687 797
687 808
688 784
688 804
689 762
692 702
692 735
692 785
694 773
696 766
696 777
696 820
698 763
699 707
699 738
700 706
700 800
701 741
701 758
703 706
704 727
709 756
710 800
712 734
712 805
714 748
714 754
714 759
717 721
719 770
720 738
724 775
725 824
726 775
726 790
727 780
727 815
735 776
736 740
737 826
738 762
738 786
744 745
745 796
745 825
750 773
754 786
754 798
756 763
765 770
766 778
766 820
771 791
771 812
778 809
778 820
780 796
785 823
786 798
786 808
789 821
793 799
793 816
794 797
796 813
803 804
803 810
806 820
808 811
808 824
812 817
816 822
