#num-nodes
1514
#num-links
4932
#links
0 99
0 1389
0 1478
1 99
1 158
1 177
1 329
1 334
1 595
1 693
1 809
1 846
1 951
1 954
2 432
2 754
3 292
3 353
5 183
5 271
5 394
5 592
5 647
5 798
6 198
6 203
6 834
7 39
7 147
7 193
8 155
8 161
8 172
8 304
8 441
8 699
8 782
8 1070
9 78
9 386
9 687
9 693
9 726
9 760
9 860
9 861
9 915
9 1409
10 297
10 341
10 362
10 396
10 421
10 460
10 491
10 674
10 677
10 735
10 766
11 89
11 487
11 643
11 1470
12 44
13 489
13 590
13 603
14 30
14 66
14 184
14 187
14 213
14 264
14 679
15 304
15 586
15 678
15 792
15 892
16 73
16 165
16 392
16 429
16 462
16 631
17 689
17 694
17 793
17 960
18 406
18 585
18 653
18 785
18 945
18 1100
19 93
19 116
19 241
19 315
19 434
19 604
19 712
19 826
20 22
20 60
20 144
20 145
20 404
20 508
20 551
20 782
20 784
20 833
21 472
21 712
22 147
22 150
22 197
22 470
22 554
22 628
22 696
22 719
22 736
22 783
22 961
22 1070
22 1161
22 1211
23 196
23 718
23 814
24 460
24 785
24 815
26 32
26 757
26 836
26 877
26 1224
27 502
27 746
29 34
29 236
29 338
29 393
29 843
30 113
30 138
30 156
30 163
30 187
30 221
30 281
30 375
30 568
30 630
30 748
30 942
31 215
31 467
31 661
32 66
32 143
32 308
32 408
32 509
32 885
32 894
32 1306
32 1478
33 117
33 128
33 129
33 247
33 291
33 296
33 435
33 436
33 439
33 599
33 637
33 766
33 850
33 866
33 1250
34 87
34 133
34 196
34 234
34 236
34 331
34 338
34 418
34 496
34 612
34 622
34 890
34 891
34 929
34 1316
34 1395
35 58
35 144
35 353
35 473
35 617
35 717
35 747
35 770
35 820
35 847
35 874
37 366
37 534
37 578
37 807
38 828
39 219
39 321
39 422
39 649
39 817
39 846
39 847
39 852
39 902
39 1110
42 140
42 350
42 417
42 444
42 554
42 616
42 617
42 631
42 738
43 361
43 708
43 815
44 257
44 268
44 381
44 401
44 407
44 580
44 725
44 813
44 906
45 187
45 213
45 279
45 289
45 350
45 693
45 695
45 772
45 814
45 937
46 316
46 1062
46 1447
47 394
47 515
47 779
48 66
48 79
48 235
48 540
48 543
48 551
48 661
48 745
48 938
48 954
48 1409
49 694
49 724
49 875
50 61
50 63
50 210
50 245
50 366
50 446
50 660
50 724
50 777
50 1351
51 211
51 213
51 214
51 362
51 551
51 798
51 819
51 842
51 943
52 278
52 315
52 363
52 413
52 509
52 513
52 607
52 799
52 1236
52 1511
53 80
53 92
53 144
53 266
53 348
53 352
53 411
53 619
53 738
53 798
53 801
53 819
53 845
53 883
54 94
54 139
54 229
54 367
54 426
54 646
55 164
55 188
55 226
55 228
55 261
55 334
55 349
55 426
55 492
55 531
55 569
55 629
55 734
55 799
56 79
56 257
56 450
56 511
56 512
56 528
57 499
57 888
58 101
58 178
58 479
58 607
58 876
59 84
59 156
59 252
59 359
59 434
59 582
60 62
60 79
60 311
60 593
60 695
60 784
61 63
61 296
61 304
61 354
61 446
61 638
61 724
61 883
61 941
62 131
62 213
62 299
62 311
62 313
62 569
62 687
62 725
62 769
62 772
62 817
62 860
63 280
63 304
63 340
63 638
63 724
64 69
64 201
64 347
64 464
64 530
64 748
65 213
65 446
65 629
65 772
65 828
65 921
66 308
66 313
66 329
66 338
66 612
66 673
66 830
66 860
66 1070
66 1224
66 1306
67 76
67 182
67 339
67 539
67 662
68 167
68 168
68 277
68 279
68 367
68 383
68 394
68 525
68 752
68 830
68 842
69 100
69 463
69 630
69 787
70 434
71 161
71 282
71 285
71 466
71 681
71 945
73 583
73 736
74 84
74 515
74 524
74 528
74 597
74 598
74 740
74 798
75 127
75 178
75 344
75 736
75 797
75 925
76 182
76 545
76 605
76 766
77 391
77 776
77 854
77 856
77 904
77 906
77 946
78 177
78 298
78 366
78 583
78 707
78 915
79 177
79 237
79 257
79 279
79 311
79 445
79 462
79 509
79 1129
80 92
80 211
80 287
80 294
80 347
80 356
80 543
80 554
80 584
80 723
80 773
80 832
80 1491
81 198
81 221
81 376
81 1016
81 1039
81 1326
82 112
82 282
82 287
82 294
82 295
82 367
82 525
82 668
82 723
82 811
83 111
83 489
83 562
83 792
83 850
83 855
83 893
83 926
84 131
84 138
84 156
84 221
84 252
84 269
84 359
84 438
84 649
84 756
84 852
84 879
84 894
84 906
85 287
85 1057
86 148
86 439
86 478
86 525
86 586
86 723
87 329
87 331
87 568
87 671
88 90
88 357
88 400
88 565
89 241
89 324
89 331
89 750
90 176
90 565
90 594
90 682
90 865
90 898
91 467
91 478
91 586
91 613
91 765
91 873
91 957
91 960
91 1437
92 144
92 266
92 344
92 352
92 355
92 387
92 537
92 588
92 597
92 619
92 738
92 798
92 835
92 1088
92 1305
93 144
93 266
93 417
93 461
93 604
93 690
93 780
93 804
93 1466
94 164
94 201
94 295
94 331
94 614
94 635
94 653
94 750
94 800
94 838
94 866
94 899
94 1148
95 106
96 377
96 449
96 840
96 875
96 941
96 942
96 961
97 336
97 633
97 735
98 174
98 708
99 102
99 111
99 156
99 511
99 512
99 590
99 596
99 640
99 930
99 1247
100 170
100 360
100 361
100 410
100 463
100 630
101 144
101 153
101 390
101 404
101 483
101 617
101 1247
102 104
102 518
102 573
102 586
102 854
103 384
104 336
104 411
104 427
105 309
105 773
106 808
107 548
107 599
107 608
108 183
108 224
108 615
108 937
109 242
109 839
109 962
110 581
110 618
110 799
110 962
110 1310
111 125
111 252
111 489
111 590
111 591
111 1049
111 1155
111 1203
111 1448
112 152
112 446
112 646
112 657
112 668
112 811
113 286
113 331
113 398
113 531
113 750
113 921
114 962
115 456
115 488
115 546
115 609
115 625
115 661
115 679
115 716
116 132
116 218
116 289
116 313
116 322
116 375
116 506
116 603
116 891
116 1203
116 1317
117 139
117 174
117 291
117 297
117 362
117 453
117 454
117 455
117 531
117 605
117 661
117 703
117 828
117 893
118 433
118 481
118 516
118 604
118 890
118 891
119 201
119 476
119 524
119 525
120 211
120 227
120 518
120 557
120 569
120 661
120 686
120 772
120 832
120 908
120 918
120 991
121 150
121 228
121 520
121 551
121 608
121 610
121 615
121 801
121 914
121 1146
122 147
122 317
122 534
122 608
122 930
122 951
123 170
123 225
123 226
123 412
123 499
123 507
123 855
123 893
124 162
124 286
124 380
124 495
125 265
125 281
125 424
125 506
125 518
125 600
125 658
125 718
126 222
126 437
127 427
127 932
127 1022
128 152
128 217
128 271
128 282
128 304
128 429
128 436
128 535
128 581
128 637
129 232
129 429
129 494
129 751
129 881
129 958
129 959
130 391
130 533
130 604
130 747
130 847
131 156
131 252
131 257
131 285
131 289
131 403
131 489
131 649
132 293
132 424
132 671
132 719
132 902
132 988
133 187
133 329
133 338
133 418
133 460
133 673
133 677
133 836
133 860
133 890
133 894
134 244
134 1475
134 1481
135 148
135 295
135 392
135 584
135 681
135 790
135 1305
136 324
136 401
136 420
136 854
136 916
136 946
136 1096
136 1437
136 1466
137 401
137 420
137 430
137 471
137 720
138 233
138 513
138 562
138 747
138 852
138 863
138 890
138 912
138 1353
139 453
139 454
139 893
140 604
140 781
140 1163
141 162
141 542
141 668
141 704
141 781
141 789
142 305
142 315
142 330
142 642
142 732
142 765
143 184
143 187
143 362
143 405
143 437
143 586
143 811
143 917
143 1409
144 266
144 274
144 275
144 301
144 332
144 343
144 391
144 404
144 415
144 473
144 479
144 537
144 551
144 617
144 889
144 929
144 935
145 196
145 401
145 404
145 417
145 427
145 906
146 378
146 911
146 952
147 162
147 317
147 377
147 508
147 574
147 592
147 961
148 152
148 392
148 554
148 584
148 668
148 674
148 722
149 342
149 443
150 250
150 269
150 438
150 530
150 596
150 774
150 801
150 802
150 845
150 1069
150 1129
150 1148
151 155
151 300
151 305
151 498
151 507
151 521
151 694
151 888
151 905
151 950
152 320
152 525
152 574
152 657
152 697
152 723
152 811
153 551
153 756
153 906
155 161
155 275
155 465
155 656
155 950
156 189
156 252
156 359
156 527
156 607
156 649
156 665
156 728
156 1032
157 261
157 731
157 921
160 211
160 343
160 356
160 371
160 422
160 562
160 668
161 448
161 655
161 727
161 889
161 957
162 451
162 704
162 726
162 879
163 177
163 237
163 289
163 302
163 422
163 469
163 582
163 852
163 894
163 1203
164 168
164 188
164 261
164 383
164 435
164 441
164 585
164 795
165 367
165 585
166 642
166 732
166 828
167 231
167 815
168 261
168 340
168 367
168 383
168 543
168 668
168 879
168 920
169 429
169 752
169 811
169 957
170 839
171 426
172 385
172 393
172 803
173 225
173 300
173 521
173 823
173 932
174 287
174 334
174 349
174 708
174 771
175 313
176 400
176 565
176 810
177 187
177 313
177 469
177 693
177 745
177 756
177 809
177 826
177 890
177 902
177 915
177 990
177 1093
178 250
178 315
178 390
178 695
178 801
178 854
178 936
179 408
179 460
179 685
181 189
181 303
181 370
181 414
181 470
181 554
181 658
181 694
181 709
181 719
181 728
181 730
181 742
181 795
181 914
182 334
182 339
182 722
182 728
182 734
183 379
183 403
183 585
183 616
183 637
183 813
183 937
184 301
184 1125
184 1156
184 1201
185 513
185 990
185 1355
186 323
186 334
186 465
186 568
186 624
186 714
186 851
186 864
186 884
186 919
186 957
187 213
187 313
187 469
187 621
187 639
187 800
187 890
187 915
187 957
187 1355
188 226
188 261
188 269
188 492
188 629
188 799
189 206
189 252
189 612
189 626
189 665
189 709
190 231
190 256
190 258
190 281
190 493
190 878
190 959
190 1022
191 290
191 672
191 758
192 198
192 693
192 865
194 1368
195 490
195 611
195 647
195 833
195 858
196 233
196 234
196 267
196 354
196 393
196 418
196 436
196 490
196 596
196 638
196 687
196 699
196 806
196 858
196 874
196 1018
196 1209
196 1414
196 1451
197 243
197 717
197 830
198 201
198 318
198 346
198 394
198 454
198 557
199 221
199 1140
200 264
200 380
200 582
200 800
200 885
201 406
201 421
201 819
201 824
201 909
201 957
201 959
202 454
202 533
202 962
202 972
203 271
203 322
203 834
204 236
204 250
204 503
204 611
204 832
205 370
205 603
205 1049
206 329
206 468
206 469
206 693
206 852
207 263
207 693
207 1094
208 274
208 276
208 568
208 817
209 338
209 354
209 371
209 402
209 458
209 534
209 562
209 603
209 654
209 673
209 677
209 722
209 790
209 863
209 920
209 977
209 990
209 1094
209 1134
209 1152
209 1155
209 1203
209 1389
209 1397
209 1448
209 1511
210 249
210 250
210 405
210 568
210 597
210 624
210 647
210 793
211 347
211 832
212 1466
213 385
213 504
213 614
213 769
213 898
214 816
215 605
215 703
215 962
216 221
216 635
216 807
216 816
217 231
217 367
217 601
217 690
217 791
218 361
218 630
218 836
218 957
218 1365
219 321
219 649
219 654
220 271
220 333
220 334
220 364
220 593
220 801
220 808
220 1341
221 255
221 375
222 231
224 294
224 305
224 313
224 451
224 486
225 499
225 507
225 515
225 796
225 838
225 957
226 231
226 507
226 680
226 779
227 330
227 482
227 499
227 531
227 597
227 607
227 610
227 613
227 675
227 844
228 269
228 314
228 405
228 585
228 597
228 640
228 717
228 945
229 394
229 1492
230 261
230 522
230 601
231 287
231 699
231 785
232 312
232 313
232 399
232 409
232 693
232 792
233 321
233 398
233 399
233 495
233 602
233 710
233 721
233 764
233 881
233 882
234 236
234 267
234 393
234 418
234 433
234 533
234 709
234 843
234 850
235 236
235 334
235 405
235 433
235 657
235 795
235 852
235 884
235 945
236 266
236 267
236 338
236 418
236 443
236 496
236 535
236 553
236 612
236 619
236 622
236 835
237 285
237 443
237 745
238 292
238 717
239 241
239 269
239 323
239 373
239 435
239 478
239 759
240 424
241 265
241 292
241 483
241 617
241 631
241 759
241 770
242 300
242 324
242 498
242 515
242 656
242 789
242 939
243 274
243 319
243 774
243 891
244 402
244 626
244 908
245 455
245 522
245 710
245 748
245 821
245 942
245 950
247 341
247 367
247 373
247 583
247 674
247 686
247 731
247 802
247 836
247 850
247 866
248 250
248 354
248 404
248 411
248 554
248 615
248 774
248 840
248 876
248 1052
248 1465
249 295
249 344
249 554
249 722
249 840
249 845
249 875
249 884
250 515
250 653
250 730
250 770
250 891
250 941
251 417
251 633
251 692
251 845
252 359
252 398
252 440
252 607
252 822
253 462
253 506
253 509
253 551
253 679
253 749
253 877
254 455
254 631
254 1356
255 820
255 946
256 319
256 475
256 887
256 941
257 528
257 1213
257 1448
258 649
258 654
258 990
258 1213
258 1343
261 314
261 383
261 397
261 653
261 838
261 861
262 816
263 317
263 363
263 366
263 574
263 654
263 665
263 961
263 962
263 1247
263 1277
263 1375
264 267
264 289
264 291
264 392
264 468
264 1261
264 1353
265 281
265 528
266 332
266 348
266 352
266 404
266 415
266 461
266 537
266 619
266 647
266 738
266 798
266 845
266 933
266 935
266 1088
266 1305
267 329
267 393
267 418
267 443
267 602
267 612
267 800
267 806
267 846
267 881
267 890
268 276
268 466
268 542
268 653
268 742
268 877
268 1207
269 324
269 438
269 596
271 362
271 364
271 371
271 394
271 674
271 832
274 275
274 276
274 789
274 889
274 932
274 935
275 468
275 888
275 889
275 950
275 1157
276 319
276 568
276 932
277 433
277 615
277 668
277 742
277 851
277 889
278 402
278 562
278 926
278 930
279 460
279 698
279 704
279 817
279 859
279 894
279 915
279 1110
280 845
281 414
281 658
282 466
282 551
282 637
282 653
282 681
282 752
282 784
282 1207
283 341
283 396
283 418
283 522
283 637
283 657
283 731
283 850
283 851
284 418
285 334
285 380
285 445
285 524
285 614
285 643
285 679
285 681
285 825
285 1321
286 320
286 371
286 374
286 445
286 495
286 548
286 569
286 720
286 805
286 930
287 294
287 664
287 711
287 754
287 791
287 817
287 1062
288 369
288 499
288 567
288 605
288 675
289 397
289 562
289 658
289 679
289 833
289 871
289 1014
289 1234
290 291
290 334
290 453
290 758
291 349
291 350
291 445
291 701
291 768
291 771
291 828
292 617
292 770
292 867
293 603
294 736
294 868
295 373
295 583
295 646
295 653
295 657
295 681
295 694
295 743
295 750
295 752
295 785
295 811
295 915
295 945
296 774
296 811
297 320
297 362
297 454
297 545
297 735
298 385
298 760
298 934
299 769
299 772
299 902
300 467
301 928
302 528
302 802
302 820
302 908
303 370
303 373
303 551
303 728
303 742
304 397
304 433
304 435
304 516
304 535
304 553
304 558
304 570
304 577
304 609
304 742
304 762
304 815
304 858
307 439
308 364
308 371
308 394
308 402
308 557
308 673
308 677
308 830
308 846
308 860
308 861
308 967
308 1346
309 491
309 773
310 988
311 400
311 661
311 725
311 921
312 439
312 513
312 718
312 763
313 693
313 769
313 860
313 881
313 890
313 921
313 969
314 369
314 416
314 585
314 646
314 693
314 785
314 811
314 863
314 988
315 317
315 427
315 642
315 794
315 1236
316 877
317 377
317 574
317 937
317 961
318 550
318 658
318 672
318 701
319 420
319 750
319 774
319 1368
320 341
320 369
320 421
320 467
320 505
320 585
320 624
320 694
320 722
320 731
320 735
320 795
320 809
320 893
321 729
322 564
322 626
322 719
322 797
322 1203
323 373
323 515
323 759
324 387
324 409
324 609
324 667
324 808
324 875
324 904
324 1076
325 488
325 686
325 902
329 334
329 693
329 800
329 803
329 806
329 836
329 843
329 894
329 978
330 482
330 586
330 631
330 775
330 793
330 809
330 828
331 334
331 506
331 527
331 554
331 586
331 588
331 631
331 750
332 343
332 362
332 397
332 404
332 537
332 647
332 782
332 845
332 858
332 872
332 884
332 929
333 334
333 338
333 348
333 364
333 371
333 394
333 499
333 540
333 607
333 610
333 849
333 1157
334 349
334 539
334 607
334 610
334 618
334 728
334 750
334 893
334 1255
334 1343
335 1451
336 411
336 798
336 842
336 906
337 662
338 363
338 393
338 489
338 540
338 612
338 792
338 846
338 849
338 852
338 1060
338 1395
339 531
339 613
339 618
339 722
340 598
340 920
340 1088
341 362
341 367
341 421
341 469
341 668
341 731
341 842
341 850
341 933
342 443
342 472
342 565
342 709
342 715
342 728
342 739
343 353
343 391
343 411
343 468
343 798
343 842
343 933
343 1370
344 348
344 595
344 706
344 740
344 840
344 845
344 858
344 941
344 973
345 543
345 653
345 701
346 543
346 568
347 355
347 389
347 464
347 542
347 573
347 716
347 832
348 633
348 647
348 738
348 798
348 883
348 933
349 453
349 454
349 586
349 597
349 598
349 635
349 851
350 392
350 393
350 596
350 871
350 1052
350 1148
350 1393
352 619
352 801
352 835
352 845
352 850
352 961
353 410
353 707
353 717
353 747
353 770
353 823
353 847
353 874
353 935
354 355
354 392
354 435
354 468
354 584
354 699
354 777
354 785
354 811
354 821
355 464
355 468
355 573
355 586
355 588
355 675
355 750
355 900
356 701
356 752
357 642
357 656
358 503
358 527
358 784
358 816
358 936
359 476
359 477
359 506
360 570
360 941
361 410
361 486
361 630
361 755
361 768
361 839
362 453
362 545
362 845
362 847
363 394
363 406
363 412
363 562
363 596
363 603
363 673
363 685
363 722
363 756
363 800
363 920
363 1134
363 1155
364 371
364 394
364 504
364 582
364 595
364 673
364 677
364 849
364 885
365 386
365 447
365 473
365 536
365 597
365 770
365 840
365 854
366 915
366 1045
366 1371
367 418
367 421
367 448
367 535
367 637
367 653
367 727
367 731
367 850
367 929
367 942
367 1011
368 1061
368 1124
368 1159
369 430
369 675
369 793
369 839
370 424
370 470
370 748
371 394
371 504
371 555
371 582
371 602
371 673
371 677
371 756
371 849
371 885
373 535
373 553
373 599
373 609
373 687
373 759
373 762
373 763
375 413
375 596
375 930
375 937
375 1465
376 671
377 637
377 679
377 801
377 961
378 460
378 810
378 865
379 661
380 582
380 1098
381 746
383 543
383 653
383 680
384 754
384 872
385 393
385 817
385 836
385 849
386 559
386 611
386 678
386 687
386 693
386 901
387 404
387 415
387 555
387 569
387 615
387 617
387 795
387 840
387 883
388 682
388 911
389 872
389 875
390 404
390 483
390 551
390 635
390 674
391 742
391 747
391 782
391 847
391 874
392 573
392 584
392 722
392 869
393 533
393 687
393 721
393 826
393 836
393 843
394 679
394 750
394 765
394 842
394 920
395 455
395 499
395 796
395 844
396 448
396 525
396 727
396 731
397 440
397 461
397 546
397 550
397 597
397 832
397 1014
397 1230
397 1317
398 795
399 403
399 495
399 504
399 602
400 565
400 682
400 715
400 739
400 787
400 1083
401 597
401 611
401 786
401 842
401 879
401 883
401 915
401 921
401 1154
401 1437
402 457
403 416
403 457
403 602
403 616
403 670
403 709
403 742
404 617
404 782
404 912
405 514
405 605
405 657
405 703
405 893
405 945
406 569
406 574
406 749
406 962
407 746
408 419
408 494
408 622
408 687
408 720
408 757
408 1047
409 419
409 512
409 931
410 1150
410 1365
411 524
411 588
411 629
411 683
411 782
411 798
411 854
411 884
411 935
411 1446
412 499
412 531
412 609
412 722
412 893
413 629
413 908
413 926
413 1446
414 453
414 609
414 762
414 881
414 1248
415 417
415 447
415 471
415 647
415 804
415 939
416 863
417 804
418 800
418 806
418 809
418 812
418 849
418 1018
418 1409
419 880
421 469
421 535
421 542
421 668
421 699
421 731
421 732
421 850
421 889
421 969
421 1154
422 559
422 568
422 597
422 615
422 1144
422 1156
422 1201
424 439
424 759
425 576
426 467
426 580
426 625
427 932
428 563
429 644
429 753
429 920
430 467
430 471
430 548
430 550
430 553
430 888
431 1094
431 1236
431 1340
432 514
432 672
432 828
432 958
433 542
433 812
433 850
433 890
435 457
435 496
435 542
435 586
435 588
435 590
435 602
435 711
435 1018
435 1110
436 554
436 744
436 811
436 822
436 845
436 876
437 678
438 458
438 534
438 596
438 640
438 673
438 842
438 879
438 926
439 566
439 705
439 736
440 539
443 505
443 562
443 709
443 812
443 814
443 871
443 1076
444 639
444 783
444 861
444 867
445 548
445 550
445 606
445 637
445 679
445 1312
446 468
446 763
446 766
446 821
446 929
447 471
447 592
447 608
447 647
448 637
448 655
448 727
448 731
448 889
449 479
449 490
449 680
449 793
449 1312
450 477
450 506
450 528
450 596
450 986
451 576
451 577
451 598
451 680
451 726
451 872
453 454
453 758
454 567
455 498
455 499
455 515
455 756
455 844
455 914
457 602
457 802
458 489
458 534
458 860
458 890
458 926
459 871
460 480
460 652
460 874
461 490
461 611
461 738
461 762
461 783
461 833
461 900
461 936
462 614
462 626
462 774
462 817
462 915
462 988
462 1110
462 1198
463 652
464 664
464 841
464 1203
465 610
465 618
465 884
465 939
466 571
467 795
467 796
467 851
467 914
467 940
468 588
468 668
468 804
468 814
469 562
469 673
469 677
469 679
469 800
469 894
469 956
470 660
470 719
470 730
472 690
472 709
472 761
472 810
473 747
473 770
473 900
473 992
476 626
476 881
476 886
477 863
478 515
478 723
478 759
478 777
478 799
478 839
478 960
478 962
479 663
479 953
481 726
482 580
482 598
482 610
482 943
483 597
483 730
484 598
484 678
484 925
485 694
485 734
487 938
488 571
489 527
489 590
489 596
489 602
489 654
489 894
489 937
489 1049
489 1203
489 1346
489 1446
489 1466
490 647
490 782
490 900
490 936
490 953
491 528
491 834
491 923
492 794
492 902
493 832
493 1072
494 541
494 792
494 1203
495 600
495 764
496 601
496 1395
497 687
499 545
499 605
499 844
499 855
500 513
501 539
501 752
501 851
503 579
503 747
503 923
503 936
503 1076
504 509
505 567
505 656
505 675
505 893
505 953
505 1076
506 526
506 551
506 600
506 626
506 722
506 912
506 939
506 1045
506 1069
506 1247
507 521
507 708
507 788
507 793
507 893
508 784
508 794
508 961
508 1446
509 783
509 885
509 890
509 892
509 894
509 926
509 937
509 1069
510 1079
511 649
511 1049
511 1397
512 559
512 649
512 906
512 1049
513 590
513 597
513 891
514 689
514 763
514 799
514 846
514 905
514 907
515 522
515 527
515 610
515 662
515 799
516 577
516 652
516 704
516 705
516 707
516 827
516 868
517 763
517 765
518 772
518 1327
518 1389
520 551
520 823
521 606
521 793
521 796
521 883
521 914
521 960
522 525
522 615
522 710
522 841
522 905
522 913
523 566
523 656
523 711
523 815
523 959
524 608
524 854
525 791
525 794
525 815
525 827
525 1491
526 1365
527 554
527 618
527 630
527 869
528 863
529 839
529 1327
530 1070
531 555
531 722
531 723
531 789
531 799
531 838
531 893
531 942
533 709
533 890
534 640
534 673
534 674
534 926
534 930
535 540
535 553
535 581
535 601
535 637
535 653
535 655
535 731
536 622
536 826
536 1161
536 1163
537 619
537 656
537 738
537 845
537 929
537 1070
537 1088
539 624
539 714
539 752
539 850
539 919
539 962
539 1127
539 1340
540 569
540 612
540 765
540 893
541 642
541 732
542 608
542 637
542 640
542 647
543 742
543 815
543 905
544 934
545 585
546 661
547 548
548 550
548 679
548 720
548 1321
548 1369
549 555
549 1494
550 555
550 724
550 783
550 791
550 794
550 945
551 679
551 765
551 784
551 804
551 883
551 1465
553 699
553 762
554 631
554 730
554 816
554 832
554 883
554 905
554 926
554 1052
554 1255
554 1346
555 556
555 906
557 589
557 643
557 797
557 910
559 804
562 596
562 603
562 658
562 683
562 686
562 790
562 880
562 891
563 642
563 888
564 746
565 682
565 810
565 865
566 601
566 678
566 711
566 959
567 605
567 610
567 675
567 855
567 893
567 955
568 700
568 760
568 800
568 843
568 881
569 730
569 933
569 1127
570 754
571 601
571 655
571 678
571 826
571 889
571 901
572 863
572 1032
573 711
573 821
573 832
574 640
575 817
575 1355
576 577
576 958
577 621
577 690
577 705
577 726
578 779
578 799
579 1397
580 1193
581 637
581 657
582 756
582 849
582 852
582 885
583 585
583 653
583 864
583 875
584 606
584 869
585 646
585 735
585 795
585 811
586 613
586 642
586 675
586 847
588 608
588 798
588 809
588 883
588 893
589 831
590 891
591 952
592 607
592 608
592 647
592 921
592 939
592 945
592 953
593 808
594 712
594 715
594 865
594 898
595 845
595 1316
596 597
596 665
596 790
596 1235
597 681
598 610
598 839
599 762
599 818
599 897
599 947
600 652
601 655
601 678
601 837
602 742
602 782
603 774
603 790
603 891
604 617
605 675
605 703
605 855
605 893
606 754
606 960
607 610
607 624
607 662
607 809
607 875
607 888
607 893
607 925
607 953
608 647
608 925
609 615
609 762
609 845
610 728
610 804
610 858
610 893
611 635
611 644
611 687
612 800
612 809
612 846
612 1316
612 1395
612 1464
613 618
613 873
613 895
613 957
614 671
614 679
614 749
614 916
614 920
614 938
614 939
615 674
615 801
615 840
615 883
616 861
616 1036
617 738
617 1094
617 1247
618 646
618 884
618 890
618 957
619 738
619 790
619 835
619 1305
621 905
622 687
622 843
623 662
624 714
624 851
624 919
624 1127
626 749
626 908
627 1049
628 784
628 1446
629 799
629 884
629 1446
630 768
630 771
631 780
631 790
631 819
631 883
631 1356
633 933
634 712
634 817
634 1057
634 1248
635 748
635 816
635 899
635 907
637 655
637 657
637 727
637 809
637 819
637 889
638 699
638 705
639 776
639 861
639 867
640 862
640 872
640 926
640 930
640 1155
640 1203
642 732
642 953
643 797
644 845
645 1261
646 653
646 657
646 811
647 738
647 782
647 798
647 816
647 833
647 858
652 704
652 705
653 657
653 731
653 824
653 1353
653 1389
654 885
654 930
655 727
655 747
655 821
655 864
655 889
655 915
656 866
656 939
656 942
656 1255
657 668
657 731
657 743
657 821
658 906
659 826
659 1045
661 954
661 955
662 888
662 953
663 1248
664 756
665 670
665 671
665 715
665 719
665 726
665 745
665 1158
665 1187
665 1263
667 726
668 681
668 731
668 811
668 842
668 920
668 956
670 756
670 868
670 904
671 718
672 899
673 677
674 808
674 1366
675 790
675 855
675 893
675 955
676 828
676 940
677 790
677 809
677 830
677 890
677 894
678 711
679 720
679 866
679 960
679 1312
680 1209
681 945
682 865
683 782
683 798
684 962
685 702
685 922
686 902
686 1343
687 757
687 843
687 861
687 881
687 1018
688 941
689 734
690 705
690 815
690 897
692 695
692 760
692 813
693 700
693 745
693 763
693 890
693 952
694 734
695 808
695 813
695 921
695 936
697 700
698 1481
699 883
699 889
699 909
700 890
700 894
701 886
702 845
702 901
703 855
703 893
704 707
704 716
704 815
704 1255
704 1481
705 785
706 717
706 784
707 711
707 762
708 771
710 1241
711 900
711 959
712 739
712 787
712 898
714 851
714 1127
715 739
715 787
716 886
717 783
717 847
717 874
719 820
720 1369
721 881
722 788
722 842
722 893
723 777
723 904
723 920
724 941
726 938
726 961
727 889
728 761
729 952
730 842
730 961
731 850
735 795
735 811
736 769
736 990
737 833
738 747
738 835
738 1503
739 787
739 1083
741 828
742 747
742 783
742 1447
743 809
743 945
744 862
745 772
746 808
747 770
747 780
747 847
747 874
748 813
748 843
748 854
748 916
749 817
749 1198
749 1205
749 1263
749 1478
750 807
750 811
752 795
752 851
752 893
754 785
754 821
754 950
754 1157
755 1150
755 1365
756 820
756 885
757 1208
758 907
758 960
760 783
760 915
760 934
761 952
762 777
762 807
762 847
762 907
765 1089
766 998
768 1150
769 860
769 973
770 874
770 980
771 1150
772 775
772 856
772 1245
773 777
774 849
774 861
774 934
774 1063
774 1094
774 1161
774 1342
776 861
780 819
780 875
781 786
782 798
782 936
782 1070
784 808
784 936
785 928
786 804
786 858
786 939
787 842
788 793
788 957
789 825
790 842
790 926
790 1045
791 794
791 959
792 849
792 861
792 862
792 890
793 796
795 884
795 891
796 876
796 883
796 914
799 960
799 962
800 803
800 806
800 809
800 835
800 840
800 846
800 875
800 885
800 891
800 986
801 808
801 812
802 934
802 1045
802 1079
802 1250
803 843
804 848
806 849
806 860
808 864
809 849
809 890
809 929
809 1316
809 1395
810 820
810 865
812 871
813 921
813 1254
814 817
814 869
814 877
816 845
816 899
816 1234
816 1382
817 859
818 872
819 1356
819 1480
820 854
821 950
821 1157
822 825
822 962
823 872
826 889
826 901
826 1163
826 1339
827 959
828 914
828 940
832 840
832 935
832 1346
833 858
833 1247
835 935
836 850
836 879
836 881
836 957
839 865
840 875
840 883
840 994
842 845
842 1370
845 858
845 1031
846 861
848 1207
849 852
849 1105
850 957
851 919
851 1127
852 912
852 926
852 931
852 1093
852 1353
852 1447
854 947
855 858
856 1038
856 1079
857 1075
857 1088
860 926
860 1063
860 1109
860 1478
862 895
863 980
864 926
870 976
872 934
873 895
874 1297
875 883
875 994
876 883
876 946
877 894
878 986
878 1235
878 1236
879 938
883 960
884 888
884 919
884 957
888 905
889 924
889 935
891 1065
891 1265
892 900
892 951
893 945
900 953
902 1297
902 1368
904 946
906 923
906 1363
908 918
912 931
916 920
916 921
916 936
921 1254
925 941
925 1285
926 930
928 976
928 1094
929 1148
930 1155
932 1136
933 935
934 937
935 957
939 988
940 955
941 961
941 1398
942 962
942 988
942 1234
942 1316
943 1466
946 1437
951 954
958 1022
959 1022
961 1312
963 1008
963 1336
963 1433
963 1440
963 1452
965 1179
966 1061
966 1118
966 1181
966 1239
966 1320
966 1333
966 1433
967 1060
967 1062
967 1087
967 1194
967 1226
967 1237
967 1336
967 1346
967 1433
967 1480
968 1013
968 1335
968 1379
968 1403
968 1433
969 995
969 1003
969 1144
969 1189
969 1191
969 1336
969 1426
969 1433
969 1439
969 1451
969 1452
969 1507
970 1149
970 1152
970 1316
971 1053
971 1080
971 1090
971 1205
971 1296
971 1313
971 1361
971 1368
972 978
972 1034
972 1047
972 1202
972 1209
972 1250
972 1258
972 1309
972 1310
972 1407
972 1421
973 985
973 1079
973 1090
973 1182
973 1232
973 1316
973 1353
973 1445
973 1447
974 1076
974 1094
974 1152
974 1161
974 1247
974 1305
975 1232
975 1243
975 1296
975 1372
975 1407
975 1445
975 1509
976 1094
976 1209
976 1244
976 1249
976 1405
977 1106
977 1152
977 1235
977 1480
978 982
978 1040
978 1046
978 1162
978 1258
978 1393
978 1476
978 1481
980 983
980 1134
980 1194
980 1361
981 1037
981 1045
981 1093
981 1099
981 1151
981 1156
981 1305
981 1397
981 1472
982 1046
982 1050
982 1107
982 1185
982 1194
982 1197
982 1202
982 1205
982 1253
982 1258
982 1353
982 1384
982 1476
982 1480
983 1078
983 1232
983 1356
983 1377
984 1045
985 1098
985 1184
985 1186
985 1366
985 1447
986 989
986 1079
986 1151
986 1154
986 1161
986 1314
986 1361
986 1407
986 1421
988 1107
988 1110
988 1187
988 1255
988 1371
988 1409
988 1447
989 1102
989 1188
990 1036
990 1107
990 1243
990 1254
990 1262
990 1263
990 1311
990 1367
990 1371
990 1415
990 1418
990 1464
990 1472
991 1106
991 1109
991 1148
991 1151
991 1244
992 1251
992 1304
992 1396
992 1477
993 1020
993 1327
994 1423
995 1025
995 1073
995 1144
995 1278
995 1331
995 1334
995 1335
995 1430
995 1455
995 1487
996 1328
996 1350
996 1377
996 1427
997 1334
997 1441
998 1014
998 1367
998 1457
999 1004
999 1020
999 1069
999 1175
999 1180
999 1272
999 1325
999 1436
999 1443
1000 1031
1000 1059
1000 1087
1000 1145
1000 1176
1000 1278
1000 1280
1000 1331
1000 1336
1000 1387
1000 1392
1000 1426
1000 1455
1000 1457
1000 1486
1000 1503
1001 1165
1001 1221
1001 1377
1002 1373
1002 1460
1003 1031
1003 1194
1003 1280
1003 1311
1003 1329
1003 1336
1003 1387
1003 1392
1003 1402
1003 1431
1003 1504
1004 1488
1005 1280
1005 1402
1005 1426
1005 1452
1005 1499
1006 1164
1006 1239
1008 1014
1008 1114
1008 1217
1008 1222
1008 1226
1008 1237
1008 1279
1008 1336
1008 1386
1008 1392
1008 1426
1008 1457
1008 1488
1009 1284
1009 1320
1009 1432
1010 1131
1010 1190
1010 1213
1010 1231
1010 1374
1010 1401
1011 1034
1011 1061
1011 1074
1011 1176
1011 1250
1011 1331
1012 1390
1013 1060
1013 1189
1013 1281
1013 1423
1013 1429
1014 1025
1014 1112
1014 1168
1014 1226
1014 1269
1014 1325
1015 1156
1015 1413
1016 1288
1018 1209
1018 1261
1018 1310
1018 1315
1018 1356
1019 1079
1019 1149
1019 1200
1019 1368
1020 1115
1020 1147
1020 1286
1021 1046
1021 1107
1021 1159
1021 1365
1021 1411
1021 1445
1021 1469
1021 1478
1022 1288
1022 1318
1022 1361
1023 1187
1023 1296
1023 1414
1024 1026
1024 1029
1024 1085
1024 1145
1024 1172
1024 1237
1024 1290
1024 1294
1024 1338
1024 1348
1024 1461
1025 1065
1025 1168
1025 1213
1025 1223
1025 1350
1025 1381
1025 1429
1026 1113
1027 1381
1027 1438
1028 1073
1028 1087
1028 1177
1028 1274
1028 1375
1028 1436
1028 1453
1029 1172
1029 1180
1029 1238
1030 1216
1031 1171
1031 1192
1031 1218
1031 1279
1031 1280
1031 1283
1031 1386
1031 1392
1031 1402
1031 1403
1031 1430
1031 1499
1032 1232
1032 1313
1032 1371
1034 1099
1034 1159
1034 1162
1034 1204
1034 1250
1034 1255
1034 1262
1034 1311
1034 1367
1034 1392
1034 1414
1034 1464
1034 1465
1034 1466
1034 1476
1034 1478
1034 1510
1036 1258
1036 1301
1036 1315
1036 1352
1036 1362
1036 1445
1036 1464
1037 1050
1037 1093
1037 1099
1037 1109
1037 1156
1037 1472
1038 1138
1038 1195
1038 1310
1038 1316
1038 1363
1038 1393
1038 1437
1040 1103
1040 1209
1041 1248
1041 1398
1041 1420
1042 1335
1044 1053
1045 1156
1046 1100
1046 1197
1046 1253
1046 1258
1046 1263
1046 1411
1046 1476
1046 1477
1047 1096
1047 1152
1047 1196
1047 1209
1047 1233
1047 1261
1047 1309
1047 1318
1047 1407
1047 1473
1048 1079
1048 1100
1048 1235
1048 1411
1048 1510
1049 1052
1049 1070
1049 1107
1049 1201
1049 1233
1049 1254
1049 1262
1049 1305
1049 1318
1049 1370
1049 1466
1049 1469
1049 1508
1050 1093
1050 1106
1050 1109
1050 1318
1050 1353
1050 1354
1050 1480
1050 1511
1051 1136
1051 1246
1052 1091
1052 1099
1052 1107
1052 1158
1052 1201
1052 1205
1052 1246
1052 1263
1052 1305
1052 1367
1052 1409
1052 1411
1052 1415
1052 1418
1052 1477
1052 1480
1052 1508
1052 1510
1053 1095
1053 1304
1054 1072
1056 1177
1056 1227
1056 1400
1057 1113
1057 1231
1057 1374
1058 1438
1058 1458
1059 1280
1059 1334
1059 1336
1059 1432
1059 1488
1059 1499
1060 1062
1060 1064
1060 1142
1060 1295
1060 1459
1061 1081
1061 1191
1061 1323
1061 1350
1062 1141
1062 1271
1062 1272
1062 1453
1063 1426
1063 1431
1063 1488
1064 1272
1064 1325
1064 1334
1065 1119
1065 1168
1065 1241
1065 1265
1065 1277
1065 1326
1065 1465
1065 1494
1066 1119
1066 1164
1066 1291
1066 1431
1066 1433
1067 1277
1067 1497
1068 1087
1069 1129
1069 1230
1069 1274
1069 1436
1069 1441
1069 1495
1069 1509
1070 1088
1070 1317
1070 1440
1070 1460
1071 1331
1071 1403
1072 1213
1072 1352
1072 1444
1072 1460
1073 1443
1073 1453
1074 1217
1075 1251
1075 1414
1075 1451
1076 1235
1076 1247
1076 1368
1076 1398
1077 1165
1078 1104
1078 1286
1078 1407
1079 1198
1079 1200
1079 1296
1079 1363
1079 1463
1079 1481
1080 1098
1080 1154
1080 1232
1080 1316
1080 1356
1080 1409
1080 1481
1081 1189
1081 1192
1081 1292
1082 1087
1082 1373
1084 1170
1084 1292
1084 1329
1084 1333
1084 1380
1085 1228
1085 1239
1085 1266
1086 1228
1086 1460
1087 1125
1087 1180
1087 1217
1087 1243
1087 1457
1087 1507
1088 1118
1088 1155
1088 1314
1089 1104
1089 1109
1089 1133
1089 1296
1089 1436
1090 1188
1090 1368
1091 1133
1091 1161
1091 1246
1091 1366
1091 1421
1092 1272
1093 1305
1093 1414
1093 1451
1094 1104
1094 1161
1094 1203
1094 1342
1096 1258
1096 1310
1096 1317
1096 1372
1096 1407
1096 1414
1096 1451
1096 1473
1097 1103
1097 1188
1097 1194
1098 1103
1098 1107
1098 1187
1098 1245
1098 1250
1098 1255
1098 1311
1098 1339
1098 1365
1098 1447
1098 1466
1099 1100
1099 1152
1099 1158
1099 1186
1099 1196
1099 1202
1099 1204
1099 1226
1099 1232
1099 1234
1099 1253
1099 1261
1099 1263
1099 1342
1099 1350
1099 1356
1099 1361
1099 1363
1099 1387
1099 1476
1099 1480
1099 1482
1099 1490
1100 1103
1100 1110
1100 1198
1100 1202
1100 1209
1100 1237
1100 1246
1100 1250
1100 1255
1100 1285
1100 1309
1100 1311
1100 1312
1100 1342
1100 1350
1100 1367
1100 1384
1100 1411
1100 1420
1100 1439
1100 1480
1100 1482
1100 1508
1100 1510
1101 1245
1102 1194
1102 1304
1102 1313
1102 1318
1102 1356
1103 1253
1103 1309
1104 1109
1104 1202
1104 1204
1104 1256
1104 1416
1107 1110
1107 1158
1107 1162
1107 1201
1107 1205
1107 1253
1107 1263
1107 1393
1107 1411
1107 1464
1107 1468
1107 1472
1107 1475
1107 1477
1108 1187
1108 1277
1108 1413
1109 1476
1109 1482
1110 1196
1110 1263
1110 1353
1110 1409
1110 1477
1112 1386
1112 1424
1112 1438
1113 1163
1113 1231
1113 1282
1113 1340
1113 1489
1114 1176
1114 1226
1114 1237
1114 1346
1114 1439
1114 1500
1114 1502
1114 1503
1115 1180
1115 1460
1116 1168
1116 1172
1116 1274
1116 1382
1116 1456
1117 1425
1118 1325
1118 1330
1119 1123
1119 1144
1119 1220
1119 1237
1119 1243
1119 1385
1119 1425
1119 1454
1119 1492
1121 1464
1122 1176
1122 1281
1122 1283
1122 1492
1123 1278
1123 1385
1125 1142
1125 1303
1125 1349
1126 1222
1126 1224
1126 1266
1126 1423
1127 1214
1129 1199
1129 1274
1129 1438
1129 1490
1129 1497
1130 1221
1130 1242
1131 1230
1131 1271
1132 1232
1132 1261
1132 1296
1133 1140
1133 1145
1133 1150
1133 1151
1133 1282
1133 1301
1133 1415
1134 1312
1134 1448
1135 1286
1135 1302
1135 1377
1135 1450
1136 1184
1136 1288
1136 1365
1137 1369
1138 1310
1138 1312
1138 1369
1138 1372
1139 1286
1139 1302
1140 1171
1140 1261
1140 1276
1140 1326
1140 1346
1140 1502
1141 1351
1142 1241
1142 1379
1142 1454
1144 1156
1144 1218
1144 1403
1144 1439
1145 1172
1145 1271
1145 1331
1145 1334
1145 1350
1145 1373
1145 1387
1146 1249
1146 1274
1147 1313
1148 1151
1148 1162
1148 1343
1149 1155
1149 1186
1149 1232
1149 1262
1149 1414
1150 1182
1150 1303
1150 1416
1151 1318
1152 1247
1152 1249
1152 1254
1152 1300
1152 1352
1152 1405
1152 1448
1153 1363
1153 1365
1153 1371
1154 1250
1154 1361
1156 1158
1156 1201
1156 1311
1156 1350
1156 1356
1156 1395
1156 1411
1156 1415
1156 1477
1156 1508
1157 1252
1157 1309
1157 1421
1158 1200
1158 1201
1158 1253
1158 1263
1158 1353
1158 1415
1158 1418
1159 1162
1159 1193
1159 1249
1159 1261
1159 1285
1159 1315
1159 1356
1159 1360
1161 1247
1161 1317
1161 1342
1161 1398
1162 1187
1162 1196
1162 1198
1162 1201
1162 1205
1162 1230
1162 1277
1162 1360
1162 1413
1162 1465
1162 1507
1163 1202
1163 1340
1163 1341
1163 1380
1163 1420
1165 1221
1165 1375
1168 1276
1168 1332
1170 1334
1170 1424
1171 1237
1171 1278
1171 1346
1172 1190
1172 1294
1172 1453
1172 1456
1173 1222
1173 1284
1174 1265
1174 1272
1175 1373
1175 1500
1176 1191
1176 1217
1176 1218
1176 1222
1176 1336
1176 1373
1176 1384
1176 1424
1176 1426
1176 1430
1176 1431
1176 1433
1176 1457
1176 1492
1176 1500
1177 1334
1177 1492
1179 1328
1180 1453
1180 1460
1180 1504
1185 1194
1185 1511
1186 1197
1186 1232
1186 1410
1186 1413
1187 1205
1187 1245
1187 1445
1187 1447
1189 1212
1189 1222
1189 1280
1189 1284
1189 1323
1189 1373
1189 1499
1190 1223
1190 1377
1190 1401
1190 1444
1191 1329
1191 1431
1191 1455
1191 1486
1191 1502
1192 1279
1192 1373
1193 1249
1193 1285
1193 1309
1193 1360
1193 1409
1194 1237
1194 1477
1195 1263
1195 1363
1195 1393
1195 1398
1195 1413
1195 1447
1196 1198
1196 1303
1196 1353
1196 1418
1196 1476
1197 1245
1197 1342
1197 1353
1198 1201
1198 1303
1198 1411
1198 1480
1198 1508
1199 1242
1200 1263
1201 1305
1201 1363
1201 1416
1201 1465
1201 1469
1201 1480
1201 1510
1202 1209
1202 1309
1202 1314
1202 1317
1202 1340
1202 1341
1202 1420
1202 1473
1202 1480
1204 1232
1204 1234
1204 1254
1204 1288
1204 1342
1204 1395
1204 1447
1204 1451
1204 1472
1205 1262
1205 1363
1205 1469
1205 1477
1205 1480
1205 1508
1207 1303
1208 1249
1208 1256
1208 1306
1208 1342
1209 1261
1209 1309
1209 1315
1209 1476
1210 1375
1211 1214
1211 1271
1211 1350
1212 1272
1213 1223
1213 1423
1213 1459
1214 1293
1216 1272
1216 1380
1216 1440
1216 1452
1216 1502
1217 1222
1217 1226
1217 1456
1217 1457
1217 1494
1218 1336
1218 1387
1218 1403
1218 1431
1218 1451
1218 1461
1222 1336
1222 1387
1222 1500
1223 1241
1223 1272
1223 1273
1223 1293
1223 1404
1223 1444
1223 1458
1226 1331
1226 1346
1226 1350
1226 1382
1226 1392
1226 1411
1226 1429
1226 1439
1226 1488
1226 1499
1226 1500
1226 1503
1228 1380
1228 1423
1228 1457
1229 1493
1230 1323
1230 1428
1230 1433
1230 1441
1230 1458
1230 1465
1230 1495
1231 1271
1231 1374
1232 1254
1232 1296
1232 1339
1232 1342
1232 1356
1232 1414
1233 1359
1233 1446
1233 1448
1233 1449
1236 1287
1236 1310
1236 1343
1237 1240
1237 1264
1237 1304
1237 1336
1237 1346
1237 1384
1237 1387
1237 1431
1237 1432
1237 1433
1238 1437
1238 1488
1238 1498
1239 1266
1240 1272
1240 1453
1241 1271
1241 1381
1241 1454
1241 1497
1243 1366
1243 1382
1244 1251
1244 1370
1244 1407
1244 1421
1245 1255
1246 1361
1246 1365
1246 1366
1246 1409
1246 1464
1247 1398
1249 1285
1249 1309
1249 1471
1250 1255
1250 1356
1250 1367
1250 1411
1250 1413
1250 1445
1250 1476
1250 1480
1250 1511
1251 1471
1252 1253
1252 1356
1252 1446
1253 1263
1253 1355
1253 1393
1253 1410
1253 1411
1253 1418
1254 1306
1254 1314
1254 1361
1254 1395
1255 1285
1256 1287
1256 1451
1256 1470
1258 1310
1258 1335
1258 1467
1261 1285
1261 1309
1261 1314
1261 1356
1261 1413
1261 1476
1261 1480
1262 1277
1262 1367
1262 1413
1262 1420
1263 1353
1263 1415
1263 1418
1264 1431
1265 1277
1265 1423
1266 1267
1266 1432
1269 1322
1269 1383
1269 1386
1269 1431
1269 1433
1270 1326
1270 1460
1271 1491
1272 1374
1272 1384
1272 1492
1273 1384
1274 1277
1274 1294
1274 1321
1274 1378
1274 1433
1274 1436
1274 1444
1274 1490
1275 1320
1275 1325
1275 1334
1275 1496
1277 1371
1278 1320
1278 1455
1278 1502
1279 1323
1279 1336
1279 1346
1279 1392
1280 1323
1280 1329
1280 1336
1280 1383
1280 1392
1280 1432
1280 1433
1280 1486
1280 1497
1280 1499
1282 1383
1283 1284
1284 1323
1284 1351
1284 1376
1284 1487
1285 1439
1286 1302
1286 1309
1286 1471
1286 1482
1288 1306
1288 1342
1288 1410
1289 1293
1289 1321
1292 1293
1292 1333
1292 1345
1292 1455
1293 1319
1293 1321
1293 1414
1294 1382
1295 1380
1296 1343
1296 1447
1297 1422
1299 1422
1300 1361
1301 1447
1302 1312
1302 1409
1302 1412
1303 1352
1303 1353
1303 1465
1304 1477
1305 1311
1305 1416
1305 1469
1305 1480
1305 1508
1305 1510
1306 1342
1306 1472
1309 1393
1309 1421
1309 1476
1310 1393
1311 1392
1311 1411
1311 1465
1311 1466
1311 1477
1311 1478
1311 1481
1312 1369
1312 1413
1312 1465
1312 1478
1313 1361
1313 1472
1314 1356
1314 1407
1314 1413
1314 1418
1314 1421
1314 1467
1315 1360
1315 1367
1315 1370
1317 1369
1317 1431
1318 1367
1318 1405
1319 1441
1320 1337
1320 1374
1320 1432
1322 1386
1322 1428
1323 1430
1323 1458
1324 1437
1324 1443
1325 1329
1326 1436
1326 1455
1326 1502
1328 1425
1328 1439
1329 1402
1329 1432
1329 1433
1329 1499
1330 1331
1331 1350
1331 1387
1331 1433
1331 1452
1331 1499
1333 1385
1334 1373
1335 1392
1335 1403
1335 1430
1336 1348
1336 1350
1336 1373
1336 1387
1336 1392
1336 1431
1336 1433
1336 1507
1338 1357
1338 1481
1338 1502
1339 1340
1339 1451
1340 1341
1340 1372
1340 1420
1340 1473
1340 1476
1341 1351
1342 1372
1342 1451
1342 1472
1343 1354
1343 1415
1343 1445
1345 1385
1345 1492
1346 1356
1346 1465
1347 1382
1348 1439
1350 1402
1350 1507
1351 1392
1352 1464
1354 1465
1355 1411
1356 1367
1356 1429
1356 1431
1356 1497
1358 1359
1359 1396
1359 1405
1359 1468
1361 1449
1363 1412
1363 1467
1366 1409
1366 1475
1367 1410
1367 1411
1367 1464
1367 1466
1367 1472
1367 1478
1367 1480
1367 1510
1368 1463
1368 1477
1369 1398
1370 1413
1371 1451
1372 1410
1373 1500
1373 1502
1373 1503
1377 1385
1377 1450
1379 1435
1381 1456
1382 1434
1382 1441
1382 1442
1383 1430
1383 1499
1383 1503
1384 1401
1384 1424
1384 1431
1384 1433
1385 1488
1385 1509
1386 1495
1387 1433
1387 1488
1392 1402
1392 1431
1392 1433
1392 1488
1393 1410
1393 1411
1393 1412
1401 1458
1401 1487
1401 1493
1402 1425
1405 1422
1407 1413
1409 1445
1410 1446
1411 1480
1411 1508
1411 1510
1413 1445
1414 1451
1415 1418
1420 1470
1420 1473
1424 1430
1424 1460
1424 1500
1425 1431
1425 1453
1425 1497
1426 1452
1428 1456
1429 1488
1430 1500
1430 1503
1431 1433
1431 1455
1432 1455
1432 1488
1432 1500
1433 1455
1433 1499
1434 1436
1436 1441
1442 1484
1443 1497
1445 1468
1446 1449
1451 1473
1453 1460
1455 1502
1460 1494
1464 1511
1465 1482
1465 1507
1466 1478
1469 1510
1476 1477
1478 1481
1480 1482
1480 1490
1480 1510
1486 1499
1490 1495
1490 1507
1492 1499
1500 1502
1500 1503
