#num-nodes
457
#num-links
1700
#links
0 63
0 122
0 126
0 127
0 148
0 150
0 171
0 180
0 186
0 230
0 280
1 55
2 60
2 61
2 68
2 93
2 131
2 174
2 207
2 208
2 240
2 265
3 62
3 139
3 146
3 178
3 332
4 12
4 64
4 139
4 273
5 60
5 79
5 93
5 131
5 185
5 187
5 201
5 208
5 210
5 240
6 12
6 73
6 77
6 169
7 22
7 95
7 125
7 155
7 187
7 208
7 211
7 241
7 271
9 59
9 60
9 72
9 114
9 204
9 233
9 266
10 11
10 35
10 203
11 35
11 180
11 203
11 273
11 369
12 64
12 77
12 98
13 97
13 242
13 253
14 77
14 91
14 169
14 278
14 293
15 32
15 89
15 120
15 144
15 171
15 200
15 241
16 61
16 71
16 83
16 151
16 174
16 211
16 237
16 240
16 248
17 29
17 31
17 40
17 47
17 50
17 66
17 73
17 84
17 129
17 132
17 133
17 158
17 173
17 232
17 233
17 250
17 252
17 255
17 268
18 34
18 125
18 134
18 161
18 192
18 200
18 236
18 277
19 85
19 179
19 235
19 286
20 109
20 230
20 244
21 56
21 61
21 80
21 93
21 240
21 253
21 275
22 103
22 139
22 209
22 244
22 275
22 278
24 28
24 65
24 178
24 202
25 63
25 98
25 169
25 255
25 277
26 83
26 101
26 103
26 125
26 155
26 172
26 187
26 200
26 208
26 221
26 238
28 65
28 91
28 108
28 181
28 281
28 293
29 30
29 66
29 84
29 122
29 127
29 171
29 173
29 177
29 182
29 209
29 250
29 266
30 33
30 49
30 87
30 114
30 158
30 165
30 201
30 209
30 212
30 250
30 274
31 50
31 73
31 80
31 87
31 132
31 232
31 242
31 253
31 276
32 89
32 123
32 144
32 200
32 249
32 275
33 107
33 108
33 123
34 76
34 130
34 188
34 219
34 228
35 70
35 139
35 273
36 41
36 62
36 71
36 99
36 267
37 64
37 127
37 137
37 138
37 188
38 52
38 57
38 68
38 125
38 128
38 200
38 211
38 215
38 229
38 237
38 240
38 265
38 268
39 51
39 52
39 93
39 151
39 183
39 192
39 215
39 240
39 248
39 265
40 49
40 96
40 114
40 158
41 226
42 77
43 99
43 175
43 176
43 184
44 53
44 58
44 87
44 92
44 137
44 213
44 220
45 47
45 96
46 132
46 218
46 234
46 260
46 275
47 232
47 245
47 255
47 272
48 86
48 117
48 134
48 184
49 72
49 87
49 114
49 158
49 168
49 182
49 201
49 204
49 233
49 274
50 66
50 68
50 177
50 252
50 264
51 52
51 57
51 61
51 122
51 127
51 153
51 183
51 198
51 224
51 246
52 53
52 56
52 79
52 117
52 118
52 183
52 213
52 237
53 62
53 78
53 183
53 217
54 115
54 154
54 196
54 197
55 79
55 107
55 128
55 131
55 143
55 191
56 63
56 93
56 126
56 151
56 240
56 246
56 248
57 126
57 136
57 257
57 265
57 268
58 143
59 77
59 96
59 104
59 194
59 200
59 210
59 236
59 258
60 118
60 128
60 131
60 151
60 154
60 194
60 195
60 246
60 258
60 261
60 315
61 132
61 158
61 271
62 106
62 183
62 455
63 73
63 98
63 109
63 180
63 227
64 73
64 84
64 114
64 147
64 212
64 255
65 91
65 202
66 68
66 84
66 137
66 138
66 173
66 177
66 184
66 194
66 212
66 233
66 252
66 261
66 264
66 266
67 81
67 122
67 126
67 183
67 237
67 244
68 84
68 93
68 173
68 177
68 193
68 252
68 261
70 139
71 120
71 121
71 122
71 126
71 132
71 186
71 193
71 198
71 237
71 248
71 255
71 267
72 77
72 79
72 80
72 83
72 103
72 113
72 114
72 165
72 168
72 182
72 187
72 201
72 204
72 209
72 233
72 271
73 87
73 98
73 114
73 133
73 158
73 212
73 213
73 454
74 155
74 156
74 281
75 164
76 94
76 130
76 134
76 135
76 161
76 188
76 219
76 228
77 112
77 113
77 123
77 162
77 273
78 81
78 183
78 227
78 277
79 93
79 121
79 123
79 170
79 174
79 187
79 201
79 215
79 240
79 259
79 269
79 319
80 114
80 117
80 133
80 134
80 151
80 158
80 168
80 177
80 204
80 209
80 233
81 85
81 86
81 122
81 127
81 145
81 196
81 227
81 267
81 280
82 243
83 95
83 113
83 123
83 187
83 189
84 87
84 122
84 127
84 137
84 173
84 177
84 252
84 253
84 255
85 179
85 286
86 111
86 119
86 197
87 92
87 158
87 204
87 274
88 138
88 162
88 166
88 264
89 95
89 120
89 123
89 144
89 157
89 159
89 241
89 249
90 116
91 178
91 202
91 296
92 97
92 119
92 158
92 196
92 197
92 253
92 261
92 272
92 277
93 107
93 126
93 128
93 204
93 208
93 240
93 265
94 125
94 130
94 200
94 210
94 270
95 105
95 120
95 144
95 159
95 186
95 191
95 211
95 241
95 249
96 112
96 121
96 127
96 133
96 141
96 196
96 235
96 264
96 268
96 280
97 99
97 108
97 175
97 235
97 242
97 330
98 122
98 123
98 169
99 235
99 267
100 128
100 134
100 178
100 217
101 112
101 125
101 135
101 200
101 210
101 221
101 226
101 231
102 305
103 113
103 187
103 216
103 259
103 271
104 134
104 192
104 194
104 204
105 189
106 129
106 141
106 169
106 197
106 235
106 277
106 367
106 406
106 446
107 126
107 131
107 191
107 208
107 229
107 265
108 119
108 121
108 147
108 151
108 187
108 264
109 122
109 123
109 183
109 212
109 232
109 246
109 276
111 174
111 176
111 187
111 193
111 257
111 305
111 354
112 129
112 146
112 150
112 171
112 180
112 189
112 243
112 273
112 367
112 415
112 446
113 127
113 186
113 187
113 201
113 238
113 239
113 271
114 158
114 165
114 168
114 201
114 212
114 214
114 274
115 154
117 134
117 177
117 182
117 201
117 233
117 252
118 183
118 195
119 196
120 123
120 127
120 136
120 144
120 150
120 159
120 171
120 172
120 190
120 211
120 241
120 250
120 275
120 332
121 198
121 241
122 128
122 129
122 132
122 146
122 150
122 193
122 224
122 232
122 246
122 248
122 250
122 255
122 332
122 441
123 144
123 148
123 159
123 183
123 217
123 218
123 231
123 241
123 248
123 258
123 271
123 275
123 369
123 441
124 155
124 213
125 161
125 200
125 208
125 210
125 221
125 226
125 245
125 265
125 269
126 131
126 151
126 186
126 241
127 174
127 184
127 186
127 193
127 205
127 230
127 235
127 239
128 185
128 193
128 208
128 239
128 265
129 132
129 180
129 232
129 248
129 276
130 135
130 188
130 210
130 219
131 143
131 208
131 240
131 246
131 252
131 261
131 268
132 232
132 234
133 158
133 182
133 187
133 205
134 168
134 192
134 193
134 217
135 140
135 161
135 210
135 226
136 171
136 208
136 211
136 212
136 253
137 165
137 220
137 322
138 149
139 203
139 228
139 273
141 235
142 148
142 260
143 168
143 235
144 159
144 172
144 211
144 231
144 241
144 271
144 275
145 197
145 222
145 227
146 161
146 171
146 180
146 200
146 210
146 226
146 236
146 243
146 250
146 254
147 152
147 398
148 260
148 280
149 178
149 230
150 171
150 180
150 250
150 254
150 270
150 277
151 177
151 185
151 248
151 257
151 268
151 312
152 166
152 264
152 343
153 156
153 263
154 196
154 226
155 172
155 183
155 231
155 272
156 263
156 275
157 185
157 210
157 216
157 221
157 249
158 165
158 225
158 233
158 272
159 172
159 211
159 231
159 241
159 388
161 191
161 200
161 236
162 212
163 268
165 229
165 266
165 276
166 214
166 264
167 281
168 200
168 201
168 204
168 209
168 233
168 266
169 196
169 243
170 211
170 229
170 268
170 271
171 230
171 250
171 254
171 256
171 329
172 231
173 177
173 236
173 252
173 261
174 183
174 193
174 229
174 240
174 257
175 330
176 179
176 201
176 233
176 239
176 250
177 193
177 252
177 261
177 266
178 202
178 203
178 243
178 277
180 186
180 254
180 273
181 282
181 388
181 417
182 201
182 274
183 217
184 205
184 206
184 239
184 242
185 216
185 245
185 249
186 190
186 238
186 250
187 189
187 201
187 257
187 259
187 305
187 343
187 354
187 406
188 192
188 200
188 207
188 219
188 221
188 228
189 191
189 225
189 234
189 241
189 256
191 221
192 200
192 208
193 198
193 280
194 195
194 204
194 207
194 243
194 258
194 270
194 453
195 223
195 253
195 258
195 262
195 317
195 363
195 383
196 197
196 227
197 227
197 244
197 277
198 248
198 279
200 210
200 221
200 226
200 236
200 269
201 204
201 209
201 233
202 293
204 209
204 233
204 305
204 343
208 215
208 216
208 229
208 265
208 271
209 245
209 380
210 216
210 221
210 236
210 245
210 249
211 229
211 240
211 271
212 214
212 266
213 263
214 274
215 227
215 229
215 240
215 265
215 269
216 221
216 245
216 249
217 268
218 241
218 275
219 228
220 372
221 245
221 249
223 239
223 262
223 303
223 371
224 246
225 256
226 275
229 240
229 265
229 271
230 250
231 276
231 405
232 248
232 255
232 276
234 244
234 275
235 264
236 243
237 240
237 265
239 255
240 265
240 271
241 275
245 249
246 248
248 250
248 267
248 276
249 257
249 269
249 275
250 264
252 253
252 261
252 366
254 329
255 276
257 268
258 270
258 277
261 423
263 281
264 276
268 270
269 271
269 279
270 277
278 293
282 286
282 290
282 293
282 309
282 311
282 321
282 329
282 339
282 375
282 376
282 379
282 388
282 417
282 425
283 323
283 324
283 399
283 449
284 291
284 297
284 309
284 319
284 338
284 369
284 381
284 445
285 418
286 321
286 349
286 354
286 375
286 385
286 388
286 417
286 427
287 312
287 316
287 318
287 356
287 433
287 439
288 293
288 315
288 364
288 400
288 409
288 410
288 415
288 417
288 421
288 427
288 447
288 452
289 308
290 344
290 351
290 378
290 387
290 415
291 307
291 350
291 369
291 394
293 348
293 386
293 388
293 410
294 312
294 318
294 323
294 394
294 414
294 429
294 449
295 323
296 324
296 390
296 413
296 414
296 456
297 310
297 339
297 369
297 382
297 445
298 303
298 310
298 337
298 357
298 370
298 371
298 391
298 423
299 304
299 319
299 327
299 350
299 399
299 414
299 423
299 434
299 439
299 454
300 306
300 321
300 348
300 349
300 363
300 364
300 368
300 378
300 379
300 384
300 387
300 395
300 428
300 453
302 331
302 340
302 359
302 421
302 427
302 447
302 452
303 304
303 309
303 313
303 314
303 337
303 341
303 346
303 347
303 350
303 436
304 314
304 343
304 435
304 437
305 343
305 390
306 311
306 340
306 344
306 354
306 372
306 373
306 376
306 379
306 380
306 382
306 386
306 416
306 427
307 369
307 374
307 391
307 423
308 309
308 374
309 313
309 314
309 318
309 337
309 339
309 341
309 345
309 346
309 347
309 355
309 398
309 413
309 414
309 439
309 456
310 316
310 423
310 433
311 364
311 379
311 386
311 395
311 403
311 417
311 428
311 453
312 319
312 327
312 346
312 350
312 356
312 394
312 398
312 401
312 433
312 435
312 436
313 324
313 327
313 371
313 407
313 413
313 435
313 456
314 319
314 341
314 346
314 394
314 405
314 408
314 414
314 435
315 329
315 336
315 363
315 383
315 385
315 389
315 395
315 400
315 422
315 440
315 453
316 433
317 349
317 389
317 417
317 453
318 320
318 343
318 374
318 396
318 414
318 433
319 327
319 341
319 346
319 350
319 381
319 401
319 405
319 434
319 439
320 326
320 380
320 430
321 328
321 331
321 357
321 379
321 383
321 386
321 388
321 402
322 355
322 369
322 442
323 416
323 436
323 437
324 341
324 369
324 371
324 394
324 398
324 399
324 401
324 413
324 435
324 456
325 327
325 333
325 392
325 432
326 330
326 375
326 385
326 386
326 404
326 430
327 342
329 373
329 388
329 389
329 395
329 403
329 417
330 412
331 365
331 411
331 412
331 422
331 430
331 446
332 375
332 386
332 387
332 423
332 424
332 438
332 446
333 392
335 352
335 362
335 367
335 452
336 349
336 369
336 376
336 383
336 384
336 387
336 395
336 402
336 411
336 422
336 440
336 453
337 371
337 436
338 390
338 442
338 451
339 356
339 379
339 394
339 399
339 416
339 423
339 434
339 449
340 363
340 373
340 384
340 411
340 422
340 428
340 453
341 346
341 357
341 398
341 401
341 405
343 390
343 418
345 374
345 437
345 441
345 442
345 443
346 347
346 357
346 401
346 405
346 435
346 445
347 350
347 382
347 443
347 445
348 368
348 373
348 384
348 386
348 388
348 403
348 409
348 417
348 422
349 368
349 373
349 376
349 387
349 403
349 428
350 381
350 394
350 399
350 407
350 435
350 445
352 360
352 406
352 446
352 448
353 372
353 376
353 419
354 387
354 450
355 410
355 438
355 445
356 381
356 394
356 420
356 449
357 394
357 398
357 401
357 436
359 378
359 421
359 427
359 452
360 410
360 448
362 408
363 364
363 383
363 411
363 428
363 440
363 453
364 373
364 384
364 389
364 395
364 400
364 411
364 422
364 428
364 433
364 453
365 412
366 416
366 434
366 452
367 415
367 446
367 448
368 383
368 384
368 388
368 409
368 411
368 422
368 423
369 391
369 401
370 374
370 418
370 424
371 399
372 376
373 376
373 384
373 386
373 395
373 400
373 411
373 428
373 453
374 396
374 452
375 387
375 389
375 400
375 417
375 440
376 419
376 423
376 425
377 451
378 406
378 446
379 386
379 388
379 400
379 417
380 385
380 404
380 412
380 450
381 382
381 384
381 394
381 416
381 423
381 424
381 439
381 441
381 455
382 406
382 408
382 423
382 424
382 445
382 446
382 454
383 384
383 386
383 389
383 400
383 402
383 411
383 422
383 440
384 400
384 409
384 411
384 422
384 428
384 453
385 402
385 404
385 450
386 388
386 411
386 453
387 395
387 396
387 403
387 405
387 412
387 419
387 438
388 389
388 409
388 417
389 402
389 440
390 432
390 454
390 456
391 423
391 443
391 445
394 401
394 433
394 435
394 436
395 402
395 425
395 428
395 440
395 453
396 408
397 418
398 401
398 413
398 436
398 444
398 456
399 439
400 402
400 409
400 415
400 417
400 425
400 427
400 428
401 405
401 435
401 436
402 440
403 415
403 427
403 453
404 410
406 415
406 446
406 448
407 413
407 453
407 456
409 430
410 417
410 452
411 415
411 422
411 428
411 453
412 425
413 416
413 449
413 456
414 434
414 445
415 430
415 446
415 448
416 420
416 423
417 422
417 447
418 429
418 456
421 425
421 427
421 447
421 452
422 428
422 453
423 424
423 434
423 438
423 439
423 453
423 455
424 427
424 438
427 447
428 453
429 437
431 456
433 434
433 439
434 436
434 439
435 441
436 439
437 441
438 445
441 442
442 443
446 448
447 452
447 453
449 456
451 454
