#num-nodes
2209
#num-links
7987
#links
0 655
0 1223
0 1445
1 690
1 1421
1 1472
3 22
3 49
3 227
3 436
3 609
3 739
3 1263
4 509
4 607
4 648
4 695
4 1759
4 1760
4 1819
6 884
6 907
6 952
6 1148
6 1420
6 1606
6 1701
6 1915
7 448
7 450
7 580
7 622
7 797
7 918
7 1598
7 1604
7 1769
8 807
8 1711
8 1718
9 92
9 95
9 112
9 284
9 1187
10 394
10 893
10 1106
10 1504
10 1599
11 71
11 1013
11 1014
11 1261
11 1355
11 1780
12 210
12 213
12 285
12 345
12 671
12 1043
13 892
13 940
13 1470
14 238
14 309
14 310
14 461
14 634
14 643
14 696
14 1172
14 1204
14 1359
14 1456
14 1478
14 1713
14 1740
15 317
15 638
15 657
15 815
15 1165
15 1464
15 1554
15 1812
16 1528
17 84
17 124
17 595
17 599
17 733
17 773
17 784
17 980
17 1348
17 1521
18 21
18 430
18 623
18 741
19 182
19 520
19 1166
19 1227
20 127
20 266
20 727
20 1165
21 599
21 623
21 736
21 752
21 1348
22 246
22 365
22 522
22 566
22 925
22 1434
23 223
23 245
23 465
23 627
23 633
23 681
23 711
23 815
23 917
23 1069
23 1165
23 1180
23 1377
23 1637
23 1640
23 1778
24 110
24 496
24 582
24 990
24 1517
24 1569
24 1684
24 1729
24 1730
24 1772
25 203
25 1296
26 755
26 1327
26 1481
26 1709
27 517
27 1045
27 1375
28 179
28 241
28 257
28 463
28 485
28 532
28 552
28 698
28 745
28 779
28 851
28 942
28 1019
28 1070
28 1277
28 1299
29 507
29 987
29 1128
29 1384
30 78
30 129
30 449
30 657
30 680
30 964
30 1545
30 1567
30 1588
30 1795
31 36
31 168
31 210
31 213
31 314
31 756
31 904
31 966
31 1005
31 1404
31 1634
32 1801
33 986
33 1237
34 844
34 878
34 905
34 970
34 1157
34 1379
34 1536
34 1573
35 159
35 305
35 932
35 1340
35 1450
35 1466
35 1573
35 1621
36 48
36 173
36 193
36 277
36 279
36 791
36 1369
36 1484
36 1738
37 155
37 327
37 343
37 485
37 698
37 851
37 852
37 979
37 1070
37 1139
37 1572
37 1730
37 1807
38 1169
38 1297
39 64
39 137
39 353
39 1029
39 1210
39 1281
39 1381
39 1456
40 907
41 46
41 317
41 730
41 1190
41 1745
41 1939
43 226
43 1556
44 312
44 447
44 879
44 984
44 1094
44 1122
44 1397
44 1423
44 1684
44 1793
45 312
45 383
45 388
45 1030
45 1210
45 1586
46 132
46 1292
46 1575
46 1634
47 387
47 491
47 1291
48 828
48 1484
48 1513
48 1662
48 1721
49 178
49 227
49 436
49 588
49 776
50 54
50 163
50 372
50 410
50 568
50 647
50 1063
50 1076
50 1319
50 1524
51 685
51 756
51 803
51 966
51 1288
51 1557
51 1690
51 1743
52 587
52 804
52 865
52 1187
52 1300
52 1472
52 2157
53 454
53 509
53 577
53 721
53 928
53 995
53 1090
53 1701
54 372
54 560
54 1502
55 467
55 1147
56 65
56 90
56 338
56 722
56 1283
56 1299
56 1358
56 1431
56 1460
56 1595
56 1718
57 1263
57 1516
57 1732
58 213
58 237
58 739
58 1143
58 1145
58 1189
59 330
59 470
59 537
59 724
59 971
59 1093
59 1264
59 1469
59 1540
59 1886
60 171
60 336
60 853
60 879
60 890
60 1390
60 1508
61 95
61 114
61 166
61 290
61 541
61 812
62 136
62 255
62 351
62 419
62 552
62 1139
62 1199
62 1201
62 1291
62 1295
62 1572
62 1754
63 993
63 1509
63 1989
64 66
64 518
64 1283
64 1376
64 1718
65 71
65 72
65 157
65 180
65 247
65 508
65 704
65 1054
65 1376
65 1729
66 981
66 1072
66 1428
66 1431
66 1816
67 71
67 156
67 320
67 1183
67 1306
67 1790
67 1801
68 206
68 328
68 346
68 380
68 1779
69 249
69 504
69 569
69 1200
69 1490
69 1673
70 264
70 392
70 527
70 1032
70 1661
71 81
71 157
71 676
71 694
71 1177
71 1183
71 1306
71 1335
71 1483
71 1508
71 1714
71 1729
72 100
72 157
72 547
72 694
72 807
72 840
72 863
72 1011
72 1022
72 1183
72 1483
73 276
73 423
73 476
73 1324
73 1339
73 1483
73 1680
74 157
74 196
74 547
74 817
74 1133
74 1506
74 1630
74 1785
75 105
75 159
75 1086
75 1450
75 1573
76 320
76 751
76 890
76 958
76 1438
76 1508
77 317
77 766
77 1429
77 1686
78 83
78 175
78 278
78 479
78 550
78 632
78 657
78 789
78 1184
78 1479
78 1545
78 1554
78 1588
78 1633
78 1795
79 644
79 1791
80 155
80 201
80 216
80 241
80 350
80 519
80 606
80 795
80 941
80 944
80 979
80 1040
80 1399
80 1563
80 1768
81 547
81 676
81 769
81 1177
81 1306
81 1508
81 1647
82 504
82 748
82 933
82 1104
82 1285
82 1439
83 504
83 510
83 1382
83 1570
84 287
84 1113
84 1203
85 247
85 340
85 1562
85 1585
85 1619
86 819
86 958
86 1424
86 1647
87 587
87 1097
87 1158
88 310
88 394
88 631
88 703
88 707
88 1274
88 1461
88 1541
88 1640
88 1658
88 1715
89 490
89 1552
90 299
90 338
90 475
90 734
90 763
90 972
90 1016
90 1204
90 1275
90 1374
90 1595
90 1718
91 198
92 95
92 114
92 474
92 812
92 974
92 1005
92 1641
92 1748
92 1797
93 97
93 479
93 529
93 818
93 1234
93 1379
93 1472
93 1479
93 1507
93 1554
94 470
94 724
94 809
94 914
94 1800
95 114
95 290
95 474
95 739
95 812
95 974
95 977
95 1281
95 1482
95 1485
95 1613
95 1641
95 1748
95 2169
96 341
96 441
96 627
96 917
96 974
96 1015
96 1237
96 1265
96 1276
96 1505
96 1648
96 1739
96 1817
97 206
97 253
97 272
97 346
97 525
97 649
97 1036
97 1281
97 1349
97 1527
97 1848
97 2153
98 276
98 749
98 854
98 864
98 872
98 1210
100 529
100 657
100 857
100 1228
100 1342
101 207
101 317
101 711
101 828
101 1173
101 1468
102 175
102 470
102 535
102 638
102 680
102 740
102 1093
102 1611
103 236
103 265
103 823
103 865
103 1039
104 1510
105 159
105 503
105 970
105 1086
105 1304
105 1573
106 515
106 517
106 577
106 617
106 708
106 875
106 1129
106 1550
106 1628
106 1819
107 123
107 665
107 849
108 702
108 737
108 1611
109 146
109 928
109 1367
109 1455
109 1625
109 1857
110 145
110 195
110 1219
110 1475
110 1630
111 195
111 443
111 693
111 938
111 1204
111 1384
111 1577
112 284
112 977
112 1187
112 1593
112 1808
113 575
113 633
113 650
113 910
113 956
113 1138
113 1311
113 1336
113 1495
113 1680
114 166
114 290
114 474
114 541
114 739
114 812
114 902
114 974
114 1281
114 1482
114 1489
114 1641
115 652
115 773
115 1386
116 357
116 442
116 919
116 1636
117 195
117 297
117 552
117 1257
118 838
119 393
119 1068
119 1173
119 1477
119 1487
120 179
120 1268
120 1414
120 1939
120 2150
121 331
121 472
122 292
122 1794
123 196
123 312
123 405
123 665
123 838
123 1096
123 1412
123 1506
124 150
124 163
124 195
124 574
124 871
124 939
124 1297
126 223
126 245
126 479
126 1373
126 1448
126 1466
126 1494
126 1594
126 1616
126 1619
126 1640
127 242
127 384
127 594
127 699
127 782
127 1465
127 1660
127 1848
128 317
128 1173
128 1390
128 1464
128 1498
128 1550
129 242
129 350
129 632
129 657
129 964
129 1024
129 1036
129 1241
129 1354
129 1448
129 1545
129 1567
130 170
130 389
130 472
130 528
130 712
130 1095
130 1315
130 1735
131 299
131 603
131 942
131 1188
131 1431
132 756
132 1195
132 1410
132 1443
132 1558
132 1575
132 1634
132 1690
132 1747
133 1607
134 864
134 1318
134 1557
134 1743
135 326
135 404
135 622
135 965
135 1064
135 1517
135 1604
136 330
136 566
136 580
136 622
136 675
136 716
136 1362
136 1471
136 1730
137 182
137 196
137 302
137 372
137 953
138 182
138 548
138 1245
138 1610
139 155
139 342
139 653
139 757
139 960
139 1091
139 1510
139 1596
139 1616
139 1764
139 1792
139 1794
139 1892
140 361
140 366
140 580
140 591
140 618
140 1598
140 1687
141 196
141 276
141 963
141 1133
142 289
142 292
142 503
142 821
142 1247
142 1249
142 1308
143 386
143 831
143 1063
143 1074
143 1076
143 1258
143 1676
144 361
144 500
144 570
144 578
144 581
144 1193
144 1286
144 1497
145 614
145 831
145 959
145 998
145 1074
146 293
146 480
146 616
146 770
146 1002
146 1455
146 1625
146 1628
146 1787
147 163
147 399
148 267
148 290
148 397
148 861
148 1747
149 537
149 683
149 770
149 955
149 1083
149 1217
149 1219
149 1521
149 1656
149 1793
150 211
150 585
150 871
150 1749
151 168
151 659
151 764
151 815
151 1110
151 1236
151 1599
151 1658
151 1740
152 356
152 497
152 665
152 1614
152 1769
153 1685
154 403
154 629
154 752
154 985
154 1434
154 1787
154 1802
154 1953
154 2195
155 158
155 351
155 851
155 852
155 870
155 915
155 941
155 979
155 1040
155 1070
155 1139
156 340
156 1275
156 1514
156 1712
157 704
157 1183
157 1239
157 1376
157 1729
158 169
158 317
158 463
158 680
158 744
158 812
158 1023
158 1346
158 1730
159 471
159 684
159 686
159 910
159 1086
159 1125
159 1304
159 1332
159 1573
159 1630
159 1670
159 1687
160 470
160 894
160 921
160 1157
160 1385
160 1471
161 458
161 1092
161 1808
162 433
162 1326
162 1915
163 233
163 446
163 582
163 1593
164 365
164 389
164 421
164 518
164 975
164 1004
164 1562
164 1580
164 1622
164 1678
165 934
165 1082
165 1414
165 1441
165 1692
166 237
166 281
166 671
166 739
166 812
166 862
166 866
166 1037
166 1042
166 1043
166 1338
166 1404
166 1545
166 1776
166 1797
167 930
167 1000
167 1181
167 1371
167 1646
168 328
168 346
168 1006
168 1029
168 1036
168 1061
168 1281
168 1404
168 1530
168 1610
168 1745
169 177
169 243
169 1023
169 1190
169 1346
169 1558
169 1634
169 1777
169 1939
170 242
170 408
170 801
170 1032
170 1316
170 1558
170 1811
171 1340
171 1670
172 1287
173 193
173 277
173 363
173 424
173 557
173 645
173 791
173 1108
173 1145
173 1206
173 1299
173 1369
173 1434
173 1555
174 227
174 542
174 662
174 730
174 775
174 899
174 985
174 1146
174 1179
174 1611
174 1633
174 1690
174 1783
175 180
175 201
175 242
175 284
175 350
175 384
175 497
175 549
175 699
175 1042
175 1184
175 1494
175 1765
176 210
176 323
176 609
176 667
176 808
176 1135
176 1503
176 1584
176 1767
177 730
178 588
178 1525
178 1696
178 1736
178 1753
179 286
179 463
179 516
179 745
179 1761
180 229
180 479
180 657
180 815
180 1226
180 1494
180 1530
180 1847
181 192
181 366
181 444
181 556
181 862
181 1169
181 1268
181 1497
181 1606
181 1617
182 405
182 520
182 672
182 829
182 838
182 1044
182 1150
182 1166
182 1227
182 1412
182 1415
182 1594
182 1610
182 1613
182 1781
183 539
183 580
183 773
183 948
183 1161
183 1251
183 1700
184 455
184 534
184 1217
184 1366
184 1611
185 253
185 272
185 335
185 492
185 1777
185 1791
185 2153
186 492
186 538
186 738
186 969
186 1093
186 1196
186 1353
186 1396
186 1427
186 1750
186 1753
187 661
187 1242
187 1282
188 521
188 777
188 820
188 978
188 1422
188 1500
188 1608
188 1610
188 1613
188 1637
188 1646
188 1727
189 283
189 321
189 377
189 394
189 1017
189 1167
189 1530
189 1599
189 1805
191 669
191 776
191 1564
192 366
192 387
192 515
193 277
193 557
193 1108
193 1206
193 1211
193 1216
193 1299
193 1369
193 1484
193 1500
194 426
194 608
194 873
194 910
194 1157
194 1258
195 297
195 515
195 556
195 568
195 877
195 984
195 1053
195 1522
195 1789
196 609
196 1506
197 771
197 1915
198 320
198 423
198 751
198 769
198 1372
198 1485
198 1546
199 251
199 728
199 892
199 1507
199 1571
199 1671
199 1708
200 236
200 750
200 767
200 771
200 794
200 1073
200 1163
201 795
201 813
201 863
201 1035
201 1395
201 1399
201 1491
201 1541
201 1731
202 523
202 767
203 379
203 550
204 737
204 1055
204 1315
205 309
205 339
205 638
205 698
205 1178
205 1430
205 1618
206 328
206 346
206 380
206 639
206 742
206 1168
206 1188
206 1302
206 1359
206 1405
206 1429
206 1640
206 1755
206 1767
207 467
207 1468
208 534
208 709
208 900
208 1449
208 1523
208 1749
209 283
209 424
209 522
209 912
209 1183
209 1555
209 1564
209 1738
209 1767
210 213
210 237
210 285
210 323
210 660
210 1043
210 1093
211 871
212 238
212 488
213 237
213 238
213 285
213 314
213 345
213 671
213 1005
213 1043
213 1067
213 1189
214 633
215 274
215 460
215 1104
216 639
216 719
216 790
216 801
216 852
216 902
216 971
216 991
216 1093
216 1491
216 1572
216 1578
216 1754
216 1763
217 948
217 1522
218 336
220 413
220 503
220 614
220 998
220 1280
220 1310
221 1158
221 1784
222 664
223 245
223 328
223 627
223 917
223 1038
223 1069
223 1288
223 1377
223 1618
223 1637
223 1640
223 1778
224 259
224 627
224 1175
224 1188
224 1458
224 2172
225 495
225 568
225 588
225 1150
225 1469
226 235
226 1184
226 1513
226 1556
226 1647
227 401
227 436
227 609
227 705
227 889
227 1146
227 1169
227 1799
228 269
228 456
228 499
228 651
228 691
228 874
228 1398
228 1605
228 1758
229 245
229 657
229 826
229 1118
230 676
230 867
231 319
231 322
231 665
231 1166
232 372
232 1324
232 1336
232 1402
232 1680
233 426
233 876
233 1569
234 1422
234 1668
235 1028
235 1141
235 1144
235 1778
236 701
236 843
236 1073
236 1207
236 1210
236 1407
237 666
237 739
237 854
237 915
237 1139
237 1189
237 1706
238 377
238 742
238 1216
238 1648
239 1487
239 1561
240 259
240 362
240 664
240 665
240 829
240 836
240 1029
240 1174
240 1409
240 1499
240 1707
240 1792
241 396
241 512
241 519
241 552
241 698
241 756
241 979
241 1019
241 1070
241 1291
241 1295
242 379
242 418
242 429
242 859
242 1187
242 1245
242 1559
242 1707
242 1848
243 252
243 327
243 344
243 388
243 566
243 606
243 916
243 1041
243 1199
243 1395
243 1677
243 1763
244 856
244 1273
244 1844
245 310
245 681
245 917
245 1069
245 1072
245 1395
245 1448
245 1594
245 1618
245 1637
245 1640
246 261
246 469
246 663
246 693
246 724
246 750
246 803
246 951
246 1174
246 1214
246 1378
247 518
247 972
247 1196
247 1283
247 1373
247 1562
247 1585
247 1619
248 522
248 557
248 645
248 739
248 776
248 791
248 912
248 1135
248 1564
249 626
249 1285
249 1490
249 1560
249 2195
250 351
250 391
250 642
250 668
250 813
250 855
250 979
250 1041
250 1199
250 1201
250 1395
251 473
251 753
251 1250
251 1269
251 1436
251 1571
251 1637
251 1646
251 1708
252 327
252 337
252 463
252 566
252 606
252 855
252 916
252 1041
252 1201
252 1584
252 1677
252 1763
253 318
253 521
253 673
253 1262
253 1361
253 1548
253 1616
253 1640
253 2153
254 543
254 548
254 1039
254 1238
254 1519
254 1661
255 944
255 1110
255 1291
255 1295
255 1419
255 1584
255 1776
256 460
256 722
256 1420
256 1531
256 1919
257 277
257 338
257 475
257 518
257 722
257 763
257 1283
257 1358
257 1374
257 1585
257 1619
257 1709
257 1718
258 1231
258 1406
258 1408
258 1424
258 1623
258 1663
259 1151
259 1174
259 1188
259 1458
259 1462
259 1691
259 1716
260 482
260 1815
261 266
261 350
261 796
261 836
261 845
261 951
261 1174
262 365
262 696
262 889
262 1006
262 1008
262 1145
262 1211
262 1371
262 1484
262 1496
262 1555
263 420
263 1528
263 1543
263 1742
264 265
264 527
264 532
264 1039
264 1134
264 1423
264 1552
264 1558
264 1572
264 1661
264 1796
265 823
265 824
265 865
265 982
265 1039
265 1203
265 1514
265 1552
265 1661
267 1603
268 374
269 374
269 653
269 682
269 1787
271 320
271 712
271 1054
271 1102
271 1267
271 1772
272 549
272 633
272 662
272 985
272 1104
272 1179
272 1805
273 444
273 473
273 1706
274 805
274 1104
274 1533
274 1643
274 1706
275 312
275 324
275 1205
275 1481
275 1785
276 426
276 575
276 963
276 1124
276 1719
276 1787
277 505
277 518
277 522
277 557
277 763
277 791
277 860
277 1007
277 1108
277 1211
277 1299
277 1434
277 1564
277 1718
278 279
278 382
278 396
278 408
278 512
278 657
278 740
278 789
278 1019
278 1172
278 1277
278 1341
278 1364
278 1554
278 1563
278 1588
278 1773
278 1797
279 344
279 502
279 808
279 860
279 889
279 1211
279 1232
279 1484
279 1613
280 315
280 630
280 810
280 1377
281 866
281 1037
281 1547
281 1789
281 1792
282 310
282 312
282 640
282 666
282 1019
282 1172
282 1204
282 1293
282 1478
282 1609
282 1627
282 1724
283 321
283 332
283 377
283 475
283 603
283 634
283 1017
283 1530
283 1585
284 329
284 1184
284 1338
284 1514
284 1593
284 1633
285 1043
286 733
286 813
286 902
286 976
286 1142
286 1571
287 1113
287 1203
287 1205
287 1551
288 395
288 1118
288 1184
288 1226
288 1422
288 1482
288 1795
288 1800
289 439
289 721
289 928
289 946
289 1059
289 1757
290 344
290 497
290 944
290 971
290 1043
290 1482
290 1613
290 1654
291 611
291 681
291 868
291 909
291 930
291 1235
291 1640
291 1712
292 298
292 514
292 651
292 884
292 967
292 1308
292 1636
293 409
293 542
293 927
293 1249
293 1308
294 350
294 510
294 547
294 751
294 765
294 799
294 890
294 1184
294 1508
294 1593
294 1675
295 298
295 573
295 1964
296 940
296 1131
296 1488
297 515
297 516
297 556
297 864
297 877
297 896
297 1257
298 884
298 1605
298 1607
298 1636
299 338
299 734
299 1358
299 1431
299 1513
299 1595
299 1718
300 805
300 1401
300 1685
301 547
301 588
301 613
301 679
301 845
301 955
301 1219
301 1224
301 1450
301 1466
302 1487
303 834
303 900
303 927
303 959
303 1116
304 567
304 836
304 1749
305 561
306 1031
306 1761
307 454
307 717
307 726
307 748
307 861
307 1090
307 1377
307 1389
307 1498
308 567
309 396
309 740
309 766
309 1341
309 1461
309 1563
310 634
310 640
310 703
310 1038
310 1204
310 1265
310 1461
310 1478
310 1618
311 1022
312 324
312 339
312 388
312 548
312 663
312 771
312 838
312 1080
312 1100
312 1586
312 1753
313 789
314 826
314 1005
314 1006
314 1404
314 1745
314 1765
314 1783
315 607
315 886
315 887
315 988
315 1165
315 1661
316 823
316 824
316 829
316 865
316 1173
316 1544
317 824
317 988
317 1173
317 1266
317 1464
317 1522
317 1558
317 1782
318 673
318 863
318 1141
318 1144
318 1262
318 1287
318 1548
319 339
319 638
319 809
319 1029
319 1396
319 1610
319 1795
319 2153
320 423
320 712
320 1261
320 1306
320 1372
320 1483
320 1712
320 1790
321 377
321 394
321 1017
321 1144
321 1167
321 1405
321 1530
321 1599
322 434
322 633
322 847
322 997
322 1099
322 1155
322 1361
322 1476
322 1504
322 1667
323 1163
324 448
324 472
324 568
324 621
324 1205
324 1481
324 1635
324 1666
324 1785
325 347
325 377
325 557
325 1143
325 1234
325 1272
325 1275
325 1460
325 1564
325 1645
325 1650
325 1773
326 358
326 477
326 507
326 775
326 990
326 1054
326 1130
326 1303
326 1306
326 1517
326 1647
326 1695
326 1710
326 1749
326 1766
327 485
327 566
327 606
327 698
327 832
327 852
327 916
327 1041
327 1677
328 346
328 380
328 742
328 1167
328 1191
328 1225
328 1237
328 1359
328 1387
328 1400
328 1640
328 1781
329 497
329 498
329 1514
329 1593
329 1716
329 1750
329 1777
330 528
330 690
330 724
330 725
330 839
330 971
330 988
330 1093
330 1264
330 1465
330 1666
331 709
331 1321
331 1520
331 1569
331 1817
332 866
332 1024
332 1061
332 1274
332 1338
332 1514
332 1545
333 379
333 930
333 1646
334 635
334 658
334 753
334 814
334 1030
334 1143
334 1504
334 1632
334 1639
334 1658
335 354
335 504
335 550
335 699
335 1416
335 1560
336 372
336 866
336 910
336 1481
337 526
337 542
337 586
337 919
337 927
338 722
338 972
338 1283
338 1358
338 1374
338 1595
338 1718
338 1794
339 346
339 1029
339 1061
339 1100
339 1530
340 547
340 559
340 603
340 764
340 1027
340 1275
340 1432
340 1527
340 1717
340 1728
341 1412
342 456
342 542
342 919
342 1091
342 1223
342 1278
342 1440
342 1445
342 1596
343 485
343 548
343 838
343 852
343 1006
343 1067
343 1139
343 1415
343 1572
344 671
344 808
344 1145
344 1206
344 1211
344 1232
344 1482
344 1613
344 1765
344 1799
345 1189
346 380
346 631
346 742
346 865
346 1029
346 1302
346 1359
346 1429
346 1554
346 1640
347 553
347 937
347 946
347 1394
347 1603
348 399
348 434
348 669
348 1054
348 1058
348 1102
348 1243
348 1336
348 1590
349 414
349 415
349 596
349 600
349 624
349 735
349 782
349 1629
350 479
350 549
350 1241
350 1245
351 391
351 552
351 642
351 668
351 813
351 855
351 915
351 979
351 1019
351 1199
351 1201
351 1213
351 1395
351 1399
351 1563
352 604
352 731
352 993
352 1531
352 1549
352 1804
353 859
353 1424
353 1592
353 1694
353 1780
354 460
354 726
354 751
354 1176
355 685
355 779
355 1188
355 1287
355 1288
355 1291
355 1485
355 1548
355 1682
355 1718
356 431
356 551
357 569
357 793
357 1322
357 1704
358 455
358 1130
358 1133
358 1366
358 1517
359 1271
359 1692
360 361
360 452
360 515
360 705
360 1045
360 1193
360 1375
360 1529
361 452
361 580
361 948
361 1045
361 1362
361 1760
362 664
362 1174
362 1753
363 557
363 808
363 925
363 1206
363 1555
363 1738
364 497
364 826
364 1338
364 1588
364 1745
364 1783
365 369
365 710
365 1008
365 1009
365 1145
365 1299
365 1434
365 1738
365 1799
366 515
366 830
366 882
366 1598
366 1631
367 626
367 1163
367 1498
368 912
368 1008
368 1009
368 1799
369 1637
369 1738
370 435
370 638
370 707
370 935
370 1415
370 1547
370 1637
370 1692
371 746
372 455
372 488
372 1494
373 442
373 514
373 1307
373 1605
373 1607
374 411
374 737
374 1082
374 1096
375 708
375 908
375 1076
375 1103
375 1127
375 1443
375 1476
376 407
376 591
376 837
376 861
376 948
376 1209
376 1297
376 1631
377 1545
377 1599
378 1000
378 1181
378 1371
378 1496
379 399
379 545
379 1263
379 1441
379 1646
379 1727
379 1812
380 742
380 1036
380 1302
380 1429
381 613
381 1036
381 1152
381 1801
381 1805
383 388
383 828
383 1030
383 1586
383 1753
384 973
386 687
386 689
386 875
386 1074
386 1076
386 1576
386 1710
386 2021
388 566
388 838
388 855
388 1030
388 1586
388 1730
388 1773
389 845
389 925
389 1196
389 1424
389 1585
389 1595
390 419
390 566
390 660
391 813
391 944
391 1470
391 1693
392 727
392 824
392 887
392 1165
392 1266
392 1661
393 861
393 879
393 1390
393 1725
393 1786
394 603
394 669
394 863
394 942
394 1028
394 1541
394 1658
395 492
396 566
396 740
396 813
396 1563
396 1584
397 1134
398 577
398 689
398 830
398 907
398 1077
398 1083
398 1127
398 1253
398 1518
398 1521
399 545
399 739
399 783
399 871
399 879
399 1397
399 1501
399 1695
400 574
400 721
400 830
400 1077
400 1083
400 1518
401 1525
401 1696
401 1736
402 517
402 566
402 578
402 580
402 882
402 1050
402 1056
402 1193
402 1326
403 404
403 679
403 1091
405 571
405 796
405 937
405 1059
405 1085
405 1221
405 1757
405 2172
406 1162
406 1198
406 1298
406 1512
407 453
407 744
407 780
407 896
407 1018
407 1057
407 1062
407 1140
407 1171
407 1285
407 1323
407 1362
407 1477
407 1690
408 512
408 606
408 740
408 813
408 1415
408 1563
408 1645
408 1693
408 1702
408 1773
409 410
409 511
409 946
409 1122
409 1132
409 1620
409 1626
410 545
410 568
410 1625
410 1626
411 577
411 1363
412 900
412 1583
412 1600
413 614
413 998
413 1219
413 1676
414 785
415 422
415 431
415 619
415 620
415 787
415 992
417 1453
418 466
419 491
419 512
419 660
419 813
419 849
419 976
419 1773
420 678
420 1414
420 1490
420 1543
420 1725
420 1742
421 1004
421 1622
422 428
422 431
422 551
422 597
422 787
422 788
423 769
423 953
423 1372
423 1546
423 1770
424 860
424 1299
424 1369
424 1434
424 1608
425 623
426 1817
427 544
427 1025
427 1314
427 1366
427 1685
428 597
428 619
428 620
428 788
428 992
428 1185
429 1181
429 1784
430 595
430 599
430 736
431 551
431 598
431 619
431 620
431 741
431 785
431 788
431 1454
431 1801
432 572
432 628
432 1684
432 1733
433 903
433 1087
433 1326
433 1577
433 1753
434 477
434 764
434 972
434 1020
434 1106
434 1243
434 1284
434 1334
434 1504
435 1062
436 588
436 1465
436 1583
437 472
437 570
437 574
437 1309
437 1329
437 1602
438 470
438 1397
438 1401
438 1651
438 1656
438 1685
439 946
439 1157
439 1162
439 1475
440 1455
441 681
441 1061
441 1069
441 1170
441 1357
441 1463
441 1505
441 1648
441 1739
442 456
442 573
442 955
442 960
442 1607
443 693
443 938
443 1123
443 1501
443 1580
443 1695
443 1699
444 446
444 879
444 952
444 1107
444 1122
444 1218
444 1441
444 1600
444 1653
444 1775
444 2169
445 589
445 684
445 1048
445 1125
445 1219
445 1264
445 1332
446 450
446 488
446 622
446 1329
446 1604
446 1785
446 1786
447 876
447 987
447 1123
447 1133
447 1150
447 1239
447 1580
447 1684
447 1785
448 457
448 570
448 581
448 585
448 628
448 656
448 714
448 1393
448 1444
449 657
449 680
449 964
449 1007
449 1024
449 1191
449 1195
449 1479
449 1567
449 1588
449 1795
450 570
450 574
450 701
450 1385
450 1764
451 485
451 503
451 566
451 861
451 1050
451 1129
452 590
452 721
452 875
452 1375
452 1380
452 1688
453 780
453 896
453 1031
453 1136
453 1140
453 1631
453 1635
453 1668
454 577
454 1759
454 1819
454 1960
455 488
455 534
455 563
455 705
455 987
455 1217
455 1336
455 1366
455 1538
455 1719
456 542
456 573
456 592
456 924
456 955
457 585
458 782
458 1092
459 938
460 508
460 1176
460 1382
460 1420
460 1919
461 643
461 696
461 1006
461 1616
461 1662
461 1713
462 674
462 1428
462 1441
462 1465
462 1651
462 1960
463 485
463 491
463 667
463 698
463 795
463 852
463 916
463 1199
463 1677
463 1727
463 1730
464 825
464 973
464 1509
464 1771
465 1207
465 1646
466 714
466 1217
466 1465
466 1568
466 1960
467 1073
468 476
468 1385
469 877
469 1018
469 1442
469 1676
470 506
470 639
470 724
470 958
470 971
470 1093
470 1377
470 1385
470 1685
471 831
471 1474
471 1801
472 591
472 864
472 1048
472 1078
472 1123
472 1309
472 1319
472 1444
472 1602
473 1706
474 812
474 849
474 974
474 1571
474 1641
474 1645
475 518
475 722
475 734
475 763
475 972
475 1129
475 1283
475 1299
475 1358
475 1374
475 1460
475 1585
475 1619
475 1718
476 831
476 1079
476 1154
476 1324
476 1339
477 496
477 507
477 582
477 963
477 1054
477 1130
477 1284
477 1517
477 1696
477 1785
478 1063
478 1132
478 1224
478 1305
478 1554
478 1788
478 2172
479 550
479 632
479 635
479 857
479 1013
479 1038
479 1140
479 1276
479 1396
479 1479
479 1637
479 1666
479 1715
480 503
480 575
480 1787
480 1815
480 2172
481 714
481 1217
481 1318
481 1471
481 1784
482 608
482 1815
484 928
484 937
484 1512
485 566
485 698
485 851
485 852
485 870
485 1139
485 1572
485 1727
485 1730
485 1763
485 1807
487 685
487 724
487 930
487 1288
487 1503
488 534
488 537
488 563
488 621
488 965
488 1635
488 1699
489 566
489 837
489 1084
489 1253
489 1389
489 1862
489 2043
489 2134
490 515
490 797
490 933
490 1077
490 1273
490 1389
490 1459
491 512
491 667
491 698
491 832
491 1260
491 1572
491 1693
491 1730
491 1767
492 915
492 976
492 1173
492 1300
492 1414
492 1482
492 1791
494 560
494 925
494 1124
494 1444
494 1471
494 1674
495 834
495 845
495 1164
495 1227
495 1469
495 1801
496 593
496 938
496 963
496 1054
496 1130
496 1284
497 529
497 646
497 1005
497 1160
497 1338
497 1479
497 1777
497 1791
498 809
498 988
498 1426
498 1707
498 1716
498 1721
498 1722
498 1750
499 1046
499 1636
500 1786
501 1247
501 1343
501 1762
502 889
502 1007
502 1206
502 1232
502 1500
502 1608
503 945
503 1091
503 1304
503 1437
503 1455
503 1787
504 550
504 939
504 943
504 1057
504 1242
504 1416
504 1514
505 763
505 779
505 791
505 1149
505 1737
506 1377
506 1385
506 1558
506 1690
507 534
507 732
507 1384
507 1517
507 1621
507 1673
507 1834
508 726
508 911
508 1011
508 1403
509 721
509 748
509 903
509 995
509 1251
509 1389
509 1701
509 2035
510 549
510 783
510 890
510 993
510 1014
510 1124
510 1381
510 1492
512 552
512 1035
512 1295
512 1693
512 1773
513 1596
513 1794
514 625
514 758
514 760
514 1636
515 517
515 556
515 877
515 1123
515 1129
515 1193
515 1522
516 877
516 1769
517 566
517 578
517 581
517 1375
518 722
518 734
518 763
518 1108
518 1283
518 1358
518 1619
519 552
519 642
519 668
519 698
519 795
519 851
519 855
519 1040
519 1070
519 1238
519 1291
519 1634
520 697
520 983
520 1166
520 1227
520 1413
521 696
521 826
521 898
521 1160
521 1489
521 1583
521 1727
522 791
522 925
522 1007
522 1484
522 1564
523 558
523 652
523 1090
523 1173
523 1268
523 1312
524 943
524 949
525 649
525 930
525 1354
525 1660
525 1691
526 682
526 700
526 1591
527 1661
529 657
529 857
529 1024
529 1191
529 1228
529 1274
529 1277
529 1479
529 1588
530 628
530 646
530 861
530 1300
531 700
532 698
532 851
532 870
532 979
532 1019
532 1572
532 1584
533 695
533 833
533 968
533 999
533 1343
533 1452
534 641
534 836
534 845
534 864
534 872
534 1054
534 1210
534 1366
534 1384
534 1424
534 1621
534 1635
534 1696
534 1729
534 1834
535 607
535 644
535 730
535 826
535 1245
535 1410
535 1745
535 1783
537 638
537 955
537 1501
537 1518
537 1656
538 969
539 1700
540 570
540 948
540 1194
541 812
541 1403
541 1707
542 573
542 586
542 647
542 919
542 927
542 1625
542 1787
543 607
543 626
543 1104
543 1335
543 1403
543 1467
544 1179
544 1207
544 1314
544 1366
544 1373
544 1586
544 1611
545 792
545 1263
545 1975
546 823
546 1095
546 1537
546 1732
547 694
547 729
547 817
547 1282
547 1667
547 1729
547 1780
548 607
548 672
548 843
548 1166
548 1415
548 1561
548 1610
548 1613
549 644
549 799
549 829
549 1184
549 1191
549 1242
549 1523
549 1672
550 646
550 699
550 1242
550 1414
550 1672
551 598
551 619
551 1185
552 795
552 813
552 915
552 1035
552 1040
552 1291
552 1295
552 1399
552 1507
552 1584
552 1768
553 687
553 920
553 1074
553 1083
553 1475
553 1511
554 669
554 791
554 893
554 1167
554 1590
555 619
555 1454
556 618
556 716
556 1257
556 1305
556 1477
556 1617
556 1764
557 722
557 1299
557 1369
557 1555
557 1619
557 1650
558 1386
558 1734
558 2179
559 1034
559 1168
559 1219
559 1432
559 1527
559 1717
559 1728
560 609
560 780
560 845
560 1809
561 679
561 878
561 1091
562 773
562 923
562 1117
562 1251
563 1212
563 1517
564 634
564 635
564 672
564 681
564 806
564 807
564 994
564 1167
564 1359
564 1632
564 1705
565 748
565 775
565 963
566 606
566 916
566 1513
566 1677
566 1763
566 1811
567 1122
567 1466
567 1651
567 1793
568 844
568 1063
568 1074
568 1076
568 1150
568 1224
568 1466
568 1594
569 615
569 961
569 1322
570 882
570 1194
570 1286
570 1673
570 1769
571 713
571 928
571 1059
571 1156
571 1442
571 1620
571 1757
572 582
572 921
574 618
574 662
574 745
574 871
574 1323
574 1522
574 1598
574 1601
574 1604
574 1757
574 1764
575 1506
575 1681
576 1094
576 1194
576 1397
576 1441
576 1654
576 1793
577 708
577 721
577 1759
577 1760
577 1819
578 1193
578 1326
579 987
580 591
580 628
580 716
580 882
580 948
580 1449
580 1598
580 1687
581 1393
581 1651
582 1284
582 1384
583 1834
583 1855
583 1910
585 716
585 762
585 871
585 1444
585 1449
585 1471
586 682
586 927
586 945
586 1091
586 1787
587 729
587 1574
588 593
588 1696
588 1736
589 613
589 1048
589 1683
590 875
590 885
590 1050
590 1087
590 1193
590 1380
590 1438
591 1136
591 1631
591 1635
591 1700
591 1741
593 669
593 997
593 1020
593 1079
593 1152
593 1284
594 829
594 1118
594 1667
595 599
595 600
595 782
595 1352
596 597
597 601
597 620
597 992
598 620
598 785
598 787
598 1910
599 602
599 733
599 786
599 1312
599 1348
599 1351
599 1477
599 1629
600 733
600 735
600 755
600 782
600 786
600 787
600 1351
600 1453
600 1629
601 2011
602 623
602 995
602 1453
603 942
603 1027
603 1272
603 1275
603 1432
603 1541
603 1649
603 1728
604 704
604 731
604 1873
605 608
605 1163
605 1278
606 698
606 755
606 832
606 916
606 1041
606 1563
606 1677
607 674
607 701
607 887
607 982
607 1203
607 1270
607 1528
607 1661
608 932
608 1455
609 777
609 805
609 1194
609 1472
609 1613
609 1637
609 1664
609 1763
609 1767
609 1776
611 1106
611 1235
611 1662
612 825
612 1004
613 713
613 761
613 1258
613 1303
613 1372
613 1683
613 1697
613 1805
614 689
614 998
614 1501
615 719
615 1322
615 1605
615 1607
615 1704
616 1002
616 1455
616 1625
616 1696
616 1787
617 875
617 1550
617 1579
618 716
618 1056
618 1194
618 1635
618 1741
619 620
619 992
620 787
620 992
620 1454
621 656
621 1520
621 1569
622 716
622 1604
622 1769
623 624
623 733
623 736
623 1186
623 1348
625 967
625 1115
625 1636
626 773
626 817
626 865
626 1420
626 1498
627 917
627 1071
627 1357
628 1050
628 1056
628 1525
628 1538
629 741
630 1438
630 1746
631 703
631 815
632 635
632 1265
632 1448
632 1632
633 1744
634 806
634 994
634 1044
634 1204
634 1504
635 651
635 806
635 994
635 1170
635 1359
635 1632
635 1658
635 1715
635 1740
636 720
636 1097
637 1271
637 1725
638 657
638 782
638 1226
638 1482
638 1637
639 724
639 767
639 971
639 1093
639 1214
639 1814
640 694
640 792
640 809
640 815
640 1204
640 1609
640 1627
640 1724
641 702
641 850
641 872
641 1210
641 1424
641 1525
641 1719
641 1736
642 1041
642 1199
642 1811
643 696
643 996
643 1006
643 1276
643 1616
643 1662
643 1713
644 824
644 1134
644 1222
644 1266
644 1377
644 1416
645 720
645 808
645 860
645 1299
645 1434
645 1484
645 1555
645 1608
646 977
646 1007
646 1472
646 1514
646 1686
647 830
648 695
648 833
648 968
648 999
648 1247
648 1452
649 829
649 930
649 1354
649 1391
649 1394
649 1691
650 1444
650 1540
651 874
651 989
651 1308
652 1219
652 1255
652 1268
652 1360
652 1386
652 1459
652 1802
653 757
653 758
653 922
653 1075
653 1596
653 1794
654 715
655 700
655 1223
655 1249
655 1308
655 1445
656 882
656 948
656 1393
656 1789
657 964
657 1007
657 1479
657 1554
657 1567
657 1588
657 1795
658 814
658 1034
658 1112
658 1504
659 1027
659 1168
659 1275
659 1432
659 1527
659 1649
659 1728
660 978
660 1731
660 1776
661 765
661 768
661 867
661 1242
661 1382
661 1435
661 1600
662 985
662 1179
662 1515
663 693
663 796
663 838
663 951
663 1373
663 1415
664 739
664 840
664 847
664 899
664 1166
664 1245
664 1409
665 672
665 828
665 1134
665 1245
665 1373
665 1394
666 808
666 925
666 1293
666 1765
667 1035
667 1419
667 1584
667 1730
668 1041
669 776
669 814
669 893
669 1243
669 1246
669 1590
669 1595
670 1487
671 1043
671 1189
671 1797
672 1166
672 1689
673 807
673 863
673 1225
673 1287
673 1413
673 1546
673 1548
673 1610
673 1781
674 1166
674 1939
674 1960
676 890
676 1239
676 1261
676 1593
676 1603
678 827
678 1011
678 1271
679 878
679 888
679 1091
679 1138
679 1303
679 1576
679 1581
680 744
680 857
680 1195
680 1277
680 1567
680 1588
680 1777
680 1795
681 710
681 1069
681 1170
681 1357
681 1739
681 1740
682 1086
683 687
683 998
683 1083
683 1439
683 1660
684 949
684 1132
684 1135
684 1202
684 1630
685 1287
685 1288
685 1502
685 1546
685 1557
685 1743
686 745
686 1090
686 1132
686 1169
686 1202
686 1300
686 1309
686 1459
686 1617
686 1764
687 1063
687 1074
687 1319
687 1449
687 1457
687 1676
687 2015
688 821
688 1249
688 1308
688 1446
689 830
689 954
689 1156
689 1501
690 702
690 1218
690 1472
692 1135
692 1806
693 1502
693 1523
693 1749
694 817
694 1022
694 1100
694 1176
694 1373
694 1483
694 1729
694 1790
695 833
695 919
695 968
695 999
695 1026
695 1443
695 1452
696 1006
696 1007
696 1145
696 1265
696 1496
696 1724
697 733
697 1032
697 1142
697 1558
697 1747
697 1751
698 800
698 832
698 852
698 870
698 1019
698 1201
698 1395
698 1634
698 1730
698 1754
699 1065
699 1100
699 1485
699 1663
700 1518
701 1073
701 1240
701 1612
702 1384
702 1485
703 707
703 1038
703 1274
703 1461
703 1618
703 1639
704 817
704 1013
704 1261
704 1376
704 1406
704 1483
704 1729
704 1780
704 1790
704 1802
705 805
705 1031
705 1146
705 1202
705 1309
705 1635
706 1273
706 1343
707 1206
707 1415
707 1500
708 955
708 1059
708 1121
708 1221
708 1389
708 1443
708 1457
708 1516
709 900
709 909
709 1040
709 1520
709 1817
710 722
710 779
710 1175
710 1737
710 1740
711 977
711 1003
711 1036
711 1354
712 1267
713 1591
714 1217
714 1314
714 1315
714 1444
714 1465
714 1510
714 1753
715 802
715 1589
716 1635
717 861
717 1060
717 1076
717 1521
717 1628
717 1813
717 1952
718 1121
718 1579
718 1757
718 1819
718 2169
720 860
720 1299
720 1369
720 1434
720 1484
720 1500
720 1555
720 1738
720 1975
721 748
721 946
721 995
721 1516
721 1701
721 2038
722 734
722 763
722 1283
722 1358
722 1374
722 1718
723 1138
723 1318
724 767
724 803
724 971
724 1093
724 1214
724 1378
724 1458
724 1654
725 1152
725 1447
726 1011
727 1165
727 1707
728 1558
728 1702
728 1708
729 1473
729 1574
730 826
730 1739
730 1743
730 1745
730 1783
731 993
731 1873
732 867
732 1022
732 1058
732 1489
732 1549
732 1559
733 804
733 1032
733 1348
733 1390
733 1491
733 1493
733 1793
734 752
734 779
734 863
734 1358
734 1595
734 1709
736 741
737 900
737 1055
738 782
738 950
738 974
738 1271
738 1353
739 1776
740 1040
740 1291
740 1295
740 1491
740 1702
741 785
741 1350
742 893
742 1302
742 1359
742 1545
742 1640
742 1648
742 1658
743 748
743 888
743 1219
744 795
744 1024
744 1140
744 1195
744 1277
744 1368
744 1479
745 939
745 943
745 1060
745 1164
745 1390
745 1443
745 1521
745 1628
746 933
746 1052
746 1117
746 1251
746 1312
746 1360
747 956
747 1454
748 892
748 943
748 1113
748 1137
748 1251
748 1270
748 1273
748 1292
748 1312
748 1814
749 864
749 872
749 1210
750 767
750 771
750 951
750 1174
751 769
751 867
751 1011
753 1269
754 900
754 1388
754 1583
754 1770
755 781
756 800
756 868
756 966
756 1575
756 1634
757 960
757 1596
757 1794
758 960
758 1392
758 1501
759 999
759 1159
761 997
763 1108
763 1283
763 1358
763 1374
763 1564
763 1585
763 1595
763 1718
763 1767
764 1110
764 1168
764 1275
764 1394
764 1504
764 1538
765 890
765 1242
765 1675
765 1725
765 1771
766 772
766 808
766 1222
766 1277
766 1416
766 1567
766 1571
767 1458
767 1472
768 1051
768 1749
769 1306
769 1372
769 1508
769 1546
769 1675
770 796
770 962
770 1407
770 1793
771 838
771 1394
772 773
772 802
772 885
772 1113
772 1153
772 1209
772 1312
772 1589
772 1844
773 802
773 881
773 885
773 923
773 980
773 1090
773 1113
773 1153
773 1203
773 1209
773 1385
773 1589
773 1759
774 783
774 819
774 1013
775 1062
775 1140
775 1364
775 1497
776 1106
776 1217
776 1246
776 1504
777 820
777 832
777 1608
777 1613
777 1637
777 1646
777 1767
778 1163
779 1004
779 1413
779 1478
779 1682
779 1709
779 1713
779 1737
780 896
780 1057
780 1062
780 1136
780 1140
780 1414
780 1514
781 792
782 788
782 1231
782 1489
782 1660
782 1706
782 1707
782 1721
783 819
783 840
783 1013
784 804
786 788
787 992
789 1007
789 1364
789 1771
790 801
790 816
790 969
790 971
790 1686
791 1108
791 1564
791 1737
792 809
792 815
792 976
792 1466
792 1660
792 1721
793 961
794 805
794 1022
794 1502
795 944
795 1019
795 1040
795 1272
796 962
796 1689
797 918
797 1653
799 802
799 885
799 1133
799 1150
799 1209
799 1589
799 1692
800 966
800 1195
800 1346
800 1472
800 1575
800 1634
800 1690
801 1093
801 1433
801 1571
801 1688
801 1708
802 885
802 980
802 1209
802 1220
802 1270
802 1552
802 1589
802 2015
802 2157
803 1214
803 1378
803 1412
804 1089
805 844
805 984
805 1094
805 1107
805 1122
805 1146
805 1202
806 807
806 813
806 994
806 1215
806 1359
806 1632
806 1658
806 1696
806 1705
807 1183
807 1287
807 1342
807 1548
807 1632
807 1639
807 1711
807 1718
808 925
808 1293
808 1484
808 1718
809 1426
809 1716
809 1800
811 1400
811 1616
813 976
813 1491
813 1563
814 1112
814 1236
814 1504
814 1751
814 1778
815 1110
815 1354
815 1735
816 1038
816 1144
816 1208
816 1405
816 1658
817 1013
817 1712
817 1729
817 1780
817 1785
817 1802
818 1065
818 1672
819 840
820 1608
820 1637
821 1059
821 1620
822 1260
823 865
823 1498
824 982
824 1266
824 1269
824 1419
824 1572
825 1664
826 966
826 1005
826 1690
826 1745
826 1783
826 1848
828 1526
828 1634
829 1458
829 1462
829 1527
829 1779
830 841
830 954
830 1048
830 1055
830 1074
830 1076
830 1077
830 1083
830 1138
830 1156
830 1346
830 1459
830 1501
830 1518
830 1524
830 1628
830 1695
831 888
831 954
831 1074
831 1154
831 1303
831 1694
831 1699
832 855
832 916
832 1019
832 1295
833 959
833 999
833 1247
833 1297
833 1343
833 1452
833 1516
834 1428
834 1810
835 1107
836 977
836 1409
836 1686
837 1045
837 1084
838 1211
838 1234
838 1394
838 1409
838 1415
838 1538
838 1586
838 1610
838 1613
838 1753
839 1611
840 899
840 1011
840 1022
840 1176
840 1435
841 1521
841 1606
841 2056
842 955
843 1073
843 1207
843 1210
843 1270
843 1407
843 1528
844 1466
845 850
845 938
845 1130
845 1210
845 1402
845 1424
845 1647
845 1696
846 884
846 907
846 979
846 1020
846 1253
847 1128
847 1166
847 1404
847 1422
849 1489
849 1559
849 1716
850 1241
850 1402
850 1448
850 1578
850 1639
850 1817
851 852
851 870
851 979
851 1019
851 1040
851 1070
851 1213
851 1346
851 1399
851 1702
852 870
852 1139
852 1572
852 1693
852 1730
852 1807
853 1116
853 1198
853 1200
853 1230
853 1391
854 915
854 1262
854 1276
855 870
855 915
855 979
855 1040
855 1070
855 1277
855 1395
855 1438
856 1270
856 1273
856 1305
856 1628
857 1024
857 1191
857 1228
857 1479
857 1588
858 896
858 1703
859 1184
859 1241
859 1245
859 1592
859 1777
859 1791
859 2153
860 1369
860 1484
860 1500
860 1709
860 1738
861 896
861 1263
861 1377
861 1522
861 1698
862 1514
862 1789
862 1792
863 972
863 1028
863 1141
863 1548
863 1658
864 872
864 1004
864 1210
865 1173
865 1391
865 1574
866 1037
866 1354
866 1514
866 1792
866 1793
867 1382
868 904
869 1271
869 1425
870 1070
870 1139
870 1195
870 1572
870 1634
870 1702
871 1263
871 1444
872 1210
872 1424
872 1668
873 1157
874 924
875 882
875 1056
875 1129
875 1315
875 1550
876 941
876 963
876 1324
876 1329
876 1331
876 1384
877 1096
878 910
878 1219
878 1284
878 1332
879 925
879 1397
879 1621
880 1512
881 1092
881 1104
881 1122
881 1153
882 948
882 1390
882 1393
882 1550
883 1450
883 1657
884 1169
884 1171
884 1628
884 1636
884 1701
885 980
885 1209
885 1270
885 1308
885 1589
885 1701
885 1759
887 1661
888 998
888 1303
888 1332
888 1457
888 1581
888 2038
889 1206
889 1211
889 1216
889 1232
889 1484
889 1500
890 1485
890 1508
890 1675
890 1729
891 1537
892 988
892 1707
892 1708
892 1747
893 1106
893 1235
893 1243
893 1504
893 1545
895 1151
895 1182
896 1060
896 1122
896 1136
896 1512
896 1653
896 1703
896 1764
897 1417
897 1566
898 903
898 1856
899 908
899 939
899 943
899 1087
899 1365
899 1633
899 1732
900 1583
900 1652
900 1770
900 1802
902 1423
903 998
903 1087
903 1318
903 1577
904 1006
904 1029
904 1173
904 1264
904 1633
905 1077
905 1758
906 1053
906 1418
906 1810
907 936
907 1223
907 1252
907 1439
907 1521
908 1103
908 1308
908 1457
908 1476
908 1668
908 1784
909 1020
909 1081
909 1158
909 1284
909 1324
909 1515
909 1580
910 1048
910 1125
910 1630
910 1683
911 1915
912 1216
912 1232
912 1299
912 1500
912 1645
912 1731
913 1134
913 1268
914 971
914 1093
914 1404
915 941
915 1341
915 1751
916 1041
916 1572
916 1677
916 1763
917 1044
917 1071
917 1237
918 1394
918 1653
919 927
919 936
919 1156
919 1278
920 1511
920 1670
921 1471
922 967
923 1090
923 1360
923 1421
923 1427
924 936
924 1343
924 1628
924 1758
924 1762
925 1108
925 1124
926 995
926 1516
927 1375
927 1787
927 1813
927 1815
928 1048
928 1576
928 1625
930 1288
930 1354
930 1391
930 1691
931 1126
932 1162
932 1304
932 1511
933 1052
933 1090
933 1117
933 1251
933 1360
933 1600
933 1917
934 950
934 1457
934 2155
935 1042
935 1230
936 1784
937 970
937 1059
937 1146
937 1991
938 990
938 1699
938 1785
939 1060
939 1323
939 1437
939 1439
939 1477
939 1518
939 1521
939 1540
939 1589
939 1628
940 1131
940 1238
940 1333
940 1470
940 1659
941 944
941 979
941 1040
942 1034
942 1272
942 1275
942 1541
942 1649
943 952
943 1292
943 1437
943 1439
943 1459
943 1521
943 1540
943 1665
943 1784
944 1199
944 1201
944 1233
944 1776
945 946
945 1223
945 1318
945 1445
945 1511
945 2169
946 1085
946 1089
946 1120
946 1162
946 1221
946 1757
947 1117
947 1251
948 1333
948 1393
949 1280
949 1630
949 1676
950 1048
950 1353
950 1917
950 2156
951 1174
951 1313
952 1698
954 1083
954 1156
954 1442
955 1063
955 1074
955 1445
955 1457
955 1466
955 1521
955 1656
955 1676
956 1573
957 1163
958 1202
958 1449
959 1652
959 1676
959 1695
960 1219
960 1596
960 1628
962 1263
962 1633
963 1054
963 1092
963 1146
963 1239
963 1284
964 1184
964 1191
964 1241
964 1545
964 1567
964 1588
964 1795
965 1329
966 1575
966 1634
966 1690
966 1783
967 1367
967 1636
968 999
968 1247
968 1343
968 1452
970 998
970 1059
970 1077
970 1083
970 1573
970 1591
970 1620
970 2118
971 1093
971 1671
971 1814
972 1141
972 1293
972 1358
972 1709
972 1718
973 1771
974 1043
974 1281
974 1641
974 1707
974 1748
974 1750
974 1818
975 1004
975 1562
975 1622
975 1735
975 1737
976 1035
976 1300
976 1491
976 1702
976 1768
977 1007
977 1187
977 1245
977 1300
977 1416
977 1707
978 1645
978 1731
979 1040
979 1070
979 1584
979 1768
980 1049
980 1104
980 1153
980 1589
980 1759
981 1731
983 1003
983 1342
984 1793
985 1179
986 1237
986 1357
987 1123
987 1133
987 1239
987 1538
987 1684
987 1785
988 1165
988 1464
988 1465
988 1716
990 1331
991 1419
991 1753
992 1185
993 1065
993 1672
993 1725
994 1028
994 1167
994 1541
994 1632
994 1705
994 1740
995 1516
997 1476
998 1350
998 1581
998 1676
999 1219
999 1343
999 1452
1000 1371
1001 1156
1002 1455
1003 1485
1004 1175
1004 1180
1004 1396
1004 1622
1005 1160
1005 1745
1006 1145
1006 1496
1006 1648
1007 1024
1007 1489
1008 1009
1008 1496
1008 1731
1008 1783
1008 1799
1009 1496
1009 1799
1010 1229
1011 1403
1011 1435
1011 1508
1012 1797
1013 1022
1013 1546
1014 1022
1014 1282
1014 1355
1015 1237
1015 1276
1015 1412
1015 1505
1015 1739
1016 1108
1016 1272
1016 1432
1016 1595
1016 1649
1016 1650
1016 1728
1017 1028
1017 1167
1017 1405
1017 1541
1017 1599
1018 1084
1018 1101
1018 1316
1018 1390
1018 2017
1019 1041
1019 1070
1019 1199
1019 1395
1019 1584
1019 1768
1020 1332
1020 1334
1020 1474
1022 1058
1022 1282
1022 1483
1022 1549
1022 1719
1023 1346
1023 1644
1023 1782
1023 1811
1024 1191
1024 1195
1024 1241
1024 1274
1024 1795
1026 1333
1026 1390
1026 1439
1026 1443
1026 1665
1027 1034
1027 1432
1027 1590
1027 1649
1027 1728
1028 1167
1028 1541
1028 1705
1029 1281
1029 1456
1029 1779
1030 1402
1030 1586
1031 1146
1031 1273
1031 1333
1031 1451
1031 1759
1031 1760
1033 1035
1033 1724
1033 1816
1033 2059
1034 1168
1034 1275
1034 1432
1034 1717
1035 1399
1035 1768
1035 1865
1035 1894
1035 2059
1036 1361
1036 1805
1037 1062
1037 1412
1037 1507
1037 1529
1037 1545
1038 1042
1038 1204
1038 1461
1038 1618
1039 1134
1039 1661
1039 1796
1040 1254
1041 1108
1041 1395
1041 1677
1042 1142
1042 1250
1042 1436
1043 1404
1044 1071
1044 1618
1045 1375
1045 2083
1048 1051
1048 1122
1048 1125
1048 1315
1048 1506
1048 1683
1049 1414
1049 2083
1050 1550
1050 1552
1051 1088
1051 1122
1051 1732
1051 1749
1052 1117
1052 1519
1053 1197
1053 2011
1054 1079
1054 1130
1054 1239
1054 1284
1054 1474
1054 1517
1054 1684
1055 1315
1056 1286
1056 1550
1057 1062
1057 1140
1057 1169
1057 1477
1058 1810
1059 1437
1059 1457
1059 1524
1059 1591
1059 1620
1060 1136
1060 1439
1060 1521
1060 1524
1060 1628
1060 1665
1061 1152
1061 1170
1061 1281
1061 1610
1061 1640
1062 1140
1062 1229
1062 1364
1062 1565
1062 1800
1063 1074
1063 1076
1063 1449
1063 1521
1063 1628
1064 1576
1065 1593
1065 1672
1065 1681
1067 1190
1067 1371
1067 1415
1067 1594
1068 1107
1069 1072
1069 1170
1069 1637
1069 1640
1069 1739
1070 1584
1070 1768
1073 1207
1073 1210
1073 1407
1074 1076
1074 1162
1074 1219
1074 1501
1074 1518
1075 1596
1075 1628
1076 1083
1076 1439
1076 1521
1076 1628
1076 1687
1076 2021
1077 1459
1077 1819
1078 1309
1078 1393
1079 1154
1079 1324
1079 1330
1079 1474
1079 1788
1080 1133
1080 1281
1080 1801
1081 1098
1081 1099
1081 1418
1081 1495
1081 1805
1082 1606
1082 1784
1083 1156
1083 1157
1083 1656
1084 1316
1084 1375
1084 1414
1084 1631
1084 1703
1084 1807
1085 1757
1086 1120
1086 1304
1086 1573
1087 1326
1087 1474
1087 1550
1087 1577
1088 1418
1088 1749
1089 1445
1090 1289
1090 1312
1090 1360
1090 1389
1090 2205
1091 1280
1091 1596
1093 1507
1093 1814
1094 1122
1094 1263
1094 1301
1094 1654
1094 1793
1096 1135
1096 1569
1096 1775
1098 1099
1098 1155
1098 1418
1098 1493
1098 1495
1098 1590
1098 1805
1099 1103
1099 1155
1099 1361
1099 1805
1101 1202
1101 1316
1101 1761
1102 1130
1102 1284
1102 1336
1102 1696
1103 1155
1103 1290
1103 1310
1103 1476
1103 1805
1104 1238
1104 1312
1104 1543
1104 1600
1104 1915
1106 1235
1106 1330
1106 1504
1107 1169
1108 1188
1108 1211
1108 1299
1108 1369
1108 1434
1108 1555
1108 1650
1108 1705
1108 1731
1108 1738
1109 1188
1109 1795
1110 1236
1111 1260
1111 1447
1111 1782
1112 1472
1113 1203
1115 1164
1115 1322
1115 1510
1116 1200
1117 1220
1117 1251
1117 1270
1117 1292
1117 1360
1117 1589
1117 2015
1117 2094
1118 1226
1118 1409
1118 1482
1118 1494
1120 1510
1120 1605
1120 1607
1121 1125
1122 1129
1122 1136
1123 1130
1123 1133
1123 1329
1123 1396
1123 1602
1123 1684
1124 1212
1124 1674
1125 1573
1125 1630
1125 1683
1127 1158
1127 1363
1127 1390
1127 1443
1127 1497
1128 1422
1129 1179
1129 1309
1129 1329
1129 1331
1129 1786
1130 1284
1130 1366
1130 1517
1131 1238
1131 1268
1131 1421
1131 1522
1132 1625
1133 1150
1133 1329
1133 1538
1133 1580
1133 1604
1133 1785
1134 1266
1135 1637
1135 1775
1136 1273
1136 1606
1136 1653
1136 1687
1136 1703
1136 1764
1136 1829
1137 1507
1138 1318
1138 1680
1139 1572
1139 1730
1139 1763
1139 1807
1140 1171
1140 1631
1141 1287
1141 1461
1141 1548
1141 1639
1141 1705
1142 1413
1142 1571
1143 1243
1143 1647
1144 1548
1145 1496
1145 1551
1145 1649
1145 1721
1145 1765
1145 1799
1146 1202
1146 1631
1148 1701
1150 1441
1150 1594
1151 1657
1151 1792
1152 1188
1152 1281
1152 1391
1152 1418
1152 1447
1152 1805
1153 1203
1153 2089
1155 1361
1155 1394
1155 1805
1156 1278
1156 1442
1157 1258
1157 1330
1157 1437
1157 1573
1157 1576
1157 1591
1157 1788
1158 1363
1158 1370
1159 1308
1160 1489
1160 1588
1161 1278
1162 1437
1162 1591
1162 1628
1162 1757
1163 1560
1163 1685
1164 1629
1165 1266
1165 1514
1165 1661
1166 1174
1166 1689
1167 1405
1167 1541
1167 1609
1167 1632
1167 1640
1167 1705
1168 1275
1168 1432
1168 1650
1168 1705
1168 1728
1169 1202
1169 1220
1169 1297
1169 1550
1169 1764
1170 1357
1170 1463
1170 1505
1170 1739
1170 1755
1171 1220
1172 1293
1172 1478
1172 1567
1172 1609
1172 1627
1172 1682
1173 1222
1173 1464
1173 1529
1174 1373
1174 1633
1176 1183
1176 1435
1176 1483
1177 1182
1177 1365
1177 1370
1177 1603
1177 1633
1178 1353
1181 1371
1182 1373
1182 1470
1182 1528
1182 1600
1183 1239
1183 1504
1183 1590
1183 1790
1184 1228
1184 1675
1185 1209
1187 1300
1187 1597
1187 1707
1188 1206
1188 1458
1188 1462
1188 1469
1188 1500
1188 1682
1188 1779
1189 1618
1190 1192
1190 1558
1191 1795
1193 1326
1194 1286
1194 1656
1194 1673
1194 1769
1195 1277
1195 1634
1195 1690
1195 1795
1197 1680
1198 1218
1199 1201
1199 1204
1199 1395
1199 1677
1199 1726
1200 1218
1200 1600
1200 1719
1201 1295
1201 1395
1201 1677
1202 1316
1202 1761
1203 1551
1203 1865
1204 1265
1204 1359
1204 1456
1204 1618
1204 1724
1205 1481
1205 1551
1206 1232
1206 1299
1206 1369
1206 1500
1206 1767
1207 1407
1207 1592
1208 1463
1208 1505
1208 1648
1209 1251
1209 1589
1209 1759
1210 1424
1210 1578
1210 1586
1210 1668
1210 1719
1211 1232
1211 1484
1211 1555
1211 1584
1211 1613
1211 1738
1211 1763
1212 1239
1213 1341
1213 1433
1213 1491
1213 1582
1214 1378
1215 1405
1215 1429
1215 1599
1216 1299
1216 1369
1216 1484
1216 1654
1217 1301
1217 1401
1217 1594
1218 1391
1218 1611
1218 1693
1219 1258
1219 1310
1219 1630
1219 1818
1220 1251
1220 1253
1220 1270
1220 1380
1220 1589
1220 1701
1221 1308
1221 1516
1222 1269
1222 1416
1222 1647
1223 1445
1224 1305
1226 1494
1229 1279
1229 1565
1232 1291
1232 1500
1232 1765
1233 1750
1234 1773
1235 1504
1236 1354
1236 1483
1236 1647
1236 1778
1237 1478
1237 1505
1237 1618
1237 1627
1238 1255
1238 1271
1238 1486
1238 1725
1239 1517
1239 1580
1239 1684
1240 1480
1240 1612
1240 1668
1241 1545
1241 1610
1241 1777
1241 1795
1242 1675
1242 1712
1242 1771
1242 1818
1243 1275
1243 1359
1243 1590
1243 1666
1243 1696
1245 1414
1245 1777
1247 1343
1247 1452
1247 1762
1249 1308
1250 1279
1250 1436
1250 1550
1250 1572
1250 1582
1251 1270
1251 1360
1251 1701
1253 1389
1253 1606
1253 1829
1253 1914
1253 2147
1254 1285
1254 1289
1254 1395
1254 1582
1254 1641
1254 1819
1255 1268
1255 1486
1256 1344
1256 1806
1257 1447
1257 1797
1258 1280
1259 1401
1260 1468
1260 1646
1261 1404
1261 1435
1261 1483
1261 1508
1261 1542
1263 1397
1263 1401
1263 1851
1264 1666
1264 1886
1265 1387
1265 1396
1265 1618
1266 1416
1268 1459
1268 1701
1269 1279
1269 1427
1269 1436
1269 1671
1270 1386
1270 1589
1270 1734
1271 1408
1272 1275
1272 1595
1272 1649
1272 1717
1273 1414
1273 1759
1273 1760
1274 1479
1274 1545
1274 1658
1275 1527
1275 1649
1275 1650
1275 1717
1276 1387
1276 1479
1277 1777
1278 1625
1279 1382
1279 1430
1280 1310
1280 1573
1281 1456
1281 1779
1282 1382
1282 1490
1282 1729
1282 2095
1283 1358
1283 1374
1283 1460
1283 1585
1283 1595
1283 1718
1283 1728
1284 1376
1285 1289
1285 1410
1285 1507
1285 1514
1285 1600
1285 1690
1286 1769
1287 1288
1287 1548
1288 1463
1288 1548
1288 1557
1288 1640
1288 1743
1288 2011
1289 1360
1289 1534
1289 1690
1290 1370
1290 1735
1291 1295
1291 1572
1291 1584
1292 1487
1293 1609
1293 1627
1293 1709
1295 1433
1295 1572
1297 1298
1298 1522
1298 1793
1299 1369
1299 1434
1299 1555
1299 1750
1300 1416
1300 1535
1300 1707
1301 1401
1301 1414
1301 1441
1301 1637
1301 1641
1301 1651
1301 1660
1302 1349
1302 1359
1302 1545
1303 1576
1303 1606
1303 1687
1303 1697
1303 1699
1304 1328
1304 1332
1304 1573
1305 1471
1306 1357
1306 1483
1306 1603
1306 1801
1307 1573
1308 1636
1309 1329
1309 1604
1310 1573
1310 2169
1312 1734
1314 1366
1315 1337
1315 1450
1316 1447
1316 1582
1318 1445
1318 1680
1318 1915
1320 1409
1320 1574
1320 1593
1320 1808
1321 1443
1321 1694
1321 1817
1322 1323
1322 1337
1323 1335
1323 1516
1323 1521
1324 1330
1326 1353
1326 1410
1326 1550
1327 1471
1327 1481
1327 2172
1329 1444
1329 1517
1329 1604
1329 1684
1329 1788
1332 1450
1332 1662
1332 2011
1333 1439
1333 1617
1333 1635
1333 1703
1334 1448
1334 1474
1335 1448
1336 1680
1338 1514
1338 1588
1340 1466
1340 1670
1341 1399
1341 1433
1341 1563
1341 1768
1343 1762
1344 1806
1348 1910
1349 1448
1349 1545
1350 1605
1350 1607
1351 1660
1353 1427
1353 1473
1353 1568
1353 1750
1353 2039
1354 1394
1354 1691
1355 1372
1355 1729
1355 1780
1357 1463
1357 1505
1358 1460
1358 1585
1358 1595
1358 1709
1358 1718
1359 1387
1359 1405
1359 1478
1359 1640
1359 1658
1360 1516
1360 1734
1361 1391
1361 1554
1361 1691
1361 2169
1362 1698
1362 1761
1362 1819
1364 1588
1365 1720
1367 1636
1369 1434
1369 1484
1369 1555
1369 1738
1369 1765
1370 1579
1371 1496
1371 1555
1373 1646
1374 1431
1374 1460
1374 1585
1374 1718
1375 1380
1375 1550
1375 1568
1376 1530
1376 1595
1378 1412
1382 1570
1382 1725
1383 1487
1383 1550
1384 1424
1384 1621
1384 1788
1385 1656
1386 1420
1386 1701
1386 2098
1389 1457
1389 1516
1389 1888
1389 1940
1390 1443
1390 1653
1391 1691
1394 1538
1394 1640
1395 1677
1396 1448
1396 1494
1396 1594
1396 1633
1397 1441
1397 1654
1397 2022
1398 1758
1399 1563
1399 1768
1400 1618
1401 1656
1401 1673
1401 1685
1402 1407
1402 1586
1402 1642
1402 1647
1403 1415
1404 1414
1404 1464
1405 1429
1405 1478
1405 1599
1405 1705
1405 1776
1406 1780
1407 1586
1408 1667
1409 1610
1409 1707
1409 1792
1410 1686
1410 1800
1411 1566
1413 1781
1414 1416
1414 1692
1414 1791
1415 1594
1415 1610
1415 1613
1416 1587
1416 1777
1416 1791
1417 1468
1417 1566
1418 1447
1418 1495
1418 1601
1418 1805
1419 1558
1420 1438
1420 1919
1420 2095
1421 1673
1421 1722
1423 1558
1423 1575
1423 1609
1423 1782
1424 1549
1424 1635
1424 1719
1425 1488
1425 1919
1425 2015
1425 2095
1426 1707
1426 1716
1428 1671
1429 1554
1429 1632
1429 1755
1431 1595
1431 1619
1431 1718
1431 1816
1432 1527
1432 1647
1432 1649
1432 1717
1432 1728
1434 1776
1436 1550
1436 2113
1437 1522
1437 1540
1437 1591
1437 1655
1437 1665
1437 1757
1438 1568
1439 1457
1439 1477
1439 1540
1439 1665
1439 2090
1439 2112
1440 1501
1441 1692
1441 2072
1442 1620
1443 1521
1443 1540
1443 1665
1444 1540
1444 1601
1446 1450
1446 1732
1447 1782
1448 1556
1448 1736
1450 1573
1450 1576
1451 1477
1455 1625
1455 1787
1456 1618
1456 1778
1457 1784
1457 1940
1458 1779
1460 1562
1460 1585
1460 1619
1460 1709
1461 1618
1465 1678
1466 1639
1466 1695
1467 1509
1467 1798
1468 1566
1468 1646
1470 1659
1473 1686
1474 1525
1474 1577
1474 1639
1474 1694
1474 1696
1474 1735
1474 1736
1475 1668
1477 1617
1478 1609
1478 1618
1479 1588
1480 1612
1480 1668
1481 1634
1482 1613
1483 1647
1483 1712
1483 1790
1484 1584
1484 1613
1485 1590
1485 1657
1485 1663
1485 1667
1486 1533
1489 1887
1490 1531
1490 1543
1490 1742
1490 1804
1491 1539
1491 1671
1491 1702
1493 1644
1496 1555
1496 1765
1496 1783
1499 2172
1500 1727
1500 1799
1501 1518
1501 1521
1501 1676
1502 1523
1504 1538
1504 1696
1505 1648
1505 1739
1506 1583
1507 1671
1507 1708
1508 1603
1509 1770
1509 1798
1510 1607
1511 1785
1512 1652
1512 2172
1513 1556
1513 1647
1516 2142
1517 1576
1518 1524
1520 1569
1520 1801
1520 1817
1521 1628
1522 1635
1523 1749
1525 1696
1525 1736
1526 1575
1526 1634
1526 1646
1527 1649
1527 1728
1528 1725
1529 1789
1529 1792
1530 1735
1530 1805
1530 1847
1531 1549
1531 1725
1531 1804
1532 1659
1534 1761
1535 1707
1538 1785
1540 1665
1540 1668
1540 1758
1541 1599
1541 1705
1541 1717
1543 1724
1543 1742
1545 1789
1548 1781
1552 1589
1552 1661
1554 1588
1554 1640
1555 1738
1557 1743
1557 1801
1558 1572
1558 1747
1558 1796
1558 1811
1562 1619
1562 1709
1562 1737
1567 1588
1567 1795
1569 1775
1569 1817
1570 1653
1570 1672
1571 1671
1571 1708
1571 1750
1571 1773
1572 1584
1572 1730
1574 1808
1575 1634
1580 1749
1582 1763
1583 1733
1583 1783
1584 1727
1584 1763
1584 1768
1584 1773
1586 1730
1588 1795
1589 2015
1590 1744
1591 1620
1591 1624
1592 1661
1593 1672
1593 1675
1594 1792
1595 1619
1595 1709
1595 1718
1596 1794
1599 1640
1600 1651
1600 1892
1600 1942
1601 1764
1605 1607
1605 1794
1606 1687
1608 1613
1609 1627
1609 1724
1612 1668
1612 1774
1613 1677
1618 1779
1620 1624
1621 1732
1622 1737
1622 2011
1623 1663
1625 1787
1629 1877
1630 1683
1633 1682
1634 1690
1634 1731
1635 1764
1635 1788
1636 1815
1637 1640
1637 1646
1637 1716
1637 1811
1642 1752
1642 1772
1644 1811
1645 1799
1646 1727
1647 1717
1648 1848
1649 1728
1650 1705
1651 1975
1653 1698
1654 1667
1655 1857
1656 1685
1658 1705
1660 1721
1662 1715
1663 1744
1665 1668
1665 1853
1666 1785
1667 1716
1671 1708
1673 1685
1677 1763
1680 2093
1683 1801
1684 1785
1687 1695
1689 1784
1690 1782
1690 1783
1693 1730
1693 1807
1694 1697
1696 1736
1699 1829
1699 1921
1701 1759
1702 1708
1702 1730
1703 1741
1707 1716
1709 1737
1710 1732
1717 1728
1719 1729
1725 1741
1726 1776
1729 1780
1731 1799
1732 1759
1734 1761
1734 2170
1734 2179
1736 1776
1738 1765
1739 1783
1741 1746
1742 1780
1745 1783
1745 1848
1747 1791
1759 1857
1759 2081
1760 1924
1768 1894
1769 1960
1773 1811
1774 1782
1777 1791
1777 1811
1805 1812
1809 1874
1809 1917
1820 1889
1820 1977
1820 1978
1820 1987
1820 2129
1820 2140
1820 2167
1821 1827
1821 1892
1821 1976
1821 2007
1821 2140
1821 2160
1821 2171
1822 1839
1822 1840
1822 1851
1822 1876
1822 1879
1822 1880
1822 1907
1822 1928
1822 1934
1822 1946
1822 1949
1822 1958
1822 2023
1822 2043
1822 2129
1822 2144
1822 2170
1822 2176
1822 2189
1823 2015
1823 2147
1824 1825
1824 1838
1824 1845
1824 1896
1824 1909
1824 1937
1824 1942
1824 1980
1824 1987
1824 2010
1824 2057
1825 1826
1825 1859
1825 1871
1825 1927
1825 1988
1825 2014
1825 2028
1825 2094
1825 2123
1825 2136
1825 2146
1827 1876
1827 1890
1827 1901
1827 1926
1827 1972
1827 1987
1827 2012
1827 2018
1827 2080
1827 2093
1827 2117
1827 2163
1827 2167
1827 2173
1827 2188
1828 1830
1828 1867
1828 1869
1828 1897
1828 1920
1828 1957
1828 1971
1828 2016
1828 2126
1829 1834
1829 1853
1829 1922
1829 1925
1829 1940
1829 1953
1829 1996
1829 2015
1829 2056
1829 2060
1829 2073
1829 2088
1829 2104
1829 2160
1830 1867
1830 1908
1830 1945
1830 2081
1830 2096
1830 2126
1830 2130
1830 2143
1830 2145
1830 2170
1831 1893
1831 1911
1831 1930
1831 1957
1831 1964
1831 2038
1831 2039
1831 2042
1831 2075
1831 2103
1831 2142
1831 2155
1831 2164
1831 2191
1831 2206
1832 1854
1832 1878
1832 1967
1832 2001
1832 2011
1832 2034
1832 2172
1832 2186
1833 1934
1833 2105
1834 1888
1834 1889
1834 1893
1834 1901
1834 1943
1834 1996
1834 2019
1834 2043
1834 2056
1834 2060
1834 2073
1834 2088
1834 2104
1834 2105
1834 2144
1834 2166
1834 2175
1834 2198
1835 1875
1835 1992
1835 2003
1835 2056
1835 2099
1835 2131
1836 1900
1836 1933
1836 1998
1836 2006
1836 2070
1836 2081
1836 2136
1836 2177
1836 2183
1836 2208
1837 1863
1837 1945
1837 2035
1837 2124
1837 2168
1837 2193
1838 1850
1838 1980
1838 1997
1839 1876
1839 1890
1839 1907
1839 1934
1839 2015
1839 2023
1839 2129
1839 2134
1839 2165
1839 2184
1840 1887
1840 1891
1840 1978
1840 1993
1840 2013
1840 2084
1840 2170
1841 1890
1841 1993
1841 2033
1842 1944
1842 1948
1842 1973
1842 1974
1842 2001
1842 2025
1842 2027
1842 2050
1842 2067
1842 2113
1842 2114
1842 2116
1842 2131
1842 2186
1842 2197
1843 1938
1843 2184
1844 1880
1844 2023
1844 2060
1844 2089
1844 2103
1845 1896
1845 1909
1845 1973
1845 1980
1845 1994
1845 2001
1845 2025
1845 2057
1845 2117
1845 2128
1845 2148
1845 2182
1846 1947
1846 2049
1846 2063
1846 2072
1846 2090
1846 2120
1846 2122
1846 2176
1846 2190
1847 1849
1847 1851
1847 1859
1847 1939
1847 2011
1847 2025
1847 2034
1847 2172
1848 2031
1848 2033
1848 2063
1848 2153
1849 1916
1849 1952
1849 1959
1849 1968
1849 1969
1849 1971
1849 1972
1849 2021
1849 2066
1849 2156
1849 2170
1849 2185
1850 1866
1850 1952
1850 1955
1850 1968
1850 2068
1850 2102
1850 2139
1851 1915
1851 1949
1851 1972
1851 2004
1851 2045
1851 2170
1851 2203
1852 2026
1852 2037
1852 2050
1852 2114
1853 1863
1853 1880
1853 1884
1853 1922
1853 1943
1853 1953
1853 1996
1853 2045
1853 2060
1853 2073
1853 2076
1853 2105
1853 2144
1853 2160
1854 1878
1854 1905
1854 1974
1854 2026
1854 2027
1854 2037
1854 2050
1854 2059
1854 2114
1854 2117
1854 2131
1854 2144
1854 2174
1854 2197
1855 1922
1855 1953
1855 2073
1856 1925
1856 1936
1856 2126
1856 2205
1857 2058
1857 2060
1857 2105
1857 2201
1857 2206
1858 1994
1858 2000
1858 2030
1858 2055
1858 2099
1858 2197
1859 1867
1859 1953
1859 1955
1859 1971
1859 2046
1859 2111
1859 2124
1859 2170
1859 2180
1862 1866
1862 1923
1862 1925
1862 1933
1862 1959
1862 2076
1862 2097
1862 2111
1862 2126
1862 2132
1862 2154
1862 2178
1862 2179
1862 2180
1862 2192
1863 1866
1863 1946
1863 1997
1863 2021
1863 2048
1863 2076
1863 2089
1863 2136
1863 2141
1863 2168
1863 2208
1864 1934
1865 1871
1865 1910
1865 1928
1865 2015
1865 2018
1865 2069
1865 2196
1866 1952
1866 1972
1866 2019
1866 2078
1866 2107
1866 2110
1866 2123
1866 2150
1866 2155
1867 1919
1867 1920
1867 1925
1867 1971
1867 2016
1867 2046
1867 2066
1867 2068
1867 2085
1867 2126
1867 2170
1867 2204
1868 1874
1868 1888
1868 1901
1868 1923
1868 1940
1868 2073
1868 2088
1868 2104
1868 2119
1868 2175
1868 2192
1869 1945
1869 2106
1869 2108
1869 2126
1869 2146
1870 1897
1870 1925
1870 1961
1870 2035
1870 2048
1870 2071
1870 2075
1870 2076
1870 2081
1870 2082
1870 2106
1870 2132
1870 2136
1870 2156
1870 2169
1871 1872
1871 1895
1871 2089
1871 2091
1871 2123
1871 2196
1872 1873
1872 1903
1872 1908
1872 2091
1873 1926
1873 1956
1873 1987
1873 2036
1873 2167
1873 2173
1873 2188
1874 1888
1874 1893
1874 1901
1874 1940
1874 1943
1874 1970
1874 2035
1874 2060
1874 2073
1874 2088
1874 2104
1874 2119
1875 1973
1875 1992
1875 2011
1875 2025
1875 2092
1876 1879
1876 1889
1876 1956
1876 1958
1876 1978
1876 1995
1876 2007
1876 2041
1876 2080
1876 2117
1876 2173
1877 2010
1877 2091
1878 1967
1878 1974
1878 1982
1878 2026
1878 2034
1878 2037
1878 2050
1878 2059
1878 2067
1878 2174
1878 2197
1879 1882
1879 1889
1879 1942
1879 1958
1879 1978
1879 2080
1879 2129
1880 1884
1880 1943
1880 2060
1880 2103
1880 2129
1880 2160
1880 2198
1881 1917
1881 1949
1881 2010
1881 2038
1881 2072
1881 2112
1881 2118
1881 2125
1881 2165
1882 1889
1882 1958
1882 1972
1882 2007
1884 1923
1884 2060
1884 2086
1884 2108
1884 2112
1884 2122
1884 2140
1884 2160
1884 2184
1884 2189
1885 2137
1886 2002
1886 2033
1886 2047
1886 2114
1887 1891
1887 2036
1887 2063
1888 1901
1888 1930
1888 1933
1888 1940
1888 1970
1888 2056
1888 2081
1888 2085
1888 2090
1888 2109
1888 2119
1888 2146
1888 2155
1888 2156
1888 2166
1888 2175
1889 1958
1889 2080
1889 2163
1890 1970
1890 2005
1890 2008
1890 2159
1892 2086
1892 2112
1892 2168
1892 2188
1893 1901
1893 1930
1893 1933
1893 1940
1893 1970
1893 2056
1893 2085
1893 2109
1893 2119
1893 2146
1893 2156
1893 2166
1894 1926
1894 1944
1894 1951
1894 1963
1894 1978
1894 2013
1894 2022
1894 2043
1894 2080
1894 2086
1894 2101
1894 2120
1895 1916
1895 1961
1895 1968
1895 2076
1895 2169
1896 1909
1896 1937
1896 1939
1896 1980
1896 1983
1896 2007
1896 2057
1896 2163
1897 1925
1897 1929
1897 1938
1897 1965
1897 2052
1897 2068
1897 2096
1897 2126
1897 2130
1897 2132
1897 2133
1899 1922
1899 1924
1899 1972
1899 1975
1899 1997
1899 2020
1899 2045
1899 2064
1899 2088
1899 2105
1899 2125
1899 2178
1899 2184
1900 1903
1900 1998
1900 2021
1900 2040
1900 2051
1900 2058
1900 2081
1900 2096
1900 2108
1900 2179
1900 2182
1900 2206
1901 1940
1901 1943
1901 2056
1901 2088
1901 2109
1901 2119
1901 2166
1901 2175
1901 2176
1902 2026
1902 2034
1902 2059
1902 2099
1902 2197
1903 1949
1903 2016
1903 2032
1903 2108
1903 2126
1905 2000
1905 2003
1905 2005
1905 2008
1905 2025
1905 2027
1905 2030
1905 2037
1905 2067
1905 2092
1905 2141
1905 2151
1906 2103
1907 1912
1907 2023
1907 2091
1908 1999
1908 2078
1908 2107
1908 2126
1908 2143
1908 2145
1909 1937
1909 1980
1909 1983
1909 1984
1909 2007
1909 2057
1909 2117
1909 2162
1910 2170
1911 1964
1914 2076
1914 2142
1914 2143
1914 2147
1915 1923
1915 1972
1915 2203
1916 1949
1916 1968
1916 1969
1916 1998
1916 1999
1916 2130
1916 2137
1917 1955
1917 1997
1917 2015
1917 2109
1917 2119
1917 2120
1917 2125
1917 2155
1917 2156
1917 2170
1917 2203
1918 2108
1919 2012
1919 2062
1919 2093
1919 2177
1919 2188
1919 2193
1920 1962
1920 1971
1920 2018
1920 2082
1920 2126
1920 2188
1921 2180
1922 1923
1922 1940
1922 1953
1922 2020
1922 2041
1922 2043
1922 2202
1923 1934
1923 1940
1923 2192
1924 1975
1924 2020
1924 2064
1925 1927
1925 1961
1925 1969
1925 1971
1925 2023
1925 2048
1925 2071
1925 2075
1925 2081
1925 2107
1925 2112
1925 2130
1925 2132
1925 2133
1925 2180
1926 1947
1926 1983
1926 1987
1926 2007
1926 2010
1926 2012
1926 2022
1926 2054
1926 2062
1926 2084
1926 2137
1926 2138
1926 2167
1926 2173
1926 2188
1927 1929
1927 1957
1927 1988
1927 1997
1927 1999
1927 2070
1927 2126
1927 2146
1927 2170
1928 1995
1928 2077
1928 2089
1929 1986
1929 2048
1929 2053
1929 2058
1929 2102
1929 2111
1929 2126
1929 2130
1929 2143
1929 2146
1929 2170
1930 1933
1930 1986
1930 2142
1931 2016
1931 2046
1931 2077
1931 2104
1931 2118
1931 2150
1932 2040
1932 2103
1933 1954
1933 2048
1933 2061
1933 2076
1933 2081
1933 2082
1934 1949
1934 1970
1934 1991
1934 2004
1934 2023
1934 2178
1934 2184
1934 2201
1935 2111
1935 2131
1935 2172
1937 1980
1937 2007
1937 2162
1937 2163
1938 2066
1939 1984
1939 2011
1939 2172
1939 2186
1940 2056
1940 2073
1940 2104
1940 2119
1940 2155
1940 2160
1940 2166
1940 2175
1940 2192
1941 1992
1941 2005
1942 2007
1943 1970
1943 1990
1943 2060
1943 2109
1943 2144
1943 2155
1943 2198
1944 1967
1944 1974
1944 1982
1944 2046
1944 2049
1944 2054
1944 2066
1944 2090
1944 2101
1944 2116
1944 2170
1944 2176
1945 2126
1946 1972
1946 2004
1946 2160
1947 1983
1947 2049
1947 2054
1947 2072
1947 2074
1947 2101
1947 2190
1948 1963
1948 1973
1948 2001
1948 2008
1948 2117
1948 2128
1949 1977
1949 2023
1949 2060
1949 2123
1949 2170
1949 2189
1950 1965
1951 2049
1951 2065
1951 2072
1951 2120
1951 2190
1952 1955
1952 2046
1952 2066
1952 2085
1952 2143
1953 2010
1953 2043
1953 2085
1953 2156
1953 2176
1954 1987
1954 1997
1954 2048
1954 2110
1955 1996
1955 2085
1955 2144
1955 2155
1955 2169
1955 2170
1956 1978
1956 1980
1956 1981
1956 1983
1956 2117
1956 2158
1956 2173
1957 1968
1957 2112
1957 2132
1957 2154
1958 2007
1958 2012
1958 2129
1958 2173
1959 1962
1959 2018
1959 2046
1959 2081
1959 2082
1959 2111
1959 2126
1959 2136
1959 2143
1959 2146
1959 2169
1961 1969
1961 1971
1961 1988
1961 1990
1961 2018
1961 2075
1961 2076
1961 2102
1961 2113
1961 2130
1961 2132
1961 2199
1962 1998
1962 2018
1962 2069
1962 2123
1963 2001
1963 2005
1963 2013
1963 2067
1963 2092
1963 2131
1963 2162
1964 2042
1964 2191
1965 1985
1965 2018
1965 2070
1965 2123
1967 1973
1967 1974
1967 1982
1967 2050
1967 2059
1967 2114
1967 2131
1967 2174
1967 2176
1968 1998
1968 2111
1968 2135
1968 2146
1969 2021
1969 2051
1969 2133
1969 2145
1969 2169
1970 2060
1970 2064
1970 2077
1970 2101
1970 2104
1970 2119
1970 2144
1970 2198
1971 1990
1971 2016
1971 2081
1971 2082
1971 2085
1971 2136
1971 2146
1972 2009
1972 2020
1972 2041
1972 2066
1972 2105
1972 2107
1972 2150
1972 2157
1973 2008
1973 2011
1973 2025
1973 2057
1973 2117
1973 2182
1974 1982
1974 2026
1974 2114
1974 2116
1974 2131
1975 2045
1975 2111
1975 2156
1975 2160
1976 2146
1976 2171
1977 2041
1977 2084
1977 2089
1978 1981
1978 1983
1978 1987
1978 2013
1978 2022
1978 2036
1978 2063
1978 2080
1979 2035
1979 2058
1979 2103
1980 1983
1980 1984
1980 2007
1980 2117
1980 2162
1980 2163
1981 1983
1981 1989
1981 2105
1981 2158
1982 2026
1982 2059
1982 2092
1982 2114
1982 2131
1982 2182
1983 1989
1983 2036
1983 2054
1983 2080
1983 2111
1983 2117
1983 2129
1983 2163
1983 2167
1984 1987
1984 2162
1986 2053
1986 2066
1986 2135
1986 2204
1987 2005
1987 2078
1987 2080
1987 2117
1987 2188
1988 1990
1988 1999
1988 2048
1988 2061
1988 2070
1988 2096
1988 2126
1988 2130
1988 2146
1988 2170
1989 2167
1989 2173
1990 2051
1990 2082
1990 2085
1990 2136
1990 2155
1991 2040
1991 2058
1991 2078
1991 2203
1992 2003
1992 2099
1992 2149
1993 2072
1993 2194
1994 2008
1994 2027
1994 2030
1994 2050
1994 2057
1994 2087
1994 2114
1994 2128
1994 2148
1994 2174
1996 2060
1996 2109
1996 2144
1996 2198
1997 2003
1997 2146
1997 2147
1997 2170
1997 2180
1998 2069
1998 2083
1998 2107
1999 2062
1999 2069
1999 2089
1999 2146
1999 2183
1999 2188
2000 2055
2000 2151
2000 2197
2001 2034
2001 2057
2001 2087
2001 2114
2001 2117
2001 2128
2001 2131
2001 2148
2001 2174
2003 2005
2003 2008
2003 2141
2003 2149
2003 2151
2003 2197
2004 2064
2004 2122
2004 2184
2004 2203
2005 2141
2005 2149
2005 2159
2006 2062
2006 2078
2006 2093
2006 2136
2006 2138
2006 2168
2006 2193
2007 2023
2007 2173
2008 2117
2008 2141
2008 2149
2008 2159
2008 2197
2009 2140
2010 2039
2010 2043
2010 2045
2010 2064
2010 2122
2010 2189
2010 2191
2011 2172
2011 2186
2012 2177
2013 2022
2013 2041
2013 2054
2013 2072
2013 2080
2013 2086
2014 2028
2014 2062
2014 2082
2014 2136
2014 2146
2014 2152
2014 2170
2015 2034
2015 2147
2015 2165
2015 2184
2016 2066
2016 2091
2016 2096
2016 2108
2016 2126
2016 2150
2016 2170
2016 2208
2017 2180
2018 2069
2018 2089
2018 2123
2018 2126
2018 2183
2019 2086
2019 2098
2019 2105
2019 2112
2019 2160
2019 2169
2019 2176
2020 2118
2020 2198
2021 2040
2021 2076
2021 2083
2021 2111
2021 2133
2022 2178
2023 2089
2023 2123
2023 2184
2023 2189
2025 2092
2025 2115
2025 2197
2026 2027
2026 2050
2026 2059
2026 2114
2026 2128
2026 2131
2026 2174
2027 2037
2027 2050
2027 2116
2027 2117
2027 2128
2027 2174
2028 2094
2029 2039
2029 2042
2030 2057
2030 2099
2031 2033
2031 2047
2031 2153
2032 2036
2032 2113
2032 2141
2033 2047
2033 2079
2034 2069
2034 2087
2034 2114
2034 2128
2035 2058
2035 2071
2035 2089
2035 2126
2035 2135
2035 2136
2036 2049
2036 2063
2036 2190
2037 2050
2037 2067
2037 2111
2037 2114
2037 2116
2037 2131
2037 2197
2038 2060
2038 2064
2038 2191
2038 2203
2038 2206
2038 2207
2039 2042
2039 2202
2040 2053
2040 2112
2040 2130
2040 2169
2040 2187
2041 2043
2041 2072
2041 2101
2041 2178
2041 2189
2041 2202
2043 2056
2043 2060
2043 2086
2043 2101
2043 2105
2043 2119
2043 2144
2043 2189
2043 2202
2044 2151
2044 2180
2044 2197
2045 2074
2045 2109
2045 2157
2045 2178
2045 2202
2046 2078
2046 2082
2046 2111
2046 2112
2046 2116
2046 2138
2047 2054
2047 2079
2047 2114
2048 2076
2048 2096
2048 2107
2048 2147
2049 2054
2049 2072
2049 2101
2049 2114
2049 2119
2049 2131
2049 2176
2050 2114
2050 2116
2050 2197
2051 2139
2051 2143
2051 2170
2051 2179
2051 2182
2052 2053
2052 2130
2052 2133
2053 2058
2053 2111
2053 2130
2053 2135
2053 2204
2054 2072
2054 2080
2054 2101
2054 2120
2056 2060
2056 2088
2056 2104
2056 2119
2056 2144
2056 2155
2056 2175
2056 2191
2056 2198
2056 2205
2057 2128
2057 2148
2058 2088
2059 2131
2059 2174
2059 2197
2060 2101
2060 2104
2060 2119
2060 2144
2060 2155
2060 2160
2060 2166
2060 2175
2061 2062
2061 2089
2061 2124
2061 2193
2062 2093
2062 2117
2062 2137
2062 2138
2062 2146
2062 2173
2062 2177
2062 2193
2063 2067
2063 2072
2063 2080
2063 2116
2063 2190
2064 2122
2064 2165
2064 2191
2064 2202
2064 2203
2065 2080
2065 2129
2065 2163
2066 2170
2067 2193
2068 2102
2068 2132
2068 2154
2069 2123
2070 2138
2070 2146
2071 2132
2072 2080
2072 2090
2072 2101
2072 2120
2072 2166
2072 2176
2072 2190
2073 2105
2073 2160
2073 2175
2073 2192
2074 2144
2074 2176
2075 2132
2076 2081
2076 2082
2076 2136
2077 2125
2077 2150
2077 2178
2077 2202
2077 2204
2078 2111
2078 2130
2078 2156
2078 2183
2080 2129
2081 2082
2081 2136
2081 2146
2081 2180
2081 2188
2081 2199
2081 2208
2082 2111
2082 2132
2082 2136
2082 2199
2083 2135
2084 2107
2084 2173
2085 2201
2085 2204
2085 2206
2086 2184
2086 2203
2087 2114
2087 2128
2087 2131
2087 2182
2087 2186
2088 2175
2088 2198
2089 2096
2089 2123
2089 2137
2089 2178
2089 2196
2089 2208
2090 2101
2090 2120
2090 2170
2090 2176
2090 2190
2092 2149
2092 2151
2092 2197
2093 2138
2093 2177
2093 2188
2093 2193
2095 2137
2096 2168
2096 2169
2096 2204
2097 2120
2099 2185
2101 2114
2101 2120
2101 2190
2102 2139
2103 2164
2103 2191
2104 2109
2104 2119
2104 2150
2104 2186
2105 2119
2106 2112
2106 2118
2108 2126
2108 2156
2109 2191
2110 2179
2111 2116
2111 2124
2111 2136
2111 2156
2111 2170
2111 2189
2112 2118
2112 2180
2113 2170
2114 2116
2114 2128
2114 2131
2114 2182
2114 2186
2114 2190
2117 2128
2117 2158
2117 2163
2117 2173
2117 2182
2119 2144
2119 2166
2119 2175
2119 2189
2120 2189
2120 2190
2121 2129
2121 2194
2122 2155
2122 2170
2122 2205
2123 2137
2123 2196
2123 2204
2124 2141
2124 2170
2125 2160
2125 2202
2125 2204
2126 2132
2126 2146
2126 2199
2127 2193
2128 2148
2129 2163
2130 2134
2130 2179
2130 2184
2132 2154
2134 2205
2136 2178
2137 2143
2137 2152
2137 2188
2138 2180
2138 2188
2138 2193
2140 2147
2141 2185
2144 2166
2144 2175
2144 2198
2146 2156
2146 2168
2146 2204
2150 2160
2150 2203
2150 2206
2151 2197
2152 2177
2152 2193
2155 2205
2156 2169
2156 2180
2156 2208
2158 2163
2158 2167
2160 2176
2160 2198
2163 2173
2165 2184
2165 2203
2166 2176
2167 2173
2168 2177
2168 2188
2168 2193
2170 2179
2170 2182
2170 2189
2176 2182
2177 2188
2177 2193
2178 2186
2179 2182
2180 2208
2184 2205
2184 2206
2189 2191
2191 2203
2191 2206
2191 2207
2192 2198
2203 2206
2205 2207
2206 2207
