#num-nodes
76
#num-links
344
#links
0 4
0 11
0 14
0 15
0 16
0 19
0 22
0 32
0 38
0 45
0 48
0 53
0 66
1 2
1 4
1 7
1 47
1 57
1 70
2 4
2 14
2 48
2 60
2 70
3 9
3 15
3 30
3 74
3 75
4 7
4 9
4 23
4 36
4 46
4 49
4 57
4 60
4 74
5 9
5 26
5 39
5 50
5 69
6 9
6 12
6 13
6 17
6 29
6 31
6 32
6 39
6 46
6 54
6 58
6 62
6 65
7 12
7 23
7 25
7 31
7 49
7 57
7 58
7 59
7 60
8 11
8 15
8 16
8 19
8 21
8 22
8 53
8 66
9 30
9 31
9 39
9 43
9 48
9 51
9 75
10 13
10 17
10 20
10 29
10 34
10 52
10 55
10 58
10 62
10 63
10 68
11 15
11 19
11 32
12 13
12 23
12 31
12 32
12 49
12 58
12 69
12 74
13 15
13 17
13 28
13 32
13 33
13 37
13 39
13 46
13 51
13 65
13 68
13 69
14 15
14 44
14 45
14 48
14 49
14 59
14 60
14 61
14 70
15 21
15 22
15 38
15 45
15 68
16 19
16 21
16 22
16 32
16 53
17 29
17 31
17 33
17 34
17 46
17 54
18 55
18 65
19 32
19 38
19 40
19 45
19 53
19 66
19 73
20 27
20 34
20 52
20 54
20 55
20 58
20 63
20 65
21 22
21 32
21 53
21 66
21 73
22 38
22 45
22 66
23 24
23 29
23 35
23 47
23 57
23 67
23 69
23 71
23 74
24 44
24 49
24 56
24 57
24 59
24 60
24 64
24 67
24 70
25 71
26 27
26 28
26 34
26 39
26 50
26 58
27 58
28 34
28 39
28 50
28 52
28 57
28 58
28 75
29 31
29 34
29 43
29 54
29 58
29 62
29 63
29 65
29 68
29 69
29 71
29 74
30 37
30 51
31 34
31 39
31 46
31 49
31 50
31 54
31 57
31 58
31 60
31 62
31 69
32 38
32 40
32 45
32 53
32 58
32 66
32 73
33 36
33 46
33 54
33 59
33 65
33 72
34 39
34 46
34 50
34 54
34 58
34 62
34 68
34 72
35 36
35 47
35 49
35 57
35 64
36 43
36 44
36 74
37 51
38 43
38 66
39 50
39 68
40 66
40 73
41 47
41 51
41 57
41 65
41 69
41 71
42 44
42 59
42 67
43 53
43 65
43 68
43 70
43 75
44 49
44 56
44 59
44 60
44 61
44 64
44 67
44 70
44 71
45 53
45 66
45 73
46 54
46 59
46 62
47 54
47 57
47 65
47 69
47 72
47 74
48 56
48 60
48 61
48 64
48 70
49 58
49 60
49 64
49 67
49 70
49 74
52 58
52 63
52 65
53 66
53 73
54 55
54 58
54 62
55 63
55 65
55 68
56 59
56 61
56 64
56 70
57 58
57 59
57 69
57 74
58 60
58 62
58 69
58 74
59 67
59 70
59 72
59 74
60 61
60 64
60 67
60 70
60 74
63 65
64 67
64 70
65 68
65 72
65 75
66 73
67 70
