#num-nodes
795
#num-links
3462
#links
0 665
1 11
1 34
1 71
1 92
1 139
1 171
1 182
1 238
1 256
1 271
1 299
1 334
1 352
1 370
1 376
1 401
1 415
1 432
1 446
1 467
1 482
1 486
2 34
2 37
2 71
2 171
2 189
2 256
2 299
2 334
2 352
2 370
2 423
3 40
3 96
5 77
5 197
5 238
5 259
5 345
5 379
5 383
5 384
5 386
5 419
5 431
5 446
6 27
6 81
6 209
6 455
7 229
7 255
7 372
8 58
8 87
8 89
8 178
8 217
8 300
8 396
8 399
8 426
8 454
9 62
9 89
9 117
9 169
9 217
9 219
9 235
9 238
9 271
9 304
9 381
9 384
9 467
10 95
10 116
10 138
10 191
10 357
11 34
11 89
11 189
11 230
11 251
11 274
11 296
11 320
11 369
11 372
11 376
12 61
12 167
12 186
12 305
12 469
12 483
13 122
13 125
13 142
13 199
13 317
13 398
13 482
13 485
14 33
14 55
14 69
14 101
14 111
14 163
14 176
14 292
14 299
14 314
14 323
14 334
14 370
14 451
14 474
15 100
15 148
15 171
15 212
15 350
15 354
15 433
15 474
16 138
16 184
16 393
17 52
17 198
17 215
17 221
17 243
17 390
17 424
17 448
17 454
18 68
18 145
18 245
18 325
18 327
18 342
19 32
19 47
19 157
19 173
19 223
19 241
19 245
19 280
19 318
19 355
20 106
20 249
20 327
20 359
21 45
21 79
21 81
21 193
21 257
21 418
21 475
22 84
22 348
22 521
23 226
23 238
23 266
24 50
24 88
24 196
24 322
24 357
24 359
24 368
24 437
24 449
24 630
25 69
25 92
25 131
25 152
25 165
25 171
25 274
25 294
25 298
25 336
25 369
25 432
26 27
26 105
26 132
26 172
26 274
27 158
27 191
27 216
27 218
27 374
27 417
27 449
27 455
28 107
28 283
28 357
29 113
29 157
29 222
29 310
30 86
30 92
30 103
30 167
30 171
30 219
30 251
30 265
30 301
30 325
30 330
30 385
31 67
31 88
31 166
31 222
31 261
31 291
31 322
31 328
31 361
31 364
31 368
31 430
31 438
31 441
31 681
32 50
32 95
32 257
32 280
32 418
33 163
33 418
33 468
33 473
33 557
34 92
34 131
34 163
34 221
34 285
34 294
34 299
34 314
34 325
34 334
34 336
34 352
34 369
34 428
34 439
34 452
34 474
34 486
35 68
35 114
35 162
35 166
35 190
35 359
35 380
35 414
35 684
36 115
36 404
36 468
36 556
37 87
37 89
37 97
37 219
37 399
37 419
37 426
37 454
37 484
38 151
38 184
38 234
38 246
38 276
38 286
38 331
38 387
38 464
38 491
39 151
39 177
39 185
39 197
39 234
39 236
39 263
39 273
39 296
39 297
39 302
39 331
39 338
39 426
40 160
40 172
40 328
40 437
40 441
41 122
41 132
41 263
41 264
41 297
41 402
41 485
42 147
42 188
42 222
42 241
42 364
42 441
42 477
43 227
43 347
43 386
43 423
43 445
43 583
44 76
44 144
45 147
45 212
45 218
45 222
45 241
45 368
45 422
45 468
47 96
47 355
47 430
48 84
48 188
48 214
48 334
48 375
48 466
49 92
49 167
49 170
49 171
49 265
49 281
49 346
49 398
49 406
49 415
49 469
49 483
50 96
50 280
50 430
51 99
51 102
51 211
51 236
51 302
51 338
51 339
51 381
51 399
51 412
51 484
51 722
52 133
52 349
52 424
52 700
53 229
53 332
53 403
53 424
54 250
54 260
54 275
54 332
54 392
54 466
54 610
54 720
55 170
55 389
55 422
55 443
56 121
56 164
56 215
57 62
57 87
57 125
57 169
57 178
57 198
57 288
57 294
57 304
57 369
57 370
57 440
57 459
58 66
58 85
58 89
58 258
58 300
58 396
58 399
58 419
58 426
58 454
58 527
59 178
59 221
59 230
59 294
59 336
59 439
59 451
59 613
61 117
61 135
61 167
61 264
61 334
61 421
61 447
61 469
61 483
62 64
62 89
62 125
62 139
62 169
62 238
62 288
62 290
62 304
62 370
62 412
62 459
63 225
63 338
63 346
63 384
64 89
64 125
64 141
64 169
64 221
64 227
64 288
64 304
64 305
64 369
64 399
64 691
65 326
66 120
66 170
66 217
66 290
66 300
66 419
66 426
66 454
67 79
67 116
67 194
67 239
67 261
67 291
67 345
67 358
68 78
68 245
68 344
68 354
68 359
68 361
68 418
68 569
69 139
69 299
69 336
69 352
69 369
69 439
69 474
70 448
71 156
71 171
71 189
71 225
71 247
71 271
71 334
71 375
71 415
71 454
71 474
71 595
71 737
72 131
72 154
72 156
72 178
72 180
72 267
72 289
72 308
72 412
72 432
72 464
72 515
73 105
73 149
73 406
74 105
74 373
75 82
75 92
75 168
75 237
75 332
75 382
75 416
75 450
76 175
77 121
77 198
77 215
77 341
77 381
77 409
77 471
77 484
78 93
78 114
78 162
78 239
78 242
78 345
78 350
78 358
78 359
78 443
78 470
79 100
79 143
79 218
79 358
79 449
80 391
80 436
80 442
81 98
81 110
81 116
81 191
81 209
81 268
81 360
81 433
81 437
81 472
81 507
81 556
81 716
82 94
82 105
82 107
82 154
82 172
82 201
82 329
82 343
83 228
84 146
84 214
84 348
84 353
84 373
84 521
84 527
84 538
85 86
85 128
85 214
85 231
85 262
85 302
85 353
85 370
85 413
86 91
86 266
86 297
86 317
86 347
86 372
86 716
87 217
87 219
87 235
87 351
87 396
87 407
87 440
87 454
88 116
88 160
88 187
88 194
88 196
88 261
88 295
88 344
88 395
88 422
88 443
88 472
89 217
89 223
89 271
89 274
89 300
89 305
89 383
89 396
89 399
89 419
89 454
89 459
90 95
90 116
90 196
90 295
90 322
90 344
90 443
90 455
91 103
91 177
91 270
91 337
91 365
91 457
92 97
92 103
92 118
92 128
92 134
92 139
92 171
92 185
92 211
92 225
92 240
92 272
92 274
92 296
92 314
92 370
93 100
93 148
93 195
93 196
93 210
93 220
93 239
93 242
93 345
93 358
93 375
93 433
94 129
94 131
94 165
94 267
94 308
94 336
94 366
94 382
94 392
94 412
94 442
94 451
94 515
95 116
95 191
95 268
95 357
95 433
95 449
95 455
95 476
96 119
96 143
96 193
96 208
96 311
96 431
97 162
97 304
97 339
97 403
97 515
98 116
98 181
98 209
98 261
98 344
98 361
98 374
98 397
98 455
98 472
99 102
99 138
99 170
99 285
99 302
99 421
99 467
99 484
100 148
100 179
100 210
100 239
100 328
100 468
100 473
100 589
100 621
100 630
100 702
101 110
101 115
101 124
101 144
101 212
101 259
101 402
101 443
101 481
102 177
102 236
102 302
102 339
102 365
103 177
103 234
103 250
103 266
103 337
103 457
104 122
104 189
104 201
104 246
104 251
104 264
104 301
104 402
104 426
104 429
104 762
105 172
105 225
105 248
105 417
105 440
106 145
106 245
106 350
107 138
107 203
107 225
107 297
107 333
107 402
107 464
107 485
108 177
108 270
109 164
109 224
109 313
109 321
109 373
109 401
109 409
109 450
109 465
110 116
110 208
110 261
111 210
111 329
111 628
113 157
113 187
113 216
113 222
113 310
113 411
113 455
114 145
114 162
114 220
114 342
114 380
114 476
114 548
115 181
115 257
115 283
115 374
115 384
115 422
115 475
115 788
116 191
116 216
116 268
116 315
116 379
116 404
116 455
117 123
117 137
117 274
117 313
117 320
117 400
117 739
118 139
118 258
118 267
118 370
118 375
118 376
118 423
118 439
118 646
119 157
119 160
119 173
119 259
119 430
119 431
119 727
120 189
120 269
120 392
120 396
120 419
120 426
120 446
120 454
120 467
121 164
121 198
121 215
121 279
121 340
121 410
121 481
122 140
122 263
122 389
122 560
123 131
123 150
123 245
123 312
123 320
123 373
123 424
123 436
123 442
124 193
124 208
124 363
124 395
124 458
124 475
125 139
125 141
125 169
125 288
126 130
127 146
127 226
127 260
127 372
127 461
128 225
128 300
128 432
128 648
130 154
130 197
130 339
131 211
131 230
131 274
131 294
131 298
131 352
131 432
131 451
132 263
132 305
132 483
133 135
133 178
133 198
133 243
133 349
133 403
133 424
133 440
133 459
134 139
134 170
134 171
134 185
134 202
134 290
134 314
134 423
134 425
134 474
134 707
135 215
135 279
135 284
135 296
135 358
135 372
135 403
135 440
135 461
135 634
135 689
136 237
136 707
137 274
137 320
138 184
138 305
138 340
138 384
138 393
138 484
139 169
139 247
139 288
139 290
139 370
139 375
139 486
140 154
140 167
140 402
140 483
141 300
141 315
141 379
142 236
142 251
142 317
142 346
142 398
143 194
143 443
143 570
143 787
144 557
145 183
145 210
145 242
145 342
145 359
145 443
146 251
146 266
146 296
146 297
146 346
146 372
147 181
147 222
147 241
147 257
147 283
147 417
147 422
147 449
147 477
148 163
148 179
148 267
148 350
148 354
148 358
148 381
148 439
148 472
148 486
148 681
149 199
149 226
149 297
149 392
149 398
149 402
149 406
150 232
150 250
150 272
150 274
150 290
150 336
150 353
150 432
150 466
150 471
150 473
151 185
151 273
151 340
152 204
152 230
152 294
152 336
152 369
152 432
152 451
153 179
153 194
153 204
153 210
153 242
153 245
153 256
153 265
153 318
153 325
153 345
153 443
153 563
153 595
154 156
154 180
154 199
154 203
154 273
154 305
154 330
154 333
154 366
154 387
154 406
154 447
154 464
154 491
154 674
154 765
155 481
155 716
156 180
156 182
156 189
156 230
156 247
156 275
156 294
156 330
156 369
156 377
156 387
156 464
156 474
156 491
156 493
156 765
157 259
157 291
158 218
158 326
160 161
160 291
160 328
160 427
160 441
161 208
161 361
161 628
162 163
162 179
162 190
162 354
162 371
162 443
163 212
163 314
163 407
163 427
163 443
163 452
163 486
164 215
164 224
164 252
164 284
164 313
164 319
164 401
164 444
164 465
165 232
165 260
165 267
165 336
165 362
165 392
165 423
166 342
166 470
166 472
166 479
167 170
167 246
167 263
167 264
167 360
167 385
167 421
167 447
167 469
167 483
169 176
169 227
169 288
169 290
169 304
169 392
169 403
169 412
170 219
170 264
170 339
170 407
170 419
170 426
170 447
171 202
171 224
171 240
171 249
171 265
171 299
171 384
171 413
171 415
171 423
171 446
171 482
172 333
172 363
172 373
172 462
173 223
173 241
176 180
176 285
176 288
176 323
176 370
176 387
176 390
176 405
176 464
177 236
177 251
177 337
177 338
177 457
178 217
178 219
178 221
178 258
178 288
178 304
178 399
179 196
179 210
179 354
179 359
179 371
179 443
179 479
179 486
179 589
180 203
180 285
180 357
180 366
180 387
180 464
180 469
180 674
181 194
181 241
181 283
181 360
181 379
181 380
181 395
181 397
181 422
181 435
182 189
182 240
182 247
182 299
182 352
182 370
182 376
182 451
182 474
182 482
184 185
184 273
184 286
184 305
184 331
184 340
184 393
184 422
184 429
185 246
185 273
185 286
185 331
185 340
185 366
185 393
185 457
186 188
186 366
187 196
187 218
187 221
187 357
187 397
187 422
188 236
188 275
188 286
188 338
189 247
189 256
189 265
189 325
189 352
189 413
189 415
189 419
189 421
189 439
189 474
189 482
189 624
189 709
189 739
190 395
190 548
190 621
191 192
191 357
191 433
191 455
191 472
191 602
192 196
192 268
192 322
192 360
192 433
192 435
192 438
192 681
192 760
193 208
193 244
193 343
193 441
194 223
194 395
194 422
194 435
194 684
195 196
195 218
195 244
195 268
195 287
195 433
195 458
195 477
195 787
196 280
196 322
196 395
196 433
196 477
196 760
197 254
197 303
197 334
197 781
198 215
198 349
198 390
198 403
198 406
198 409
198 424
198 459
199 219
199 226
199 297
199 406
199 467
199 485
201 224
201 313
201 401
201 403
201 414
201 417
201 444
201 465
201 598
201 784
202 265
202 325
202 352
202 423
202 425
202 452
203 285
203 330
203 387
203 402
203 421
203 453
203 464
203 469
203 483
203 485
203 765
204 206
204 221
204 225
204 316
204 445
204 452
205 236
205 254
205 298
205 303
205 312
205 332
205 448
206 211
206 249
206 277
206 472
207 457
208 361
210 278
210 287
210 354
210 363
210 435
211 249
211 258
211 272
211 336
211 423
211 498
212 242
212 315
212 621
214 348
214 353
214 386
214 413
214 466
214 471
215 279
215 390
215 410
215 424
215 673
216 220
216 222
216 380
217 219
217 235
217 300
217 399
217 440
217 674
218 244
218 315
218 379
218 437
219 235
219 375
219 381
219 383
219 407
219 446
219 560
219 674
220 259
220 358
220 368
220 380
221 227
221 265
221 275
221 300
221 308
221 381
221 399
221 407
221 425
221 451
222 241
222 242
222 310
222 364
222 417
223 268
223 379
223 435
224 232
224 249
224 312
224 313
224 319
224 321
224 398
224 401
224 410
224 450
224 465
224 502
224 521
224 598
224 776
225 314
225 316
225 392
225 423
225 445
226 255
226 333
226 351
227 271
227 288
227 375
227 403
227 459
228 465
229 255
229 277
229 282
229 296
229 319
229 353
229 425
229 461
230 254
230 294
230 320
230 369
230 377
230 400
230 439
230 451
230 452
231 236
231 282
231 338
231 467
232 321
232 515
232 553
233 235
233 288
233 388
233 419
233 421
233 423
233 445
233 452
233 483
233 746
234 276
234 286
234 429
234 447
235 238
235 260
235 262
235 300
235 317
235 320
235 346
235 394
235 445
235 547
235 563
236 251
236 260
236 270
236 297
236 302
236 325
236 337
236 338
236 346
236 384
238 272
238 339
238 396
238 399
238 454
238 496
239 242
239 345
239 358
239 374
239 468
239 544
240 247
240 274
240 299
240 352
240 370
240 400
240 482
241 356
241 364
241 417
241 458
242 345
242 371
242 470
242 544
242 569
242 621
243 288
243 390
243 424
243 567
244 322
245 342
245 350
245 358
245 359
245 418
245 443
246 257
246 263
246 268
246 276
246 483
247 299
247 320
247 369
247 370
247 400
247 439
247 451
247 474
248 252
248 263
248 333
248 373
248 444
248 481
248 482
248 483
249 284
249 303
249 312
249 410
249 784
250 339
250 347
250 348
250 372
250 373
250 413
251 255
251 266
251 281
251 296
251 307
251 338
251 347
251 413
252 266
252 284
252 340
253 294
253 298
253 316
253 352
253 377
254 298
254 303
254 436
255 266
255 372
255 469
256 299
256 318
256 474
256 621
257 395
257 436
258 298
258 304
258 375
258 381
258 386
258 399
258 419
258 426
258 454
258 467
258 674
259 261
259 324
259 430
259 431
259 441
259 470
259 530
260 262
260 296
260 457
260 547
260 563
260 771
261 379
261 420
261 431
261 458
262 346
262 347
262 348
262 372
262 398
262 547
262 563
263 281
263 305
263 385
263 398
263 483
264 385
264 421
264 447
264 458
264 483
265 325
265 352
265 375
265 415
265 423
265 439
265 482
266 272
266 317
266 372
266 385
266 387
266 464
267 362
267 366
267 392
267 428
267 434
267 451
267 485
267 515
267 700
268 315
268 360
268 379
268 455
268 476
270 285
270 302
270 338
271 390
271 399
271 403
271 459
272 372
273 330
273 375
273 393
273 429
274 320
274 376
274 377
274 400
275 362
275 366
275 466
275 467
276 286
276 305
276 379
278 589
278 734
279 313
279 413
279 440
280 476
281 333
281 407
281 421
281 425
281 483
282 297
282 340
282 425
282 461
283 379
283 380
283 397
283 422
283 435
283 458
283 476
283 477
284 413
284 440
284 444
285 286
285 297
285 372
285 387
285 464
285 467
286 301
286 331
286 463
286 716
288 304
288 334
288 369
288 370
288 381
288 383
288 439
288 440
288 474
289 290
289 333
289 388
289 439
290 362
290 486
291 427
291 443
291 472
292 652
293 298
293 450
294 336
294 369
294 377
294 400
294 432
294 451
295 324
295 419
295 455
296 301
296 330
296 372
296 387
296 464
297 333
297 338
297 347
297 372
297 398
297 402
297 405
297 485
298 316
298 336
298 392
299 314
299 352
299 370
299 376
299 439
299 451
299 452
299 482
299 486
300 407
300 419
300 454
300 484
301 330
301 331
301 457
302 338
302 384
303 321
303 334
303 375
303 428
303 432
303 434
304 396
305 389
305 399
305 412
306 448
307 440
308 362
308 366
308 382
308 451
309 788
310 356
311 734
312 313
312 319
312 321
312 401
312 436
313 319
313 321
313 401
313 450
313 461
313 465
313 689
314 334
314 336
314 370
314 414
314 432
314 451
315 379
315 455
315 457
316 451
317 372
317 402
317 485
318 350
318 418
319 401
319 461
319 465
320 369
320 400
320 417
320 474
321 373
321 378
321 401
321 410
321 450
322 328
322 368
322 438
324 361
325 338
325 474
325 621
325 761
326 379
326 469
328 431
328 437
328 438
329 380
329 431
329 475
330 375
330 453
330 674
331 453
331 457
333 421
333 425
333 483
334 375
334 423
334 446
334 474
336 369
336 451
336 482
337 338
337 393
337 405
337 457
338 384
338 385
339 365
339 384
339 386
339 454
340 393
340 444
341 386
341 471
342 344
342 358
342 371
342 507
344 398
344 410
344 430
345 350
345 358
345 370
345 376
345 436
345 443
345 449
346 347
346 372
346 398
346 402
346 419
347 372
347 398
347 581
348 373
348 471
349 353
349 390
349 459
350 368
350 418
350 443
350 522
351 389
351 402
352 370
352 423
352 452
352 486
352 567
353 407
353 445
354 357
354 359
354 371
354 443
354 470
354 479
354 684
355 430
356 397
357 406
357 422
357 435
357 469
358 375
358 476
358 548
358 621
359 371
359 557
359 779
360 455
360 458
360 476
361 364
361 472
362 366
362 382
362 400
362 412
362 515
363 395
363 417
364 417
364 458
364 502
365 461
365 466
366 385
366 451
366 515
367 409
367 638
369 377
369 389
369 400
369 780
370 375
370 423
370 439
370 451
370 474
370 595
371 589
372 373
372 375
372 527
373 445
373 462
374 422
374 430
374 437
374 455
374 458
375 377
375 474
375 483
375 674
375 686
375 765
375 778
377 414
377 432
377 451
378 390
379 455
380 417
381 390
381 467
382 445
383 446
383 473
384 446
386 445
386 471
387 464
387 469
387 716
389 402
389 485
390 395
390 412
390 424
390 459
391 392
391 408
391 412
391 442
392 412
392 414
392 434
392 436
392 442
392 784
395 422
395 438
396 399
396 454
397 430
397 435
397 443
397 472
397 477
397 544
398 402
398 471
398 485
399 419
399 426
399 454
399 459
399 484
400 415
401 412
401 450
401 465
401 598
402 412
402 485
402 640
403 424
403 440
403 459
404 507
406 485
407 412
407 471
410 450
410 465
411 433
412 442
412 722
413 439
414 784
415 423
415 432
415 467
418 423
418 478
419 426
419 446
419 454
419 484
419 746
420 441
420 449
420 450
421 447
421 469
421 483
421 484
421 624
423 445
423 446
423 452
423 467
423 486
425 452
426 445
426 446
426 454
427 788
429 457
430 431
430 441
430 449
431 470
431 530
431 755
433 458
433 602
433 787
434 442
435 485
436 442
436 515
437 438
439 445
439 452
439 474
439 486
441 571
443 681
443 761
445 452
445 471
445 495
445 627
445 719
445 756
445 768
446 484
447 469
448 480
449 628
449 630
449 681
449 684
449 786
451 474
452 749
454 467
454 484
455 476
457 463
457 581
458 483
458 571
460 580
464 469
464 674
466 471
467 498
467 518
469 483
469 485
469 716
474 482
474 624
474 709
474 739
487 493
487 496
487 503
487 543
487 585
487 607
487 623
487 624
487 635
487 641
487 654
487 658
487 669
487 677
487 699
487 708
487 709
487 719
487 772
488 494
488 675
488 719
488 735
488 756
489 524
489 528
489 612
489 629
489 643
489 647
489 660
489 665
489 670
489 713
489 736
489 745
489 773
489 782
489 783
490 524
490 547
490 565
490 610
490 648
490 655
490 660
490 704
490 724
490 778
491 524
491 528
491 618
491 643
491 665
491 713
491 745
491 765
492 584
492 648
492 725
493 543
493 560
493 607
493 635
493 643
493 654
493 658
493 659
493 677
493 699
493 701
493 708
493 772
494 495
494 541
494 555
494 584
494 604
494 670
494 756
494 792
495 525
495 537
495 541
495 564
495 576
495 611
495 655
495 719
495 720
495 741
495 743
495 756
495 768
496 505
496 643
496 654
496 666
497 794
498 501
498 546
498 583
498 613
498 614
498 627
498 719
498 724
498 736
498 744
498 746
498 781
498 784
499 542
499 549
499 558
499 765
500 567
500 586
500 588
500 766
500 793
501 720
501 781
502 564
502 584
502 598
502 673
502 776
503 508
503 509
503 534
503 543
503 569
503 573
503 579
503 667
503 733
503 790
504 591
505 525
505 535
505 576
505 585
505 606
505 719
505 730
505 767
506 519
506 633
506 637
506 665
506 702
506 713
506 721
506 724
506 787
507 552
507 564
507 582
507 645
507 649
507 710
507 790
508 516
508 522
508 569
508 601
508 645
508 698
508 747
508 755
508 788
509 522
509 579
509 681
509 695
509 727
509 740
509 755
509 761
509 788
510 519
510 536
510 539
510 548
510 572
510 573
510 633
510 638
510 651
510 690
510 706
510 710
512 538
512 549
512 746
512 753
513 514
513 518
513 686
514 518
514 546
514 564
514 568
514 585
514 595
514 607
514 623
514 641
514 654
514 658
514 666
514 677
514 699
514 737
514 777
514 782
514 794
515 617
515 725
516 522
516 601
516 616
516 645
517 553
517 581
517 590
517 591
517 613
517 662
517 693
517 741
517 774
518 623
518 666
518 669
518 699
518 708
518 719
518 794
519 539
519 573
519 582
519 628
519 633
519 652
519 682
519 684
519 702
519 706
519 710
519 752
519 769
519 777
520 545
520 578
520 584
520 593
520 597
520 653
520 668
521 527
521 541
521 553
521 620
522 534
522 569
522 570
522 601
522 602
522 695
522 702
522 740
523 605
523 650
523 666
523 677
523 686
523 699
523 719
523 737
523 749
523 782
524 528
524 612
524 618
524 637
524 643
524 660
524 665
524 713
524 715
524 736
524 745
524 772
524 773
524 783
525 535
525 538
525 541
525 581
525 586
525 675
525 678
525 730
525 743
525 753
526 585
526 604
526 606
526 626
526 639
526 675
526 761
526 767
527 541
528 647
528 660
528 665
528 713
528 744
528 745
529 597
529 668
530 534
530 557
530 603
530 630
530 631
530 681
530 682
530 769
530 777
531 539
531 544
531 566
531 573
531 579
531 716
531 734
531 790
532 533
533 544
533 581
533 628
533 679
533 752
533 786
533 787
534 687
534 702
534 733
534 740
534 751
534 755
534 790
535 581
535 586
535 678
535 743
536 538
536 539
536 571
536 572
536 632
536 633
536 634
536 651
536 688
536 690
536 706
536 728
536 791
537 579
537 599
537 602
537 693
537 695
537 698
537 702
537 735
537 785
537 788
538 584
538 609
538 620
538 644
538 707
538 718
538 753
538 770
538 791
539 557
539 571
539 573
539 579
539 636
539 710
539 734
539 740
539 760
541 564
541 587
541 590
541 611
541 613
541 741
541 742
541 753
542 607
542 635
542 641
542 721
542 738
542 765
543 658
543 659
543 699
543 708
543 712
543 772
544 566
544 599
544 602
544 625
544 695
544 702
544 716
544 740
544 779
544 786
545 592
545 609
545 612
545 613
545 653
545 672
545 721
545 739
545 762
545 770
546 632
546 655
546 785
547 550
547 563
548 621
548 625
548 680
548 757
549 562
549 565
549 595
549 646
550 622
552 582
552 632
552 642
552 710
552 760
553 613
553 691
553 744
553 775
554 576
554 627
554 657
554 660
554 705
554 724
554 726
554 729
554 744
554 753
555 626
555 712
555 730
555 793
556 589
556 785
556 788
558 594
558 604
558 635
558 666
558 695
558 738
558 765
559 601
559 625
559 696
559 763
560 584
560 694
560 700
560 738
560 772
560 791
562 565
562 590
562 595
562 639
562 694
562 794
563 568
563 586
563 588
563 743
563 749
564 584
564 587
564 595
564 598
564 673
564 678
564 679
564 689
565 577
565 646
565 648
566 579
566 599
566 687
566 727
566 740
566 755
566 759
566 760
566 779
566 787
567 581
567 591
567 655
567 678
567 766
568 570
568 641
568 650
568 659
568 662
568 666
568 669
568 686
568 719
568 737
568 754
568 794
569 570
569 579
569 587
569 601
569 682
569 695
569 763
569 777
569 790
570 587
570 727
570 760
570 763
571 573
571 597
571 631
571 636
571 638
571 664
571 690
571 710
571 760
572 600
572 625
572 630
572 631
572 633
572 706
572 777
573 579
573 621
573 631
573 702
573 734
573 760
573 787
573 790
574 583
574 630
574 632
574 651
574 787
574 789
575 587
575 616
576 581
576 627
576 683
576 729
576 730
576 743
577 583
577 593
577 597
577 640
577 676
577 682
577 688
577 718
577 736
577 784
578 597
578 629
578 632
578 638
578 668
579 616
579 645
579 649
579 687
579 755
579 788
580 680
580 786
581 590
581 591
581 611
581 619
581 678
581 683
581 698
581 743
581 774
582 633
582 642
582 671
582 706
582 752
582 769
582 779
583 632
583 676
583 717
584 587
584 604
584 617
584 668
584 729
584 792
585 623
585 624
585 641
585 654
585 677
585 699
585 709
585 737
585 767
586 588
586 685
586 700
586 743
587 601
587 698
587 740
587 763
587 790
588 729
588 743
588 758
589 645
589 685
589 740
589 760
589 785
590 594
590 675
590 678
590 694
590 720
590 743
590 749
591 613
591 741
591 794
592 609
592 613
592 653
592 655
592 721
592 736
592 739
592 784
593 610
593 620
593 685
594 619
594 623
594 674
594 678
594 694
594 725
594 776
594 781
595 662
595 693
595 694
595 741
595 744
595 794
596 663
596 748
596 780
597 646
597 668
597 758
598 608
598 673
598 776
598 784
599 687
599 695
599 727
599 779
600 789
601 747
601 790
602 649
602 732
602 788
603 631
603 681
603 684
603 711
603 734
603 769
603 777
603 787
604 626
604 667
604 780
604 782
605 719
605 726
605 744
605 754
605 762
605 766
605 778
606 675
606 729
606 767
607 623
607 624
607 658
607 659
607 677
607 699
607 708
607 709
607 715
607 719
607 739
608 653
608 657
608 673
609 613
609 707
609 721
609 762
610 619
610 644
610 753
611 719
611 743
611 756
611 768
612 613
612 618
612 660
612 713
612 721
612 745
612 773
612 775
613 653
613 655
613 657
613 660
613 672
613 778
613 781
613 783
614 717
614 724
615 666
615 697
615 770
615 785
616 650
616 698
616 761
617 639
617 670
618 647
618 653
618 660
618 665
618 713
618 783
619 622
619 705
619 771
619 773
620 644
620 652
620 670
620 753
620 764
620 771
620 784
621 691
621 732
621 788
622 644
622 676
622 717
623 641
623 666
623 677
623 699
623 737
623 738
624 635
624 658
624 659
624 667
624 677
624 708
624 709
624 782
625 628
625 633
625 636
625 706
625 728
626 712
626 772
627 648
627 683
627 704
627 724
627 771
627 781
627 783
628 630
628 636
628 752
629 632
629 646
629 661
629 668
629 723
629 724
629 762
630 681
630 734
630 777
631 642
631 671
631 711
631 769
632 638
632 661
632 690
633 636
633 648
633 706
633 728
633 762
634 640
634 646
634 717
634 754
635 640
635 699
635 712
635 726
635 738
635 754
635 765
635 772
635 778
636 651
636 710
637 643
637 665
637 713
637 715
637 721
637 736
638 642
638 657
638 690
638 710
638 758
638 781
639 685
639 694
639 700
640 678
640 705
640 717
640 748
640 773
641 643
642 646
642 648
642 710
642 711
643 666
643 736
643 737
643 772
643 773
643 783
644 718
644 720
644 753
644 759
645 698
645 716
645 740
645 785
646 648
646 668
646 724
646 735
646 739
646 745
646 765
646 773
646 782
646 783
646 791
647 660
647 678
647 705
647 744
647 773
647 783
648 668
648 676
648 762
648 784
649 679
649 716
649 755
649 785
649 788
650 669
650 719
650 748
650 749
651 679
651 680
651 681
651 786
652 682
652 711
652 769
653 655
653 657
653 672
653 739
653 752
654 658
654 659
654 666
654 677
654 699
654 708
654 772
655 731
655 744
655 749
657 668
657 672
657 673
657 721
657 762
657 770
658 659
658 699
658 709
658 772
659 666
659 677
659 699
659 701
659 708
659 709
659 737
659 765
659 772
659 780
660 665
660 705
660 743
660 744
660 745
660 773
660 783
661 722
662 693
662 708
662 741
662 749
662 768
662 771
662 774
662 794
663 748
665 713
665 715
665 736
665 745
665 746
665 773
665 783
666 686
666 691
666 699
666 709
666 712
666 739
666 772
666 778
666 782
667 709
668 753
668 758
668 759
669 699
669 709
669 737
669 738
669 749
671 784
672 673
672 762
672 770
673 770
673 776
673 792
675 678
676 736
677 699
677 708
677 709
677 782
678 689
678 691
678 705
678 714
678 749
678 759
678 762
678 766
678 773
678 792
679 684
679 747
679 786
679 787
680 757
680 786
681 695
681 755
681 769
681 788
682 752
682 760
682 787
683 743
683 753
683 759
683 771
685 694
685 700
685 704
685 724
685 740
686 719
686 735
686 743
686 778
687 695
687 702
687 734
687 790
689 700
689 792
691 724
693 741
693 756
693 768
693 794
695 698
695 702
695 727
695 734
695 740
695 755
695 756
695 760
695 788
696 785
698 740
698 755
698 788
698 790
699 701
699 708
699 709
699 763
699 772
699 782
701 730
701 772
701 780
702 763
702 788
703 751
703 757
704 724
705 773
705 783
706 710
706 728
706 788
707 748
708 741
708 772
709 737
709 772
710 752
710 777
711 752
711 769
712 772
713 736
713 744
713 745
713 746
713 783
715 721
715 724
715 744
718 753
719 735
719 743
719 749
719 754
719 778
721 739
721 762
721 770
724 739
724 745
724 758
724 783
725 749
725 766
726 754
727 732
732 779
732 788
733 779
734 740
734 760
734 787
734 790
735 738
735 794
736 739
736 746
737 754
737 782
737 794
738 778
738 791
739 783
740 760
740 785
740 788
740 790
741 768
742 766
742 793
743 749
743 756
743 768
744 746
744 775
744 778
744 781
749 778
751 757
752 769
753 768
755 788
756 768
756 778
756 792
757 786
760 790
761 779
762 766
762 770
763 786
766 776
768 771
768 792
769 770
769 777
772 780
772 782
779 787
787 788
787 790
