#num-nodes
100
#num-links
283
#links
0 5
0 20
0 28
0 37
0 45
0 63
0 77
0 78
0 86
0 88
1 4
1 38
1 64
1 67
2 3
2 5
2 25
2 27
2 33
2 34
2 42
2 47
2 67
2 72
2 77
2 79
2 94
3 34
3 47
3 62
3 67
3 96
3 99
4 6
4 11
4 36
4 38
4 48
4 61
4 64
4 83
4 87
4 91
5 70
5 77
5 78
5 79
5 86
5 88
6 32
6 36
6 38
6 53
6 61
6 64
6 83
6 91
7 11
7 46
7 48
7 59
7 66
7 74
8 17
8 79
9 31
9 74
10 11
10 20
10 22
10 30
10 43
10 46
10 47
10 48
11 30
11 48
11 74
12 18
12 20
12 42
12 49
12 50
12 51
12 79
13 53
13 64
13 97
14 32
14 68
14 83
15 65
16 82
17 18
17 27
17 34
17 42
17 55
17 67
17 72
17 79
18 20
18 41
18 49
18 58
18 67
18 70
18 72
18 79
18 84
18 99
19 46
19 60
19 66
19 75
19 77
19 80
20 41
20 47
20 49
20 58
20 63
20 79
20 84
20 99
21 22
22 30
22 31
22 38
22 94
23 79
24 58
25 31
25 74
25 75
25 77
25 78
25 80
25 94
26 57
27 35
27 55
27 67
27 70
27 72
27 94
27 96
27 99
28 41
28 45
28 78
28 88
29 73
29 81
29 93
29 98
30 43
30 48
31 94
32 35
32 36
32 38
32 53
32 61
32 64
32 83
33 55
33 67
33 72
34 46
34 47
34 59
34 62
34 63
34 66
34 67
34 75
34 80
34 84
34 96
34 99
35 70
36 38
36 61
36 64
36 83
36 91
38 39
38 61
38 83
38 87
39 71
39 83
39 91
40 90
41 84
41 96
42 46
42 67
42 71
42 79
43 91
43 97
44 65
44 75
44 82
45 78
45 88
46 60
46 62
46 66
46 75
46 80
46 96
47 63
47 67
47 72
47 84
47 96
47 99
49 51
49 79
50 51
50 54
50 55
51 54
51 55
51 58
51 79
52 74
52 82
56 73
57 68
57 73
57 93
58 67
58 72
58 99
59 74
60 75
60 77
61 64
61 83
61 87
62 67
62 96
63 70
63 79
63 99
64 83
64 89
65 80
66 74
66 80
67 96
67 99
68 81
68 93
70 79
70 87
70 92
72 96
72 99
73 81
73 87
74 81
74 95
75 80
76 93
77 81
78 79
78 84
78 86
78 88
79 84
80 94
80 96
81 93
83 87
83 91
88 92
91 97
93 97
