#num-nodes
530
#num-links
926
#links
0 229
1 525
1 526
2 39
2 201
2 228
2 258
2 306
2 318
2 319
2 376
2 429
4 34
4 58
4 208
4 262
5 434
6 130
6 207
6 363
6 448
6 514
8 49
8 320
8 332
9 12
10 42
10 63
10 87
10 319
11 262
11 323
11 343
11 414
12 177
12 315
12 400
13 525
14 80
14 117
14 342
14 374
14 388
14 444
15 237
15 376
15 471
16 80
16 168
17 63
17 226
17 300
17 419
17 473
18 44
18 229
18 465
20 81
20 278
20 463
21 259
21 495
21 504
22 293
22 499
23 159
24 221
24 424
26 78
26 198
26 236
26 293
26 393
26 462
26 523
27 215
27 242
28 363
31 229
32 83
32 521
33 58
33 334
33 511
34 36
34 414
34 457
35 217
36 237
37 67
37 128
37 303
37 369
37 397
37 524
39 137
39 258
39 318
39 319
39 430
39 471
40 134
40 372
41 79
41 84
41 88
41 90
41 251
41 264
42 202
42 420
44 77
45 147
45 187
46 212
46 262
48 417
48 486
50 51
50 262
51 423
51 502
53 510
55 93
55 157
55 274
55 360
55 387
55 505
55 506
56 97
56 162
56 219
56 234
56 251
56 266
56 278
56 290
56 304
56 472
56 496
56 513
57 208
58 248
58 351
58 394
58 398
58 404
58 407
58 419
59 189
59 375
61 128
61 471
62 64
63 226
63 306
63 338
63 419
65 214
66 252
66 449
67 155
67 214
67 218
67 311
67 331
67 378
67 397
67 398
67 444
69 326
69 500
70 372
71 163
71 234
71 412
71 435
71 464
72 284
73 106
73 269
73 465
74 166
74 451
76 138
76 235
76 391
77 102
77 146
77 269
77 468
77 510
78 198
78 199
78 236
78 293
78 386
78 449
78 462
78 503
79 88
79 95
79 250
79 292
79 326
80 192
80 193
80 346
80 444
80 447
81 195
81 234
81 251
81 286
81 371
81 463
81 513
82 122
83 86
83 354
83 521
84 88
84 290
84 354
84 481
85 237
86 100
86 219
86 278
86 290
86 299
86 513
87 142
88 162
88 290
88 326
88 481
89 199
89 375
89 499
90 132
90 251
90 289
90 371
92 128
92 309
92 322
92 323
92 430
92 471
92 473
93 157
93 170
93 196
93 274
93 293
93 346
93 413
93 488
94 154
94 215
94 251
94 278
94 315
94 400
94 411
94 437
94 528
95 254
95 290
95 326
95 479
95 496
96 128
96 300
96 323
96 473
97 158
97 174
97 310
97 332
97 361
97 362
97 442
97 469
97 485
98 149
98 152
98 178
98 348
99 278
99 437
99 528
100 186
100 255
100 496
101 163
101 173
101 278
102 194
102 239
104 485
105 138
105 348
105 366
106 269
106 460
106 465
107 179
107 257
107 354
108 271
108 273
108 412
108 437
108 513
108 528
109 450
111 176
111 178
111 233
111 234
111 371
111 411
111 464
112 249
114 269
114 332
114 349
115 140
116 164
116 200
117 167
117 192
117 386
117 388
120 279
120 332
120 360
120 362
121 434
122 229
124 227
127 163
127 234
127 463
128 188
128 378
128 524
130 236
130 291
130 344
130 363
130 382
130 448
130 514
131 362
131 401
132 157
132 289
132 308
132 353
132 513
133 484
134 301
134 369
134 372
134 394
134 431
135 172
135 215
135 225
135 286
135 330
137 511
138 235
138 296
138 359
138 366
138 391
138 440
138 501
138 508
139 325
139 489
140 194
140 277
140 364
140 510
140 517
140 529
141 506
142 168
142 268
144 164
144 175
144 382
144 385
144 431
146 517
148 217
148 339
148 494
149 178
150 340
150 421
150 478
151 303
151 396
151 428
151 512
152 301
152 303
152 369
152 382
152 431
153 222
154 195
154 513
155 265
155 369
155 398
157 346
157 485
158 310
158 332
158 381
158 386
158 469
159 217
159 244
160 230
160 249
161 336
162 290
162 308
162 479
162 481
162 513
163 344
163 412
164 200
168 199
168 204
168 268
168 293
168 312
168 386
168 393
168 499
168 502
169 348
170 201
170 274
172 215
172 286
172 307
172 330
172 435
173 437
173 528
174 279
174 310
174 360
174 361
174 362
174 442
174 469
175 193
175 196
175 278
175 313
175 408
175 502
176 233
176 411
176 464
176 472
177 315
177 437
177 528
178 425
178 435
178 442
180 189
180 333
182 488
183 311
184 407
185 219
185 264
185 371
186 217
186 255
186 492
186 494
187 481
188 210
188 212
188 226
188 404
189 303
189 413
189 447
192 388
192 444
193 386
193 388
193 395
193 451
193 506
194 364
194 510
195 251
195 289
195 455
195 513
196 274
196 293
196 308
196 413
198 199
198 236
198 247
198 449
198 462
198 485
198 488
198 503
199 247
199 386
199 449
200 527
201 377
203 274
203 283
203 332
203 475
204 393
204 502
206 234
206 358
206 437
206 528
207 292
207 417
208 213
208 230
208 309
208 407
208 478
210 237
210 262
210 282
210 390
210 511
211 377
212 255
213 230
213 309
213 365
213 407
213 478
214 254
215 225
215 242
215 245
215 330
215 501
216 397
216 428
219 234
219 276
219 290
219 371
219 500
220 271
221 370
221 420
221 424
222 345
222 356
223 282
224 283
225 231
225 330
225 501
226 227
226 245
226 260
226 429
227 237
227 362
227 376
227 378
227 427
227 473
227 507
229 482
230 407
230 478
231 242
232 344
232 417
233 411
233 464
233 509
234 235
234 271
234 278
234 281
234 290
234 292
234 411
234 463
234 481
234 513
235 363
235 425
235 435
235 464
236 247
236 449
236 462
236 503
236 506
237 404
237 407
237 427
237 465
237 473
238 393
242 286
244 255
244 328
244 339
244 394
245 316
246 303
246 397
246 402
246 417
247 449
247 462
247 485
247 503
248 394
248 404
248 407
249 285
249 403
250 303
250 398
251 254
251 320
251 496
251 513
252 441
252 468
253 395
253 485
254 320
254 432
255 427
255 494
256 301
256 431
257 354
259 495
259 504
260 419
260 471
262 282
262 323
262 357
262 423
264 276
264 500
265 447
265 486
266 292
266 371
266 496
266 513
267 323
268 444
268 499
268 502
269 460
269 465
270 310
270 332
270 336
270 361
270 475
270 490
271 273
271 276
272 497
273 276
273 412
274 293
274 413
276 371
276 500
276 513
277 490
278 289
278 290
278 340
279 310
279 332
279 361
279 362
279 442
279 469
280 492
280 529
281 308
281 411
282 511
283 374
283 388
283 451
284 305
284 343
284 452
286 307
286 330
286 435
287 329
287 398
287 422
287 445
287 481
287 496
288 472
289 371
289 513
290 326
290 335
290 481
290 513
291 395
291 448
293 346
293 393
293 413
293 449
293 503
293 523
297 451
298 347
300 419
300 473
301 303
301 369
301 431
303 369
304 472
304 481
305 457
307 330
308 513
310 332
310 362
310 442
310 469
310 475
310 490
311 375
311 520
312 364
312 469
313 436
313 451
313 506
315 400
315 437
315 528
318 319
318 322
318 378
319 419
324 376
327 376
328 446
329 479
329 496
329 513
329 523
331 422
332 349
332 469
332 475
332 485
332 487
333 396
334 376
334 511
334 524
335 481
336 520
337 375
339 494
341 362
341 435
341 442
342 434
342 451
342 525
344 367
344 368
344 417
345 465
346 456
346 462
346 485
346 488
346 503
347 447
349 382
349 384
350 458
351 404
352 375
354 457
355 411
358 458
358 461
359 501
359 502
359 508
360 361
360 362
360 401
360 490
361 362
361 387
361 442
361 490
362 387
362 401
362 442
362 469
362 485
363 454
364 380
365 407
366 440
369 395
369 403
369 431
369 493
371 437
371 440
371 500
371 528
373 478
375 520
380 510
380 517
381 390
381 394
382 448
386 444
386 449
387 485
388 435
388 444
390 398
390 407
390 419
390 445
390 511
391 425
391 508
393 476
393 502
393 523
394 398
394 407
395 402
395 506
395 515
397 521
398 422
399 474
401 490
402 403
402 417
402 428
404 407
405 434
411 464
417 467
419 473
420 424
420 429
421 478
423 511
425 435
428 467
435 464
435 492
436 506
437 528
442 475
442 485
448 514
451 506
453 517
455 520
469 490
481 513
487 517
492 529
495 504
496 513
499 502
499 503
502 529
515 524
522 526
525 526
