#num-nodes
2587
#num-links
10455
#links
0 19
0 646
0 1207
0 1219
0 1585
1 1582
1 1914
2 727
2 1078
2 1554
2 1981
3 10
3 95
3 374
3 388
3 456
3 483
3 799
3 1251
3 1271
4 725
4 816
4 1010
4 1111
4 1295
4 1352
4 1370
4 1373
4 1740
5 131
5 199
5 206
5 1186
5 1196
5 1422
5 1611
5 1678
6 82
6 437
6 731
6 772
6 1102
6 1471
6 1667
6 1919
7 219
7 372
7 379
7 478
7 1576
7 1656
8 819
8 1404
9 299
9 451
9 678
9 1098
10 41
10 374
10 388
10 483
10 727
10 1147
11 146
11 443
11 570
11 634
11 1215
11 1632
11 1798
11 1868
11 1889
12 28
12 110
12 140
12 160
12 194
12 399
12 411
12 538
12 606
12 716
12 787
12 890
12 1041
12 1567
12 1691
12 1818
13 165
13 435
14 220
14 917
14 1556
14 1587
14 1628
14 1699
15 42
15 365
15 405
15 414
15 557
15 584
15 928
15 986
15 989
15 1011
15 1345
15 1424
15 1763
15 1823
16 47
16 92
16 132
16 191
16 998
16 1024
16 1134
16 1442
16 1811
16 1909
17 668
17 1011
18 179
18 191
18 195
18 244
18 383
18 809
18 969
18 1055
18 1167
18 1371
18 1601
18 1621
18 1872
18 1878
19 318
19 473
19 623
19 989
19 1467
19 1630
19 1823
20 309
20 445
20 955
20 1231
20 1551
20 1665
20 1748
21 106
21 110
21 337
21 346
21 378
21 397
21 462
21 1491
22 260
22 321
22 513
22 541
22 1331
23 234
23 818
23 1461
23 1669
24 99
24 459
24 546
24 727
24 1038
24 1397
24 1472
24 1478
24 1938
25 61
25 107
25 205
25 375
25 442
25 784
25 837
25 973
25 1329
25 1825
25 1860
25 1891
25 1934
26 49
26 83
26 428
26 442
26 1050
26 1083
26 1213
26 1320
26 1885
26 1917
27 216
27 438
27 474
27 740
27 1441
27 1697
27 1726
27 1834
28 160
28 411
28 424
28 606
28 716
28 961
28 1041
28 1171
28 1502
28 1567
28 1638
29 77
29 264
29 334
29 442
29 496
29 501
29 631
29 804
29 841
29 882
29 949
29 1083
29 1098
29 1320
29 1617
30 198
30 524
30 557
30 741
30 780
30 1013
30 1259
30 1572
30 1645
30 1695
30 1817
31 71
31 84
31 175
31 203
31 344
31 397
31 425
31 852
31 856
31 910
31 1021
31 1067
31 1125
31 1473
31 1525
31 1707
31 1717
31 1940
31 2021
31 2510
32 604
32 1351
33 108
33 428
33 600
33 844
33 980
33 1175
33 1371
33 1885
34 1187
35 663
35 1181
35 1272
35 1596
36 187
36 644
36 1016
36 1104
36 1534
36 1717
37 153
37 238
37 743
37 905
37 992
37 1127
37 1360
37 1517
37 1697
37 1948
38 469
38 549
38 672
38 878
38 1042
38 1043
38 1222
38 1372
38 1475
39 653
39 1087
39 1589
40 143
40 1277
40 1689
40 1800
40 1887
41 369
41 423
41 577
41 678
41 714
41 843
41 986
41 988
41 992
41 1344
41 1839
42 405
42 414
42 557
42 767
42 995
42 1033
42 1175
42 1470
42 1632
43 253
43 844
43 1320
43 1371
43 1413
44 892
44 1210
44 1357
44 1572
45 113
45 146
45 190
45 284
45 745
45 1047
45 1783
45 1820
45 2092
46 349
46 519
46 824
46 1272
46 1645
46 1716
46 1717
46 1926
47 270
48 218
48 687
48 1017
48 1347
49 172
49 703
49 733
49 991
49 1039
49 1107
49 1225
49 1381
49 1387
49 1752
49 1896
50 303
50 351
50 1226
50 1247
50 1440
50 1740
50 1802
50 1977
51 242
51 499
51 501
51 561
51 616
51 955
51 1092
51 1330
51 1354
51 1588
51 1605
51 1720
52 1110
52 1220
52 1691
52 1746
52 1835
52 1860
53 665
53 933
53 1063
53 1902
53 1903
53 1932
54 82
54 452
54 572
54 642
54 845
54 1043
54 1124
54 1175
54 1222
54 1286
54 1619
54 1683
54 1840
55 204
55 379
55 900
55 1016
55 1416
55 1481
56 242
56 251
56 645
57 340
57 447
57 469
57 756
57 878
57 940
57 1016
57 1233
57 1341
57 1372
57 1546
57 1760
58 123
58 389
58 486
58 1587
58 1781
58 1921
59 195
59 559
59 823
59 1478
60 241
60 1486
61 81
61 119
61 200
61 203
61 205
61 314
61 375
61 1340
61 1847
61 1875
61 1882
61 1899
62 394
62 654
62 1599
62 1734
63 873
63 1231
63 1838
64 1382
64 1633
65 110
65 137
65 875
65 933
65 1005
65 1137
65 1240
65 1249
65 1491
65 1580
65 1681
65 1724
66 609
66 791
66 1101
67 209
67 488
67 517
67 612
67 791
67 917
67 1218
67 1313
67 1586
67 1727
67 1748
68 187
68 254
68 280
68 826
68 926
68 1119
68 1656
68 1793
68 1817
68 2194
69 317
69 375
69 501
69 844
69 846
69 1117
69 1225
69 1307
69 1354
69 1387
69 1593
69 1654
70 300
70 318
70 393
70 646
70 1657
70 2497
71 113
71 284
71 577
71 910
71 1219
72 206
72 324
72 743
73 126
73 324
73 1659
74 357
74 398
74 511
74 526
74 743
74 1211
74 1410
74 1564
74 1612
75 76
75 351
75 506
75 589
75 665
75 1251
75 1421
75 1464
75 1655
75 1922
76 139
76 506
76 572
76 665
76 1171
76 1298
76 1421
76 1656
77 91
77 356
77 595
77 1386
77 1678
77 1687
77 1830
78 795
78 857
78 971
78 1232
78 1496
78 1646
78 1894
79 224
79 387
79 389
79 640
79 789
79 1364
79 1729
80 647
80 652
80 688
80 996
80 1030
80 1452
81 89
81 338
81 833
81 1111
81 1440
81 1523
81 1587
81 1628
81 1786
82 1222
82 1268
83 395
83 401
83 462
83 481
83 496
83 562
83 616
83 860
83 930
83 1099
83 1126
83 1280
83 1614
83 1805
83 1833
83 1864
84 451
84 457
84 651
84 844
84 1269
84 1407
84 1585
84 1830
85 546
85 1184
85 1258
85 1880
86 464
86 1002
86 1195
86 1305
86 1464
86 1867
87 592
87 629
87 733
87 765
87 985
87 1178
87 1213
87 1333
87 1369
87 1422
87 2133
88 432
88 440
88 512
88 1128
88 1453
88 1642
88 1747
88 1873
88 2357
88 2447
89 335
89 1066
89 1111
89 1342
89 1479
89 1803
90 524
90 910
90 951
90 1659
90 1817
90 1833
91 518
91 595
91 661
91 1686
92 1234
92 1442
92 1643
93 380
93 395
93 649
93 1115
93 1425
93 1585
93 1630
94 409
94 483
94 662
94 851
94 1062
94 1702
94 1777
95 326
95 483
95 537
95 581
95 874
95 960
95 972
95 1010
95 1032
95 1084
95 1232
95 1261
95 1265
95 1372
95 1647
95 1683
95 1733
96 248
96 360
96 450
96 666
96 856
96 874
96 1024
96 1079
96 1140
96 1466
96 1501
97 238
97 267
97 479
97 915
97 1128
97 1146
97 1220
97 1509
97 1515
97 1661
97 1673
97 1679
97 1835
98 423
98 599
98 776
98 865
98 947
98 1366
99 486
99 1938
100 196
100 408
100 641
100 876
100 1044
100 1262
100 1474
100 1810
100 1911
101 175
101 493
101 1181
101 1237
101 1670
102 394
102 563
102 645
102 1455
102 1599
102 1831
103 490
103 807
103 1498
103 1858
104 441
104 1117
104 1198
104 1434
105 118
105 626
105 1134
106 279
106 337
106 378
106 462
106 570
106 589
106 767
106 1137
106 1491
106 1724
107 220
107 459
107 1750
108 499
108 561
108 839
108 952
108 1092
108 1419
108 1591
108 1605
108 1636
109 436
109 482
109 596
109 1388
109 1406
109 1734
110 430
110 462
110 538
110 570
110 682
110 716
110 922
110 1028
110 1137
110 1491
110 1502
110 1559
110 1724
111 170
111 373
111 382
111 533
111 842
111 916
111 1108
112 1129
112 1297
112 1625
113 146
113 176
113 531
113 577
113 595
113 894
113 987
113 1244
114 480
114 649
114 655
114 853
114 963
114 1511
115 135
115 251
115 1097
115 1159
115 1270
115 1317
115 1460
115 1614
115 1898
116 136
116 608
116 794
116 892
116 1348
117 249
117 376
117 424
117 595
117 1179
117 1279
117 1515
117 1520
117 1927
118 867
118 900
118 1075
118 1550
119 205
119 505
119 515
119 905
119 1355
119 1433
119 1731
119 1797
119 1806
119 1816
120 1441
120 1488
120 1491
120 1554
120 1759
120 1910
121 270
121 763
121 1008
121 1146
121 1192
121 1220
121 1229
121 1267
121 1661
121 1802
121 2132
122 563
122 1200
123 477
125 272
125 315
125 328
125 514
125 790
125 1375
125 1386
125 1853
126 352
126 437
126 687
127 332
127 419
127 430
127 1091
127 1431
127 1586
128 713
129 445
129 526
129 838
129 905
129 1022
129 1612
130 179
130 366
130 447
130 469
130 920
130 1760
131 320
131 476
131 784
131 1020
131 1270
131 1882
131 1885
132 1200
132 1896
133 1688
134 250
134 521
134 551
134 616
134 811
134 851
134 925
134 1605
134 1702
135 336
135 637
135 1049
135 1460
135 1898
135 1929
136 137
136 247
136 272
136 444
136 553
136 786
136 1206
136 1481
136 1501
136 1681
136 1866
136 1929
137 217
137 699
137 774
137 812
137 1240
137 1272
137 1339
137 1648
137 1730
137 1910
138 261
138 736
138 1082
138 1460
139 223
139 322
139 346
139 464
139 525
139 1063
139 1119
139 1376
139 1525
139 1584
140 143
140 404
140 566
140 766
140 1035
140 1119
140 1353
140 1567
140 1704
141 303
141 411
141 716
141 951
141 1088
141 1364
141 1455
141 1477
141 1707
142 210
142 243
142 338
142 399
142 526
142 529
142 585
142 679
142 714
142 832
142 855
142 890
142 961
142 1012
142 1022
142 1171
142 1440
142 1492
142 1500
142 1548
142 1558
142 1665
142 1679
142 1784
142 1822
142 2566
143 504
143 517
143 1227
143 1770
143 1800
143 1851
144 357
144 749
144 966
144 1125
144 1754
145 174
145 195
145 267
145 538
145 554
145 716
145 823
145 1141
145 1142
145 1172
145 1338
145 1603
145 1614
145 1637
146 405
146 557
146 894
146 1011
146 1073
146 1357
146 1363
146 1631
146 1714
146 1763
146 1815
146 1889
147 159
147 177
147 290
147 702
147 1347
147 1423
147 1824
147 2425
148 371
148 1241
148 1343
148 1657
148 1785
148 1828
148 1847
149 353
149 1054
149 1086
149 1197
149 1863
149 1961
150 232
150 289
150 707
150 1157
150 1235
150 1482
150 1499
151 154
151 350
151 371
151 400
151 435
151 986
151 1147
151 1743
151 1844
152 518
152 605
152 745
152 1095
153 823
153 992
154 279
154 350
154 557
154 793
154 986
154 1538
154 1569
155 538
155 554
155 711
155 1041
155 1297
155 1359
155 1360
155 1510
155 1637
155 1694
155 1790
155 1916
156 1425
156 1693
157 221
157 403
157 544
157 672
157 737
157 1224
158 314
158 726
158 1239
159 309
159 324
159 419
159 1347
159 1533
159 1759
160 178
160 188
160 194
160 345
160 411
160 606
160 888
160 937
160 1321
160 1704
160 1822
161 218
161 1017
161 1533
162 304
162 469
162 734
162 770
162 850
162 1103
162 1123
162 1274
162 1500
162 1915
162 1925
162 1929
163 193
163 350
163 545
163 685
163 690
163 773
163 848
163 1086
163 1187
163 1340
163 1917
163 2444
164 360
164 482
164 678
164 792
164 1088
164 1545
164 1849
165 197
165 297
165 366
165 385
165 456
165 518
165 546
165 574
165 754
165 870
165 905
165 998
165 1019
165 1020
165 1058
165 1395
165 1526
165 1757
166 175
166 393
166 493
166 543
166 610
166 663
166 1302
166 1357
166 1644
166 1820
167 247
167 305
167 335
167 336
167 670
167 1222
167 1348
167 1621
167 1840
168 375
168 685
168 737
168 859
168 1335
168 1528
168 1566
168 1894
168 1899
169 184
169 1193
169 1809
170 347
170 494
170 1277
170 1367
170 1679
170 2252
171 316
171 639
171 723
171 787
171 1802
172 227
172 338
172 398
172 612
172 703
172 1076
172 1211
172 1226
172 1387
173 396
173 705
173 951
173 1116
174 538
174 606
174 614
174 1235
174 1268
174 1773
175 187
175 610
175 770
175 1282
175 1302
175 1357
175 1717
175 1861
176 203
176 281
176 413
176 577
176 987
176 1617
177 218
177 1347
177 1423
177 1824
178 194
178 829
178 1235
178 1285
178 1303
178 1321
178 1522
178 1557
178 1787
178 1812
179 191
179 469
179 1031
179 1165
179 1476
179 1594
179 1728
179 1861
179 1878
180 580
180 663
180 1025
180 1181
180 1856
181 345
181 387
181 389
181 459
181 674
181 789
181 1130
181 1543
181 1556
181 1938
182 948
182 1197
182 1282
182 2081
183 1041
183 1328
183 1332
183 1487
184 779
184 931
184 1037
184 1168
185 254
185 451
185 480
185 1129
185 1361
185 1441
186 243
186 411
186 536
186 1004
186 1190
186 1696
187 896
187 1119
187 1549
187 1644
188 306
188 404
188 468
188 888
188 1235
188 1296
188 1321
188 1750
189 909
189 1495
190 588
190 605
190 745
190 758
190 1027
190 1047
190 1788
190 1820
190 1839
190 1901
191 192
191 383
191 401
191 527
191 542
191 1258
191 1728
191 1813
192 228
192 266
192 572
192 659
193 638
193 709
193 775
193 1343
194 411
194 554
194 677
194 716
194 888
194 889
194 961
194 1085
194 1171
194 1235
194 1321
194 1558
194 1626
194 1704
194 1706
194 1742
194 1820
194 1925
195 238
195 391
195 532
195 1012
195 1118
195 1189
195 1500
195 1617
195 1679
195 1728
195 2139
195 2230
195 2235
195 2421
196 255
196 256
196 299
196 950
196 1123
196 1392
196 1577
196 1608
196 1911
197 385
197 467
197 591
197 754
197 905
197 1058
197 1314
197 1435
197 1611
197 1756
197 1757
197 1862
197 1905
198 272
198 461
198 731
198 1049
198 1174
198 1272
198 1318
198 1356
198 1402
198 1453
198 1499
198 1651
198 1967
198 2441
199 931
200 314
200 375
200 403
200 501
200 737
200 859
200 1340
200 1654
200 1808
200 1828
200 1899
201 599
201 830
201 1468
201 1820
202 205
202 366
202 496
202 569
202 773
202 952
202 1052
202 1068
202 1251
202 1269
202 1287
202 1464
202 1479
202 1830
202 1847
202 1853
202 1867
203 397
203 425
203 584
203 986
203 987
203 1175
203 1753
203 1915
204 379
204 900
204 1416
204 1481
204 1630
205 209
205 314
205 375
205 505
205 526
205 884
205 1847
206 1152
206 1428
206 1432
206 1456
208 414
208 443
208 793
208 924
208 1067
208 1105
208 1345
208 1538
208 1632
208 1692
209 1590
209 1748
209 2562
210 269
210 272
210 289
210 331
210 855
210 1014
210 1188
210 1353
210 1412
210 1663
210 1700
210 1734
211 891
211 1146
211 1294
211 1807
211 1814
212 315
212 583
212 1018
212 1152
212 1451
212 1625
213 994
213 1046
213 1371
213 1447
213 1480
213 1578
213 1588
213 1591
214 327
214 383
214 809
214 1090
214 1644
214 1717
215 271
215 481
215 504
215 644
215 1534
215 1800
217 286
217 553
217 699
217 1125
217 1240
217 1339
217 1448
218 242
218 287
218 1347
219 279
219 584
219 796
219 824
219 896
219 947
219 995
219 1061
219 1065
219 1266
219 1322
219 1376
219 1467
219 2514
219 2515
220 526
220 1399
221 333
221 403
221 772
221 775
221 895
222 1550
223 236
223 379
223 425
223 464
223 516
223 524
223 1584
223 1695
223 1817
224 387
224 453
224 536
224 640
224 775
224 789
224 1245
224 1364
224 1696
225 384
225 695
225 788
225 807
225 808
225 1389
225 1409
225 1577
225 1579
226 379
226 1034
226 1046
226 1302
226 1576
227 269
227 345
227 389
227 488
227 528
227 575
227 763
227 766
227 880
227 884
227 1116
227 1167
227 1218
227 1502
227 1556
227 1709
227 1776
227 1824
228 293
228 662
228 897
228 942
228 1392
228 1542
228 1544
228 1709
228 1889
229 491
229 610
229 1007
229 1021
230 424
230 453
230 536
230 705
230 1592
230 1696
231 456
231 663
231 826
231 1331
231 1453
231 1678
231 1810
231 1821
232 327
232 676
232 1090
232 1233
232 1482
233 272
233 754
233 1396
233 1408
233 1537
233 1593
234 439
234 598
234 1351
234 1540
234 1678
235 1108
235 1373
236 379
236 464
236 1055
236 1288
236 1584
237 287
237 313
237 427
237 916
237 1080
237 1121
237 1308
237 1530
237 1539
237 1543
237 1547
237 1633
237 1887
238 429
238 430
238 532
238 751
238 816
238 955
238 992
238 999
238 1049
238 1370
238 1510
238 1536
239 377
239 408
239 614
239 866
239 1537
239 1778
239 1846
240 243
240 566
240 1478
241 507
241 522
241 713
241 766
241 1097
241 1295
241 1369
241 1502
241 1721
242 320
242 382
242 533
242 1497
242 1513
242 1588
242 1708
242 1720
243 556
243 677
243 1004
243 1041
243 1235
243 1276
243 1411
243 1478
243 1534
243 1972
244 780
244 809
244 820
244 892
244 1010
244 1055
244 1288
244 1348
244 1580
244 1592
244 1629
244 1728
244 1794
244 1878
245 475
245 585
245 671
245 770
245 838
245 1022
245 1127
245 1360
245 1822
245 1916
245 2231
246 266
246 600
246 1204
246 1278
246 1293
246 1565
247 252
247 263
247 305
247 444
247 448
247 463
247 1257
247 1286
247 1475
247 1933
248 440
248 444
248 455
248 527
248 553
248 820
248 1240
248 1374
248 1466
248 1501
248 1774
248 1878
248 2060
249 438
249 696
249 1179
249 1520
250 260
250 380
250 408
250 551
250 586
250 717
250 865
250 1219
250 1425
250 1722
251 539
251 563
251 1146
251 1326
251 1367
251 1881
252 263
252 440
252 444
252 448
252 463
252 487
252 1257
252 1393
252 1475
252 1619
252 1681
252 1933
253 265
253 770
253 960
253 1251
253 1271
253 1457
253 1471
254 480
254 649
254 764
254 967
254 1361
255 393
255 457
255 1123
255 1159
255 1268
256 356
256 800
256 1418
256 1535
256 1602
256 1743
256 1775
257 1019
257 1241
258 345
258 1220
258 1239
258 1355
258 1689
258 1699
258 1888
258 1938
259 281
259 572
259 1123
259 1235
259 1476
260 815
260 1159
260 1393
260 1712
261 350
261 432
261 510
261 711
261 889
261 1164
261 1269
261 1437
261 1641
261 1702
262 1232
262 1350
262 1672
263 305
263 463
263 608
263 756
263 838
263 1049
263 1393
263 1457
263 1676
264 348
264 790
264 1322
264 1363
264 1387
264 1568
264 1616
264 1829
265 467
265 770
265 842
265 879
265 960
265 1199
265 1308
265 1850
265 1929
266 460
266 939
266 1277
266 1733
267 682
267 823
267 843
267 1012
267 1118
267 1310
267 1311
267 1412
267 1457
267 1742
267 1859
267 2178
268 273
268 1854
269 306
269 308
269 682
269 683
269 1696
269 1701
269 1704
270 611
270 752
270 993
270 1146
270 1267
270 1383
270 1458
270 1802
270 1832
270 1835
271 275
271 306
271 310
271 536
271 552
271 606
271 667
271 1026
271 1056
271 1202
271 1309
271 1516
271 1696
271 1925
272 315
272 343
272 774
272 940
272 1125
272 1259
272 1350
272 1602
272 1681
272 1819
273 497
273 1168
273 1258
273 1714
274 739
274 1263
274 1680
274 1844
275 289
275 445
275 585
275 817
275 855
275 999
275 1556
275 1557
276 654
276 978
276 1989
276 2532
277 396
277 494
277 597
277 1627
277 1708
277 1860
278 358
278 368
278 705
278 735
278 861
278 945
278 1133
278 1193
278 1200
278 1458
278 1486
278 1710
278 1838
279 346
279 584
279 758
279 1061
279 1215
279 1266
279 1337
279 1538
279 1772
280 710
280 824
280 896
280 1119
280 1716
280 1717
280 1793
280 1817
280 1820
280 1837
280 1839
281 776
281 784
281 869
281 914
281 960
281 1028
281 1138
281 1190
281 1240
281 1377
281 1456
281 1463
281 1728
281 1924
281 1947
282 1064
283 806
283 1000
283 1002
283 1009
283 1139
283 1210
283 1291
283 1356
283 2258
283 2313
284 379
284 443
284 646
284 796
284 894
284 1034
284 1047
284 1493
284 1630
284 1783
285 915
285 1133
285 1642
285 1876
286 294
286 452
286 588
286 746
286 780
286 820
286 902
286 1049
286 1125
286 1265
286 1286
286 1289
286 1445
286 1705
286 1926
287 289
287 426
287 461
287 674
287 763
287 1130
287 1634
287 1665
287 1796
288 476
288 561
288 1019
288 1050
288 1182
288 1230
288 1566
288 1847
288 2512
289 302
289 529
289 548
289 585
289 652
289 829
289 855
289 995
289 999
289 1118
289 1208
289 1352
289 1492
289 1505
289 1790
289 1812
289 1907
290 488
290 1130
290 1780
291 388
291 400
291 405
291 414
291 557
291 793
291 911
291 986
291 1569
291 1632
292 682
292 683
292 782
292 837
292 1118
292 1285
292 1742
292 2013
292 2048
293 562
293 599
293 625
293 661
293 662
293 797
293 897
293 1052
293 1644
293 1836
294 440
294 444
294 854
294 972
294 1010
294 1264
294 1365
294 1415
294 1613
294 1681
294 1926
296 832
296 1289
296 1501
296 1559
296 1580
296 1794
296 1926
297 325
297 1078
297 1314
298 450
298 762
298 1111
298 1729
298 1887
299 609
299 678
299 792
299 966
299 1335
300 370
300 534
300 746
300 1223
300 1605
300 1711
300 1912
301 463
301 508
301 760
301 1432
301 1639
301 1750
301 2161
301 2163
301 2479
302 548
302 552
302 559
302 782
302 1352
302 1492
302 1673
302 1816
303 548
303 756
303 936
303 1167
303 1168
303 1247
303 1283
303 1440
303 1548
303 1677
303 1679
303 1710
304 330
304 770
304 1264
304 1268
304 1324
304 1713
305 440
305 444
305 463
305 588
305 608
305 755
305 815
305 826
305 952
305 978
305 1097
305 1153
305 1160
305 1390
305 1393
305 1475
305 1479
305 1801
305 1897
306 310
306 1113
306 1174
306 1218
306 1620
306 1700
306 2161
306 2163
307 452
307 721
307 1023
307 1036
307 1106
307 1469
307 1656
307 1753
307 1918
308 536
308 538
308 582
308 711
308 763
308 927
308 1014
308 1359
308 1661
308 1700
308 1916
309 917
309 941
309 1091
309 1141
309 1245
309 1292
309 1313
309 1665
309 1673
309 1748
309 1761
309 1765
310 837
310 1026
310 1085
310 1309
310 1750
310 1925
311 1104
311 1114
311 1358
311 1391
312 716
312 821
312 829
312 1498
312 1516
312 1534
312 1787
312 1941
313 461
313 607
313 1732
314 859
315 719
315 797
315 811
315 1097
315 1375
316 723
316 2075
317 375
317 773
317 846
317 947
317 1320
317 1654
317 1917
317 2395
318 872
318 988
318 1061
318 1467
319 1164
319 1488
319 1889
320 488
320 773
320 810
320 813
320 1038
320 1678
320 1874
320 2049
321 541
321 1201
321 1879
322 579
322 710
322 813
322 834
322 1027
322 1095
322 1718
323 668
323 1045
323 1420
323 1490
323 1537
323 1738
324 645
324 1038
324 1301
324 1395
325 326
325 1211
325 1830
326 491
326 649
326 655
326 886
326 899
326 963
326 997
326 1000
326 1029
326 1039
326 1318
326 1479
326 1929
327 1090
327 1157
327 1482
327 1499
328 477
328 508
328 712
328 941
328 1194
328 1218
328 1292
328 1300
328 1689
328 1787
329 333
329 621
329 772
329 1913
330 354
330 442
330 569
330 709
330 991
330 1225
330 1383
330 1456
330 1532
330 1882
331 453
331 528
331 1118
331 1637
331 1663
331 1766
331 1887
331 1938
331 2426
332 640
332 775
332 789
332 1308
332 1364
332 1556
332 1604
332 1802
332 1875
332 1893
333 772
333 921
333 1139
333 1149
333 1449
334 731
334 924
334 1067
334 1432
334 1470
334 1591
334 1657
334 1847
335 338
335 355
335 592
335 703
335 756
335 1028
335 1222
335 1224
335 1274
335 1365
336 442
336 572
336 592
336 665
336 690
336 714
336 755
336 907
336 1010
336 1206
336 1222
336 1348
336 1350
336 1389
336 1473
336 1476
336 1575
336 1704
336 2392
337 355
337 378
337 405
337 462
337 516
337 834
337 913
337 1137
337 1823
338 703
338 905
338 1142
338 1226
338 1341
338 1360
338 1440
338 1543
338 1679
338 1697
338 1704
338 1818
338 1941
339 1165
339 1608
339 1773
340 1214
340 1372
340 1457
340 1489
340 1721
340 1739
341 711
341 746
341 1122
341 1182
341 1200
341 1243
341 1297
341 1474
341 1492
341 1713
341 1886
342 736
342 842
342 952
342 1419
342 1573
343 567
343 663
343 926
343 981
343 1488
343 1670
343 1674
343 1856
344 797
344 852
344 1033
345 387
345 439
345 477
345 498
345 712
345 1321
345 1502
345 1597
345 1626
346 464
346 933
346 1005
346 1236
346 1266
346 1337
346 1514
346 1527
346 1833
347 439
347 517
347 638
347 682
347 698
347 705
347 946
347 1116
347 1587
347 1786
347 1888
348 707
348 1282
348 1306
348 1363
348 1408
348 1423
348 1427
348 1623
348 1695
349 444
349 519
349 824
349 902
349 1027
349 1286
349 1348
349 1572
349 1613
349 1645
349 1681
349 1915
350 690
350 769
350 1251
350 1743
350 1844
350 1847
351 388
351 589
351 592
351 620
351 665
351 690
351 928
351 967
351 1111
351 1187
351 1204
351 1344
351 1376
351 1413
351 1655
351 1922
352 555
352 747
352 878
352 1301
353 1054
353 1778
353 1964
353 2298
353 2561
354 569
354 690
354 709
354 773
354 833
354 1165
354 1882
355 581
355 672
355 1010
355 1042
355 1043
355 1182
355 1349
356 513
356 874
356 1416
356 1460
356 1778
356 1920
356 2298
357 417
357 425
357 489
357 605
357 1029
357 1177
357 1302
357 1495
357 1545
357 1609
357 1755
358 441
358 1434
358 1475
358 1486
359 398
360 450
360 484
360 497
360 792
360 815
360 950
360 1079
360 1088
360 1140
360 1157
360 1259
360 1785
361 1554
361 1682
361 1874
361 1919
362 1170
362 1443
363 950
363 1093
363 1735
364 399
364 756
364 766
364 823
364 922
364 943
364 944
364 1012
364 1022
364 1027
364 1105
364 1402
364 1612
364 1684
364 1749
364 1766
364 1801
364 1822
364 1875
364 1905
365 443
365 584
365 741
365 795
365 942
365 957
365 988
365 1011
365 1034
365 1430
365 1823
366 390
366 518
366 546
366 908
366 1044
366 1334
367 858
367 1607
367 1610
368 853
368 1165
368 1705
368 1838
368 1840
369 661
369 897
369 904
369 1033
369 1488
369 1552
369 1772
370 555
370 721
370 1106
370 1239
370 1711
370 1785
370 1892
371 565
371 584
371 848
371 958
371 1023
371 1577
371 1640
371 1844
372 1761
372 1765
372 1813
372 1839
373 521
373 619
373 842
373 1825
374 641
374 950
374 1358
374 1483
374 1603
375 403
375 604
375 685
375 737
375 859
375 947
375 1083
375 1106
375 1278
375 1281
375 1340
375 1456
375 1566
375 1654
375 1882
375 1899
376 432
376 556
376 1227
376 1295
376 1903
377 412
377 1125
377 1261
377 1296
377 1877
378 516
378 886
378 1240
378 1647
379 669
379 847
379 856
379 1079
379 1195
379 1266
379 1348
379 1466
379 1493
379 1651
379 1901
380 586
380 646
380 923
380 976
380 1236
380 1585
380 1708
380 1809
381 805
381 918
381 1250
381 1709
381 1775
382 533
382 842
382 916
382 1108
382 1428
382 1720
382 1795
382 1826
382 1882
383 519
383 713
383 881
383 892
383 1381
384 486
384 674
384 1108
384 1750
384 1938
385 574
385 754
385 1058
385 1435
385 1757
386 414
386 417
386 948
386 1067
386 1199
386 1354
386 1882
387 389
387 775
387 787
387 1364
387 1384
387 1561
387 1781
388 483
388 589
388 727
388 938
388 1485
388 1939
389 1014
389 1116
389 1130
389 1556
389 1780
389 1835
390 409
390 635
390 806
390 851
390 907
390 983
390 1157
390 1206
390 1213
390 1288
390 1519
390 1575
390 1782
390 1794
390 1811
391 411
391 566
391 677
391 1326
391 1402
391 1558
391 1626
391 1887
391 1938
392 480
392 764
392 1451
392 1452
392 2458
393 493
393 545
393 842
393 1034
393 1123
393 1545
393 1609
393 2190
394 563
394 1734
395 885
395 1099
395 1280
395 1614
395 1805
396 597
396 694
396 1786
396 1941
396 2267
397 425
397 1264
397 1302
397 1473
398 810
398 1076
398 1211
398 1269
398 1313
398 1360
398 1384
398 1590
399 526
399 679
399 823
399 843
399 1202
399 1492
399 1558
399 1597
399 1637
400 405
400 414
400 557
400 793
400 986
400 989
400 1345
400 1569
400 1632
401 697
401 885
401 1069
401 1103
401 1124
401 1280
401 1663
401 1683
402 1861
403 479
403 709
403 737
403 1152
403 1654
403 1927
404 1035
404 1301
404 1373
404 1566
404 1750
405 557
405 928
405 989
405 1011
405 1345
405 1632
405 1823
406 867
406 873
406 1140
407 408
407 1426
408 543
408 1151
408 1255
408 1426
408 1520
408 1537
408 1583
408 1778
409 498
409 1062
409 1206
409 1213
409 1519
409 1575
409 1726
409 1771
411 566
411 606
411 821
411 937
411 1085
411 1171
411 1189
411 1190
411 1194
411 1378
411 1411
411 1558
411 1567
411 1597
411 1626
412 429
412 536
412 751
412 1391
412 1696
412 1826
413 811
413 919
413 964
413 966
413 1571
413 1723
413 1919
414 443
414 557
414 793
414 987
414 1036
414 1106
414 1175
414 1424
414 1527
414 1538
414 1569
414 1692
415 1594
415 1634
415 1796
416 1745
416 1889
417 795
417 904
417 1495
417 1579
417 1591
418 537
418 598
419 708
419 1091
419 1313
419 1472
419 1665
420 810
420 841
420 955
420 969
420 1080
420 1857
421 2343
422 748
422 812
422 1102
422 1507
423 506
423 721
423 768
423 1011
423 1270
423 1344
423 1672
423 1786
423 1804
423 1852
423 1898
423 2347
424 507
424 522
424 740
424 1088
425 525
425 610
425 923
425 1033
425 1052
425 1065
425 1175
425 1473
425 1826
425 2021
426 442
426 912
426 1172
426 1294
426 1825
426 2208
426 2243
426 2280
427 511
427 512
427 575
427 691
427 823
427 999
427 1128
427 1172
427 1220
427 1267
427 1563
427 1770
427 1802
428 600
428 980
429 776
429 1228
429 1536
429 1784
429 1924
430 532
430 922
430 1014
430 1126
430 1197
430 1310
430 1370
430 1548
431 508
432 512
432 1308
432 1747
432 1826
432 1914
433 720
433 844
433 960
433 980
433 1060
433 1266
433 1593
434 627
434 972
434 1415
434 1648
434 1866
434 1929
436 478
436 596
436 645
436 994
436 1388
436 1406
437 635
437 966
437 1100
437 1102
437 1886
438 682
438 833
438 1133
438 1489
438 1908
439 999
440 441
440 444
440 448
440 699
440 794
440 813
440 1034
440 1257
440 1318
440 1390
440 1448
440 1475
440 1572
440 1660
440 1681
440 1705
441 1198
441 1434
442 709
442 882
442 1023
442 1340
442 1568
442 1724
442 1727
442 1915
443 540
443 646
443 711
443 728
443 957
443 1036
443 1244
444 699
444 944
444 1005
444 1119
444 1257
444 1265
444 1272
444 1475
444 1501
444 1572
444 1681
444 1716
444 1817
445 585
445 817
445 999
446 512
446 1157
446 1827
447 469
447 558
447 878
447 940
447 1016
447 1043
447 1372
447 1386
447 1678
447 1760
448 487
448 1257
448 1475
448 1645
448 1681
448 1933
449 682
449 683
449 714
449 1254
449 1587
449 1731
449 1765
450 847
450 1024
450 1079
450 1140
450 1151
450 1466
450 2060
451 480
451 678
451 1000
451 1361
451 1372
451 1467
451 1890
452 989
452 1141
452 1322
452 1338
452 1469
452 1613
452 1623
452 1656
453 454
453 504
453 1188
453 1592
453 1803
453 1887
453 2202
454 1155
454 1803
455 461
455 1079
455 1151
455 1243
455 1466
455 2060
456 591
456 754
456 1058
456 1435
456 1718
456 1862
457 695
458 528
458 743
458 909
458 1402
458 1403
458 1498
458 1543
458 1776
458 1851
458 1860
458 2586
459 552
459 689
459 694
459 751
459 763
459 868
459 884
459 885
459 909
459 1026
459 1088
459 1477
459 1557
459 1668
459 1671
459 1750
459 1776
459 1832
459 1862
459 1909
460 813
460 977
460 1287
460 1386
461 723
461 931
461 979
461 994
461 1059
461 1116
461 1267
461 1268
461 1383
461 1586
461 1657
461 1713
461 1796
461 1967
462 516
462 570
462 933
462 1491
462 1656
462 1712
462 1832
463 588
463 590
463 608
463 1049
463 1460
463 1475
464 786
464 809
464 896
464 1514
464 1584
464 1695
464 2454
465 658
465 800
466 517
466 1076
466 1130
466 1248
466 1281
466 1587
466 1628
466 1665
466 1786
467 750
467 835
467 1756
468 671
468 751
468 1026
468 1057
468 1171
468 1235
468 1522
468 1637
468 1663
469 878
469 1123
469 1372
469 1760
469 1886
470 1835
471 547
471 665
471 938
471 995
471 1205
473 580
473 1047
473 1184
473 1219
473 1237
473 1404
473 1630
473 1811
474 1090
474 1178
474 1213
474 1233
474 1243
474 1332
475 479
475 1231
475 1639
475 1673
475 1719
475 1813
476 501
476 803
476 844
476 870
476 971
476 997
476 1020
476 1343
477 508
477 712
477 1004
477 1041
477 1171
477 1194
477 1218
477 1781
477 1818
477 1925
478 942
478 1376
478 1904
479 1111
479 1509
479 1665
480 649
480 853
480 1000
480 1051
480 1361
480 1508
481 504
481 562
481 1223
481 1535
482 563
482 1455
482 1734
482 1831
482 2366
482 2489
483 665
483 799
483 991
483 1204
483 1251
483 1291
483 1390
483 1464
483 1655
483 1762
484 663
484 1013
484 1285
485 1299
485 1377
486 578
486 689
486 829
486 1913
487 852
487 1257
487 1897
488 657
488 810
488 1850
488 1865
489 591
489 594
489 754
489 1078
489 1314
489 1435
489 1579
489 1744
489 1745
489 1757
490 919
490 1538
490 1671
491 741
491 764
491 1021
491 1662
491 1844
491 1874
492 546
492 1526
493 543
493 1021
493 1105
493 1670
493 1820
494 1708
494 1938
494 1975
495 635
495 1200
495 1290
496 804
496 1372
496 1386
496 1387
496 1678
496 1853
496 1870
497 770
497 1212
497 1240
497 1272
497 1350
497 1396
497 1619
497 1683
497 1751
497 1929
498 953
498 1300
498 1519
499 561
499 616
499 839
499 842
499 879
499 1092
499 1588
499 1636
500 660
501 709
501 804
501 835
501 841
501 1117
501 1155
501 1529
501 1759
502 1029
502 1303
502 1344
503 731
503 1048
503 1407
503 1441
504 644
504 782
504 1309
504 1534
504 1800
504 1887
505 515
505 1433
506 554
506 602
506 665
506 719
506 1204
506 1421
506 1482
506 1672
506 1786
506 2347
507 522
507 817
507 843
507 999
507 1030
507 1295
507 1402
508 582
508 1026
508 1722
508 1784
508 1903
509 729
509 748
509 750
509 1133
509 1158
509 1530
509 1625
509 1705
509 1730
510 965
510 1634
510 1706
510 1756
511 762
511 1292
512 915
512 1128
512 1193
512 1713
512 1747
512 1873
512 2444
512 2447
512 2505
513 642
513 728
513 1320
513 1870
514 517
514 686
514 925
514 1488
515 725
515 845
515 1433
515 1731
515 1905
517 602
517 648
517 917
517 946
517 1076
517 1248
517 1281
517 1322
517 1548
517 1786
517 1897
518 908
518 1274
518 1801
519 588
519 758
519 776
519 832
519 894
519 1073
519 1306
519 1348
519 1645
519 1769
519 2515
520 919
520 1481
521 1488
521 1702
521 1766
521 1810
521 1896
522 1058
522 1136
522 1295
522 1757
523 527
523 542
523 549
523 824
523 920
523 967
523 1289
523 1306
523 1348
523 1365
523 1454
523 1572
523 1576
523 1645
523 1716
523 1866
524 707
524 758
524 1514
524 1576
524 1645
524 1659
524 1695
524 1817
524 1833
524 1839
525 542
525 828
525 938
525 1046
525 1259
525 1473
525 1525
525 1613
525 1651
525 1716
526 679
526 730
526 1141
526 1254
526 1310
526 1360
526 1399
526 1440
526 1512
526 1637
526 1689
527 542
527 794
527 920
527 1168
527 1176
527 1289
527 1365
527 1375
527 1613
527 1676
527 1716
527 1769
527 1840
527 1915
528 703
528 743
528 805
528 1510
528 1542
528 1709
528 2368
528 2462
529 934
529 1118
529 1595
529 1649
529 2150
530 1118
530 1254
530 1310
530 1360
530 1731
530 1786
531 577
531 910
531 987
531 1157
531 1307
531 1524
531 1527
531 1528
532 538
532 1310
532 1510
533 1720
534 579
534 614
534 933
534 1119
534 1205
534 1218
534 1259
534 1490
534 1820
535 1909
536 582
536 667
536 763
536 883
536 937
536 1162
536 1245
536 1300
536 1696
536 1700
536 2127
536 2283
537 598
537 1385
538 671
538 711
538 935
538 1041
538 1057
538 1122
538 1171
538 1338
538 1353
538 1359
538 1638
538 1663
538 1818
538 1916
539 563
539 575
539 1455
539 1734
539 1831
539 1906
540 728
540 957
540 1036
540 1112
540 1345
540 1538
540 1763
540 1823
540 1936
541 1039
542 638
542 696
542 910
542 920
542 1168
542 1176
542 1349
542 1365
542 1375
542 1525
542 1613
543 579
543 758
543 875
543 903
543 1046
543 1266
543 1717
543 1820
543 1837
544 1224
544 1572
544 1672
545 769
545 880
545 921
545 1065
545 1153
545 1298
545 1521
545 1670
545 1845
546 873
546 926
546 1039
546 1083
546 1184
546 1258
546 1279
546 1296
546 1391
546 1398
546 1407
546 1526
546 1723
546 1743
546 1757
546 1807
546 2132
547 987
547 1123
547 1826
548 711
548 936
548 1486
548 1677
548 1710
549 706
549 824
549 1042
549 1043
549 1061
549 1372
549 1760
550 927
550 1700
551 644
551 722
551 851
551 1534
551 1535
551 1776
552 667
552 682
552 683
552 1534
552 1582
552 1675
552 1776
552 1941
553 832
553 902
553 1055
553 1272
553 1381
553 1481
554 768
554 832
554 855
554 890
554 1122
554 1171
554 1189
554 1210
554 1338
554 1359
554 1603
554 1672
554 1694
554 2063
555 747
555 1711
556 644
556 1004
556 1162
556 1411
556 1502
556 1534
556 1626
556 1700
556 2130
557 793
557 986
557 1525
557 1569
558 846
558 870
558 1019
558 1043
558 1307
558 1736
558 1741
559 936
559 965
559 1220
559 1283
559 1627
559 1679
559 1740
560 832
560 932
560 944
560 1157
560 1179
560 1289
560 1348
560 1381
560 1580
560 1651
560 1676
560 1779
560 1878
560 1883
560 1891
561 839
561 955
561 1092
561 1330
561 1444
561 1588
561 1605
561 1636
561 1720
561 1721
562 844
562 930
562 991
562 1225
562 1462
562 1560
562 1616
562 1640
562 1733
563 864
563 1599
563 1634
563 1831
564 889
564 911
564 1034
564 1109
565 841
565 945
565 954
565 1529
566 606
566 689
566 843
566 1189
566 1194
566 1411
566 1492
566 1567
566 1597
566 1742
566 1746
566 2127
567 663
567 738
567 774
567 926
567 1173
567 1451
567 1550
568 1138
568 1445
568 1547
568 2160
569 665
569 690
569 938
569 1825
569 1847
569 1867
569 1927
569 1934
570 933
570 1137
570 1138
570 1215
570 1581
570 1655
570 1724
570 1819
571 630
571 1137
571 1804
571 1819
571 1852
572 933
572 944
572 1264
572 1293
572 1476
572 1891
572 1932
573 862
573 994
573 1066
573 1496
573 1578
574 998
574 1526
574 1811
575 578
575 1128
575 1665
575 1913
576 589
576 799
576 1366
576 1655
576 1931
577 625
577 830
577 853
577 987
577 1175
577 1772
578 1113
578 1729
578 1921
579 686
579 930
579 933
579 1005
579 1820
581 672
581 957
581 1232
581 1372
582 678
582 1228
582 1534
582 1537
582 1629
583 1497
583 1706
583 1879
583 2547
584 894
584 978
584 988
584 1106
584 1424
584 1467
584 1609
584 1631
584 1692
584 1763
584 1823
585 817
585 838
585 855
585 999
585 1022
585 1208
585 1557
585 1787
585 1812
585 1822
585 2427
586 813
586 1630
587 1315
587 1337
587 1890
587 1918
587 2003
588 809
588 910
588 1047
588 1095
588 1160
589 665
589 799
589 1366
589 1421
589 1655
589 1931
590 637
591 1435
591 1647
592 665
592 765
592 967
592 1178
592 1204
592 1464
592 1736
593 1671
594 939
594 1117
594 1135
594 1185
594 1446
594 1570
595 962
595 978
595 1686
596 1388
596 1406
596 1569
597 810
597 1627
597 1708
597 1770
597 2062
597 2267
598 726
598 1540
599 797
599 1366
599 1389
599 1643
599 1644
600 980
600 1060
600 1269
600 1574
600 1911
600 2407
602 787
602 1002
602 1322
602 1523
602 1786
602 2347
603 636
603 1033
603 1067
603 1403
603 1581
603 1812
603 1852
603 2510
604 685
604 720
604 931
604 1096
604 1278
604 1293
604 1299
604 1315
604 1601
604 1752
604 1759
606 937
606 1162
606 1276
606 1378
606 1558
606 1567
606 1597
606 1818
606 2488
607 696
607 1069
607 1136
607 1504
608 1049
608 1326
608 1390
608 1393
609 678
609 966
609 1568
609 1920
610 813
610 1034
610 1783
611 688
611 1553
611 1806
611 2447
611 2563
612 1076
612 1586
612 1587
612 1615
612 1761
613 1315
613 1732
614 753
614 874
614 1596
614 1846
616 819
616 1095
616 1223
616 1605
616 1636
616 1914
617 1119
617 1221
617 1253
617 1549
617 1608
617 2243
618 1605
619 749
619 841
619 1164
619 1422
620 816
620 928
620 1111
620 1154
620 1185
620 1977
621 1333
622 788
622 1044
622 1078
622 1403
622 1564
623 1630
624 794
624 851
624 1210
624 1559
624 1575
624 2523
625 923
625 1175
625 1391
625 1473
626 889
626 1134
627 668
627 780
627 1328
627 1375
627 1415
627 1812
627 1929
628 657
628 993
628 1026
628 1038
628 1663
628 1802
628 1835
628 1894
629 630
629 666
629 880
629 985
629 1050
629 1060
629 1518
629 1598
629 1708
629 1715
629 1804
629 1935
629 2096
630 1386
630 1767
630 1804
630 1852
631 949
631 1050
631 1083
631 1186
631 1303
631 1712
632 1228
632 1272
633 763
633 784
633 1666
634 700
634 1109
635 753
635 879
635 1134
635 1544
636 1086
636 1109
636 1186
637 1068
637 1178
637 1346
637 1574
637 1736
637 1747
637 1864
638 755
638 1182
638 1325
638 1327
638 1532
638 1736
638 1739
638 1897
639 992
639 1054
639 1197
639 1224
640 775
640 789
640 1364
641 837
641 915
641 970
641 1317
642 770
642 874
642 1124
642 1610
642 1697
642 1840
643 949
644 667
644 687
644 1041
644 1088
644 1162
644 1235
644 1276
644 1411
644 1534
644 1535
644 1700
644 1800
644 2127
645 674
645 857
645 1326
645 1368
645 1431
645 1436
645 1599
645 1831
646 1207
646 1302
646 1357
647 909
647 973
647 1108
647 1329
647 1346
647 2444
649 853
649 889
649 963
649 1000
649 1159
649 1361
649 1508
649 1839
649 1929
651 899
651 976
651 1406
651 1417
651 1809
652 688
652 744
652 996
652 1030
652 1440
652 1452
652 1509
653 722
653 885
653 964
653 1099
653 1535
653 1614
653 1805
654 1277
654 1328
654 1332
654 1723
654 1848
654 2049
654 2479
655 852
655 853
655 963
655 988
656 830
656 1400
656 1685
657 970
657 993
657 1283
657 1740
657 1768
657 1807
657 1959
658 852
658 855
658 1571
658 1826
658 1836
658 1990
659 939
660 1185
661 663
661 1075
661 1237
661 1416
661 1521
662 897
662 1263
662 1312
662 1392
662 1608
663 926
663 981
663 1550
663 1856
664 1062
664 1606
665 690
665 799
665 1204
665 1248
665 1251
665 1345
665 1376
665 1421
665 1655
665 1902
665 1922
666 985
666 1320
666 1445
666 1509
666 1688
666 1884
666 1925
666 1935
667 883
667 937
667 1516
667 1534
667 1582
667 1668
668 669
668 1663
668 1722
668 1880
669 761
669 826
669 903
669 1363
669 1493
669 1726
669 1837
669 1880
669 1923
669 1939
670 719
670 768
670 1071
670 1076
670 1318
670 1786
670 1915
671 890
671 1049
671 1122
671 1171
671 1321
671 1353
671 1410
671 1603
671 1663
671 1704
671 1822
671 1925
671 1965
671 2408
672 1042
672 1138
672 1214
672 1289
672 1349
673 879
673 1065
673 1131
673 1285
673 1442
673 1510
673 1849
674 708
674 1038
674 1599
674 1796
675 1167
675 1248
675 1461
676 1090
676 1157
676 1233
676 1369
676 1437
676 1474
676 1482
677 716
677 806
677 1057
677 1085
677 1626
677 1891
678 863
678 1112
678 1337
679 741
679 766
679 816
679 823
679 1370
679 1399
679 1402
679 1410
679 1522
679 1618
681 761
681 881
681 1838
682 683
682 773
682 1012
682 1285
682 1444
682 1587
682 1761
683 751
683 773
683 782
683 837
683 1118
683 1285
683 1522
683 1587
683 1742
685 737
685 773
685 859
685 1050
685 1278
685 1340
685 1529
685 1566
685 1601
685 1654
685 1658
685 1894
685 1899
686 851
686 925
686 1071
686 1255
686 1389
686 1488
686 1702
687 694
687 1620
687 1677
687 1700
687 1848
687 1986
687 2040
688 996
688 1030
688 1452
688 1509
688 1816
689 810
689 1038
689 1041
689 1477
689 1707
689 1746
690 784
690 790
690 1251
690 1847
690 1853
690 1867
690 1922
690 1927
690 1934
691 965
691 1267
691 1332
691 1509
691 1686
691 1802
692 760
692 881
692 1471
692 1667
693 742
693 1155
693 1432
693 1639
694 1017
694 1088
694 1668
694 1691
695 1803
696 1089
696 1217
696 1243
696 1504
696 1862
697 889
697 1448
697 1527
697 1930
698 954
698 1270
698 1483
698 1549
698 1894
699 1240
699 1448
699 1722
699 1788
699 1880
700 1352
700 1543
700 1740
700 1883
700 1893
701 868
701 1294
701 1938
702 1661
703 905
703 991
703 1190
703 1387
703 1452
703 1697
703 1941
705 790
705 946
705 1116
705 1155
705 1528
705 1621
705 1756
705 1888
706 920
706 975
706 1176
706 1349
706 1494
707 1566
708 772
708 773
708 1355
708 1847
709 737
709 912
709 1576
710 834
710 951
710 1119
710 1220
710 1514
710 1527
710 1695
710 1718
710 1793
710 1833
711 1041
711 1208
711 1359
711 1440
711 1548
711 1597
711 1907
711 1916
712 1004
712 1026
713 972
713 1097
713 1151
713 1156
713 1619
713 1629
713 1676
714 766
714 823
714 843
714 1075
714 1202
714 1254
714 1440
714 1492
714 1575
714 1761
714 1765
715 870
715 897
715 1104
715 1417
715 1682
716 888
716 961
716 1009
716 1085
716 1311
716 1321
716 1626
716 1663
716 1925
717 865
717 1015
717 1544
718 818
718 836
718 1658
718 1869
719 728
719 957
719 1071
719 1251
719 1672
719 2347
720 765
720 914
720 1203
720 1278
720 1281
720 1315
720 1437
720 1581
721 804
721 848
721 1106
721 1344
721 1640
721 1753
721 1842
722 1535
722 1885
723 858
723 1150
723 1267
723 1610
723 1802
723 1887
723 1921
725 1127
725 1295
725 1315
725 1316
725 1373
725 1700
725 1816
726 854
726 1301
726 1540
727 754
727 755
727 756
727 1222
727 1757
727 1896
727 1905
728 957
728 1112
728 1153
728 1251
728 1936
729 2372
730 766
730 823
730 935
730 1141
730 1310
730 1311
730 1761
730 1765
731 776
731 886
731 1407
732 1666
733 755
733 765
733 991
733 1068
733 1178
733 1736
734 1469
734 1769
734 1915
735 1486
735 1565
735 1710
736 751
736 879
736 1223
736 1365
736 1419
736 1712
737 773
737 859
737 1083
737 1278
737 1281
737 1340
737 1654
737 1658
737 1882
737 1899
738 753
738 764
738 1039
738 1173
738 1518
738 1849
739 958
739 1302
739 1571
739 1773
740 1058
740 1561
741 834
741 896
741 951
741 1013
741 1119
741 1259
741 1662
741 1932
742 1149
742 1183
742 1897
742 1910
743 973
743 992
743 1295
743 1517
743 1709
743 1958
744 818
744 1096
744 1182
744 1314
744 1456
744 1912
744 1915
745 1047
745 1820
746 857
746 1050
746 1568
748 895
748 1350
748 1507
749 873
749 1330
749 1334
749 1429
750 1133
750 1625
751 884
751 1223
751 1696
751 1712
751 1924
751 2127
752 927
752 1377
752 1633
752 1832
752 2082
753 930
753 1051
753 1136
753 1451
753 1928
754 905
754 908
754 998
754 1058
754 1408
754 1698
755 882
755 1043
755 1905
756 905
756 943
756 1042
756 1393
756 1619
756 1760
756 1905
757 1188
757 1190
757 1192
757 1329
757 1790
757 1851
758 938
758 995
758 1005
758 1259
758 1266
758 1717
759 1309
759 1312
759 1627
760 1327
760 1831
760 1862
761 881
761 1420
761 1865
761 1900
761 1901
761 1905
761 1923
762 985
762 1239
762 1277
762 1292
762 1397
762 1677
762 1679
762 1719
762 1723
762 1906
763 1026
763 1326
763 1368
763 1660
763 1784
764 900
764 904
764 1039
764 1090
764 1241
764 1361
764 1526
764 1743
765 882
765 1068
765 1101
765 1178
765 1568
765 1616
766 1010
766 1310
766 1402
766 1410
766 1415
766 1500
766 1522
767 785
767 1213
767 1237
767 1568
767 1581
767 1745
768 891
768 940
768 1339
768 1344
768 1365
768 1390
768 1672
769 880
769 1061
769 1112
769 1153
769 1521
769 1839
769 1936
770 1264
770 1268
770 1389
770 1457
770 1619
770 1929
770 2175
771 979
771 1093
771 1103
771 1154
771 1155
771 1183
771 1243
771 1400
771 1471
771 1507
771 1796
771 1919
772 1449
772 2223
773 859
773 917
773 1340
773 1654
773 1847
773 1899
774 1025
774 1173
774 1451
774 1567
774 1648
774 1877
775 789
775 916
775 1038
775 1236
775 1364
775 1781
775 1938
776 960
776 965
776 1035
776 1100
776 1102
776 1491
776 1541
776 1730
776 1924
777 1126
777 1254
777 1316
777 1586
777 1673
777 1761
777 1765
778 931
778 994
778 1037
778 1066
778 1186
778 1664
778 2176
779 939
779 994
779 1037
779 1066
779 1664
779 2176
780 892
780 1572
780 1716
780 1866
781 1405
781 1594
781 1942
782 837
782 972
782 1012
782 1118
782 1167
782 1194
782 1378
782 1412
782 1415
782 1500
782 1676
782 1742
782 1746
783 979
783 1383
784 1091
784 1666
785 977
785 1023
785 1249
785 1375
785 1539
785 1806
786 933
786 1075
786 1584
786 1716
787 789
787 1091
787 1202
787 1567
787 1750
787 1786
787 1802
787 2116
787 2236
788 808
788 1409
788 1579
789 1364
789 1786
790 904
790 997
790 1521
790 1747
790 1842
791 1050
791 1101
791 1568
791 1912
792 950
792 1065
792 1159
792 1181
792 1545
792 1849
793 924
793 986
793 1485
793 1538
793 1569
793 1571
793 1632
794 917
794 1286
794 1289
794 1324
794 1559
794 1716
794 1818
795 1177
795 1224
795 1293
795 1299
795 1314
795 1495
796 824
796 828
796 896
796 995
796 1322
797 853
797 947
797 1015
797 1125
798 1416
798 1755
798 1940
799 995
799 1062
799 1421
799 1464
799 1655
799 1891
800 877
800 950
800 1606
800 1827
802 1175
802 1693
803 997
803 1069
803 1112
804 1147
804 1426
805 918
805 942
805 1542
805 1709
805 1775
805 2262
805 2368
806 1002
806 1291
806 1866
806 1891
807 808
807 964
807 1062
807 1244
807 1371
807 1488
807 1771
808 933
808 997
808 1000
808 1409
808 1670
809 892
809 902
809 910
809 1042
809 1046
809 1348
810 1153
810 1243
810 1360
810 1397
810 1578
810 1620
810 1719
810 1865
811 995
811 1920
812 940
812 1004
812 1206
812 1304
812 1373
812 1491
812 1555
812 1924
813 1034
813 1219
813 1630
813 1660
813 1717
813 1788
813 1918
814 1639
815 1027
815 1049
815 1160
815 1274
815 1282
815 1344
816 1228
816 1370
816 1517
817 833
817 937
817 999
817 1012
817 1557
817 1806
817 1812
817 2427
818 1206
818 1828
818 1869
819 1173
819 1404
819 1408
820 932
820 1005
820 1206
820 1559
820 1878
821 1167
821 1168
821 1218
821 1276
821 1628
821 1742
821 1787
822 1201
823 843
823 1014
823 1172
823 1370
823 1402
823 1603
823 1761
823 1765
824 896
824 1289
824 1613
824 1631
826 847
826 856
826 903
826 1606
826 1939
827 1737
827 1873
827 1932
828 938
828 1046
828 1073
828 1266
828 1525
828 1614
828 1712
829 999
829 1285
829 1787
829 1812
830 834
830 1072
830 1468
830 1600
830 1656
830 1898
831 1600
832 892
832 920
832 1055
832 1179
832 1286
832 1580
832 1629
832 1769
832 1878
833 1111
833 1510
833 1825
834 910
834 1072
834 1090
836 854
837 1012
837 1285
837 1742
837 2048
838 917
838 1127
838 1360
839 842
839 952
839 955
839 1092
839 1419
839 1774
839 1811
839 1867
841 1018
841 1164
841 1656
842 1092
842 1199
842 1636
843 999
843 1141
843 1171
843 1172
843 1311
843 1378
843 1440
843 1492
843 1522
843 1526
843 1597
843 1663
843 1907
844 925
844 1060
844 1413
844 1427
844 1460
844 1510
844 1560
844 1593
844 1799
844 1870
845 1905
845 1910
846 991
846 1050
846 1225
846 1307
846 1654
847 856
847 1079
847 1140
847 1466
847 1493
847 1583
847 1611
847 1861
847 1901
848 1023
848 1112
848 1470
848 1889
848 1892
848 1936
849 1133
849 1474
849 1873
849 1876
850 1212
851 925
851 1045
851 1474
851 1575
851 1702
852 875
852 1033
852 1670
853 963
853 1511
855 1440
855 1734
855 1800
855 1990
856 1079
856 1140
856 1266
856 1466
856 1493
856 1583
856 1817
856 1939
857 954
857 1395
857 1496
857 1792
858 1607
858 1610
859 1278
859 1281
859 1340
859 1566
859 1899
860 930
860 1262
860 1805
861 951
861 1251
861 1289
861 1305
861 1814
862 899
862 976
863 1106
863 1470
863 1566
863 1568
863 1657
863 1789
864 1599
864 1981
865 889
865 1047
866 1304
866 1730
867 873
867 1013
867 1550
867 1712
867 1804
869 1056
869 1386
869 1456
869 1678
869 1728
869 1783
871 1258
871 1777
872 1070
872 1163
872 1401
872 1596
873 1170
874 1466
874 1594
874 1642
874 1735
874 1915
875 1337
875 1705
875 1717
875 1839
875 1924
875 1932
876 1911
877 893
877 930
877 1206
877 1726
877 2327
878 895
878 940
878 1148
878 1169
878 1233
878 1341
878 1372
878 1386
878 1546
878 1647
878 1760
879 1160
879 1324
879 1510
880 1153
880 1616
880 1628
880 1881
881 1243
881 1471
881 1667
882 1021
882 1101
882 1422
882 1568
882 1826
883 1228
883 1668
883 1696
884 909
884 1254
884 1641
884 1824
884 1862
884 1897
885 1099
885 1208
885 1280
885 1614
885 1642
885 1800
885 1805
886 892
886 1240
886 1318
886 1647
887 1230
887 1597
887 1795
887 2124
887 2204
887 2276
888 1285
888 1321
888 1454
888 1557
888 1558
888 1925
889 1263
889 1743
889 1852
890 961
890 1171
890 1235
890 1512
890 1663
890 2458
891 1174
891 1179
891 1230
891 1343
891 1474
891 1597
891 1602
891 2124
891 2204
892 1069
892 1282
892 1318
892 1475
892 1572
892 1779
892 1794
893 1149
893 1150
893 1308
894 1061
894 1073
894 1207
894 1631
894 1714
894 1815
896 951
896 1105
896 1119
896 1660
896 1793
897 1061
897 1214
897 1335
897 1475
897 1618
897 1772
897 1918
898 1183
898 1486
899 976
899 1417
900 1075
900 1416
900 1743
902 1010
902 1055
902 1286
902 1318
902 1381
902 1637
903 1140
903 1717
903 1820
904 992
904 997
904 1346
904 1418
904 1712
904 2368
905 1360
905 1452
905 1517
906 1193
906 1723
907 1157
907 1468
907 1561
908 1078
908 1155
908 1291
908 1331
908 1334
908 1553
909 1285
909 1463
909 1495
909 1543
910 938
910 1046
910 1063
910 1346
910 1348
910 1473
910 1525
910 1659
910 1707
910 1932
911 1034
911 1046
911 1109
911 1844
912 1074
912 1146
912 1294
912 1351
912 1727
912 1755
912 1908
912 2282
913 1015
913 1034
913 1282
913 1493
914 931
914 1326
914 1422
914 1432
914 1497
914 1565
914 1670
914 1756
914 1792
915 1032
915 1133
915 1373
915 1480
915 1642
915 1873
916 1326
916 1428
916 1729
916 1938
917 946
917 1313
917 1556
917 1699
917 1824
917 1897
918 947
918 1250
918 1322
918 1709
918 1771
918 1775
919 964
919 1416
919 1468
919 1598
919 1652
919 1833
919 1858
920 975
920 1176
920 1324
920 1339
921 969
921 1601
922 1384
922 1875
923 1000
923 1129
923 1361
923 1508
923 1688
924 1023
924 1106
924 1470
924 1568
924 1847
924 1892
925 933
925 1384
925 1413
925 1488
926 981
926 1047
926 1164
926 1550
926 1670
926 1856
927 964
927 1014
927 1035
927 1598
927 1652
927 1701
928 997
928 1107
928 1403
930 1262
930 1269
931 945
931 1752
931 1942
932 944
932 1005
932 1171
932 1179
932 1206
932 1286
932 1580
933 1137
933 1138
933 1240
933 1266
933 1448
933 1525
933 1782
933 1902
934 1074
935 1189
935 1311
935 1313
935 1500
935 1522
935 1603
935 1637
935 1663
935 1707
935 1761
935 1765
936 1012
936 1500
936 1637
936 1677
936 1710
937 973
937 1004
937 1194
937 1218
937 1704
938 1046
938 1259
938 1525
939 1446
939 1664
939 1733
940 1217
940 1407
940 1910
941 1627
942 1007
942 1542
943 1042
943 1393
943 1684
943 1749
943 1766
943 1801
943 1905
944 1375
944 1381
944 1580
944 1629
944 1721
944 1779
944 1926
946 1116
946 1341
946 1587
946 1742
946 1888
947 1771
947 1899
948 1282
948 1536
948 1755
948 1857
948 1865
948 2246
949 1083
949 1724
950 1317
950 1545
950 1712
950 1734
950 1849
951 1031
951 1119
951 1576
951 1659
952 1143
952 1153
952 1386
952 1678
953 1136
953 1157
953 1233
953 1519
954 1018
954 1314
954 1595
954 1711
954 1917
955 1536
955 1795
955 1857
956 2425
957 1029
957 1036
957 1430
958 1120
958 1237
958 1836
959 1021
960 1138
960 1240
960 1386
960 1541
960 1647
960 1724
960 1915
960 1924
961 1171
961 1492
961 1601
961 1663
961 1704
961 1731
962 965
962 1550
963 988
963 1251
963 1508
964 1416
964 1858
965 1093
965 1669
965 1686
965 1730
967 1051
967 1097
967 1114
967 1771
969 1601
970 1032
970 1380
971 1795
971 2268
972 1010
972 1042
972 1124
972 1279
972 1415
972 1619
972 1676
972 1683
973 1174
973 1180
973 1329
973 1333
973 1477
973 1498
973 1543
973 1689
975 1176
975 1179
975 1349
975 1494
976 1236
976 1406
976 1417
976 1809
977 1010
977 1728
977 1768
977 1840
978 1120
978 1430
978 1609
979 1383
979 1539
979 1639
979 1641
981 1173
981 1453
981 1536
981 1856
983 1504
984 1371
984 1716
984 1843
984 1904
985 1292
985 1474
985 1715
986 1823
987 988
987 1175
987 1424
987 1617
987 1692
987 1752
987 1753
988 1000
988 1345
988 1424
988 1468
988 1508
988 1692
988 1753
989 1011
989 1331
989 1345
989 1763
989 1823
989 1839
990 1237
991 1178
991 1225
991 1269
991 1387
991 1882
991 1891
992 1078
992 1346
992 1517
992 1864
992 1948
992 2082
992 2165
993 1661
993 1802
994 1284
994 1342
994 1578
995 1033
995 1376
995 1584
995 1712
996 1026
996 1452
997 1269
997 1726
998 1025
998 1184
998 1757
998 1788
998 1811
999 1410
999 1557
999 1812
1000 1356
1000 1508
1002 1291
1002 1484
1002 1749
1002 1789
1002 1891
1002 1896
1003 1207
1003 1561
1003 1657
1004 1618
1005 1266
1005 1681
1006 1345
1006 1568
1006 1936
1007 1290
1008 1146
1008 1267
1008 2548
1009 1041
1009 1122
1009 1189
1009 1210
1009 1410
1009 1411
1009 1603
1009 1626
1009 1818
1009 1891
1009 2514
1010 1361
1010 1365
1010 1619
1010 1728
1011 1763
1011 1823
1012 1597
1012 1637
1012 1663
1012 1700
1012 1761
1013 1205
1013 1576
1013 1880
1014 1035
1014 1126
1014 1204
1014 1590
1014 1701
1014 1875
1015 1425
1015 1552
1016 1241
1016 1589
1016 1872
1017 2182
1017 2512
1017 2547
1018 1250
1018 1495
1019 1043
1019 1598
1019 1782
1019 1883
1019 1884
1020 1104
1020 1598
1020 1767
1021 1307
1021 1596
1021 1819
1021 1826
1022 1512
1022 1557
1023 1106
1023 1137
1023 1581
1023 1593
1023 1753
1024 1140
1024 1234
1024 1583
1024 1643
1024 1774
1025 1811
1025 1877
1026 1099
1026 1126
1026 1395
1026 1661
1026 1696
1026 1784
1026 2386
1027 1095
1027 1801
1027 1811
1028 1042
1028 1043
1028 1222
1028 1337
1029 1076
1029 1232
1029 1251
1029 1271
1029 1360
1029 1430
1029 1435
1029 1495
1031 1458
1031 1617
1031 1884
1031 1908
1031 2301
1032 1208
1032 1642
1032 1735
1032 1910
1033 1464
1033 1743
1034 1090
1034 1105
1034 1109
1034 1609
1034 1705
1035 1126
1035 1355
1035 1498
1035 1701
1035 1780
1036 1153
1036 1337
1036 1346
1036 1538
1036 1569
1036 1692
1037 1066
1037 1664
1038 1236
1038 1239
1038 1472
1039 1114
1039 1526
1041 1054
1041 1189
1041 1276
1041 1411
1041 1567
1041 1626
1041 1707
1042 1043
1042 1349
1043 1182
1043 1222
1043 1349
1043 1372
1043 1389
1043 1643
1043 1733
1043 1760
1043 1850
1044 1078
1044 1435
1044 2368
1045 1305
1045 1420
1045 1490
1045 1738
1046 1073
1046 1348
1046 1659
1046 1932
1046 2021
1046 2510
1047 1072
1047 1219
1047 1783
1047 1820
1047 2092
1048 1093
1048 1243
1048 1407
1048 1445
1048 1765
1048 1927
1049 1286
1049 1390
1049 1475
1049 1716
1049 1801
1050 1533
1050 1767
1050 1809
1050 1829
1050 1912
1051 1057
1051 1097
1051 1451
1051 1485
1051 1663
1051 1695
1051 1771
1051 1939
1052 1251
1052 1826
1052 1847
1052 1867
1053 1064
1053 1100
1053 1102
1054 1086
1054 1229
1054 1665
1054 1863
1054 1961
1054 2509
1055 1286
1055 1288
1055 1501
1055 1629
1055 1878
1056 1060
1056 1700
1056 1919
1056 2327
1057 1321
1057 1492
1057 1626
1057 1663
1057 1695
1058 1435
1058 1561
1058 1757
1058 1862
1059 1068
1059 1099
1059 1426
1059 1518
1059 1643
1059 1652
1059 1773
1060 1156
1060 1413
1060 1510
1060 1526
1060 1541
1060 1554
1060 1555
1060 1799
1060 1883
1062 1606
1062 2050
1062 2419
1063 1514
1063 1525
1063 1670
1063 1932
1064 1170
1064 1577
1065 1285
1066 1135
1066 1149
1066 1450
1067 1591
1068 1178
1068 1225
1068 1269
1068 1418
1068 1616
1068 1736
1068 1847
1069 1084
1069 1099
1069 1282
1069 1381
1069 1669
1069 1739
1069 1805
1070 1203
1070 1386
1070 1562
1071 1105
1071 1424
1071 1786
1072 1095
1072 1203
1072 1545
1072 1644
1073 1714
1073 1815
1074 1098
1074 1392
1074 1608
1074 2301
1076 1211
1076 1254
1076 1523
1076 1786
1076 2347
1077 1445
1078 1314
1078 1396
1078 1553
1078 1564
1079 1140
1079 1466
1079 1774
1079 2060
1080 1128
1080 1767
1080 1961
1081 1445
1081 1708
1082 1095
1082 1170
1082 1380
1082 1504
1082 1849
1083 1262
1083 1362
1083 1829
1084 1107
1084 1458
1084 1637
1084 1739
1084 1741
1084 1747
1084 1838
1084 1841
1085 1321
1085 1402
1085 1412
1085 1704
1085 1742
1085 1925
1086 1863
1087 1691
1087 1734
1087 1995
1088 1192
1088 1557
1088 1750
1089 1244
1090 1147
1090 1233
1090 1488
1090 1651
1091 1281
1091 1313
1091 1654
1091 1658
1091 1703
1092 1199
1092 1312
1092 1354
1092 1419
1092 1588
1092 1589
1092 1636
1093 1183
1093 1243
1093 1734
1093 1735
1093 2292
1095 1390
1095 1393
1096 1315
1097 1369
1097 1479
1097 1721
1097 1849
1097 1902
1098 1879
1098 1917
1099 1126
1099 1280
1099 1589
1099 1614
1099 1805
1099 2133
1100 1541
1100 1866
1101 1789
1102 1169
1102 1507
1102 1866
1103 1346
1103 1751
1103 1874
1104 1106
1104 1290
1104 1741
1105 1485
1105 1769
1106 1485
1106 1842
1106 1892
1107 1307
1107 1410
1107 1624
1107 1686
1107 1741
1107 1926
1108 1256
1108 1368
1108 1796
1108 1835
1108 1938
1109 1726
1109 1900
1109 1901
1109 1905
1109 1923
1110 1374
1110 1457
1110 1747
1111 1269
1111 1352
1111 1977
1112 1298
1112 1745
1112 1936
1113 1729
1114 1688
1114 1773
1115 1599
1115 2427
1116 1295
1116 1341
1116 1556
1116 1903
1117 1269
1117 1446
1117 1741
1117 1894
1118 1412
1118 1492
1118 1500
1118 1522
1118 1742
1118 1983
1119 1514
1119 1659
1119 1793
1119 1817
1119 1837
1119 1896
1120 1147
1120 2401
1121 1314
1121 1351
1121 1355
1121 1582
1121 1938
1122 1235
1122 1338
1122 1359
1122 1603
1122 1626
1122 1694
1123 1268
1123 1473
1123 1616
1123 1826
1124 1429
1124 1619
1124 1683
1124 2190
1125 1188
1125 1217
1125 1418
1125 1419
1125 1924
1125 1940
1126 1254
1126 1500
1126 1509
1126 1673
1127 1360
1127 1517
1128 1597
1128 1677
1128 1715
1128 1814
1128 1857
1130 1227
1130 1248
1130 1342
1130 1780
1131 1150
1131 1285
1131 1442
1131 1849
1133 1373
1133 1642
1133 1706
1133 1873
1133 1876
1134 1181
1134 1688
1134 1747
1136 1233
1136 1319
1136 1336
1137 1215
1137 1240
1137 1249
1137 1266
1137 1488
1137 1724
1137 1819
1138 1240
1138 1486
1138 1578
1138 1739
1139 1336
1139 1733
1139 2493
1140 1466
1140 1583
1140 1909
1140 2060
1141 1216
1141 1306
1141 1310
1141 1338
1141 1478
1141 1637
1141 1713
1141 1765
1142 1226
1142 1311
1142 1341
1142 1360
1142 1697
1142 1707
1142 1818
1143 1343
1145 1308
1145 1412
1146 1294
1146 1661
1146 1835
1146 2372
1147 1692
1147 1763
1148 1386
1148 1468
1148 1546
1149 1308
1149 1942
1150 1405
1150 1802
1150 1807
1150 1942
1150 2372
1150 2563
1151 1294
1151 1466
1151 1583
1151 1700
1151 1706
1151 1920
1151 2372
1153 1213
1153 1298
1153 1560
1153 1789
1155 1196
1155 1432
1155 1528
1155 1756
1156 1555
1156 1619
1156 1683
1156 1751
1156 1799
1156 1850
1157 1474
1157 1499
1158 1258
1158 1507
1158 1730
1158 1924
1159 1163
1159 1493
1159 1541
1159 1544
1159 1693
1160 1176
1160 1286
1160 1324
1160 1629
1160 1676
1161 1573
1162 1276
1162 1411
1162 1450
1162 1534
1162 1544
1162 1696
1162 1700
1162 2127
1163 1382
1163 1544
1164 1357
1164 1450
1164 1454
1165 1199
1165 1234
1165 1382
1165 1690
1165 1883
1165 1908
1167 1679
1167 1700
1167 1746
1168 1308
1168 1319
1168 1528
1168 1536
1170 1443
1170 1460
1170 1805
1171 1206
1171 1492
1171 1603
1171 1663
1171 1925
1171 2408
1172 1311
1172 1378
1172 1603
1172 1637
1172 1907
1173 1451
1174 1296
1174 1400
1174 1498
1174 1602
1174 1620
1174 1816
1175 1407
1175 1692
1175 1766
1176 1179
1176 1215
1176 1288
1176 1324
1176 1572
1176 1647
1176 1676
1177 1394
1177 1406
1177 1495
1177 1577
1177 1579
1177 2301
1178 1213
1178 1225
1178 1269
1178 1343
1178 1736
1179 1279
1179 1288
1179 1306
1179 1676
1179 1846
1179 1929
1181 1670
1181 1932
1182 1456
1182 1566
1182 1713
1182 1799
1182 2123
1183 1506
1183 1646
1184 1448
1184 1526
1184 1880
1185 1217
1185 1515
1185 1756
1186 1422
1186 1578
1187 1251
1187 1293
1187 1299
1187 1320
1187 1687
1187 1759
1187 1917
1188 1303
1188 1790
1188 1851
1188 1887
1189 1410
1189 1411
1189 1534
1189 1626
1189 1637
1189 1818
1189 2063
1190 1192
1190 1194
1190 1626
1190 1941
1191 1197
1193 1480
1193 1539
1193 1642
1194 1402
1194 1412
1194 1492
1194 1522
1194 1663
1194 1733
1195 1493
1195 1537
1195 1695
1195 1868
1196 1611
1197 1360
1198 1434
1198 1664
1199 1354
1199 1588
1200 1279
1200 1458
1200 1605
1200 1664
1201 1446
1202 1558
1202 1597
1202 1787
1203 1545
1203 1562
1203 1852
1204 1376
1204 1421
1204 1655
1205 1259
1205 1859
1205 1939
1206 1279
1206 1572
1206 1676
1207 1630
1208 1440
1208 1633
1208 1642
1208 1661
1208 1784
1208 1787
1208 2408
1208 2566
1209 1778
1210 1356
1210 1357
1210 1570
1210 1626
1210 1891
1211 1221
1211 1231
1211 1586
1212 1243
1212 1474
1212 1522
1212 1723
1212 1838
1213 1269
1213 1343
1213 1391
1213 1482
1213 1521
1213 1683
1214 1261
1214 1365
1214 1372
1214 1457
1214 1481
1214 1772
1215 1458
1215 1581
1215 1792
1216 1673
1217 1648
1217 1799
1218 1285
1218 1628
1218 1925
1219 1607
1219 1630
1220 1294
1220 1633
1220 1835
1220 1860
1222 1224
1222 1372
1222 1473
1222 1476
1222 1875
1222 1886
1223 1270
1223 1617
1223 1706
1223 1782
1224 1672
1225 1269
1225 1387
1225 1456
1225 1560
1225 1657
1225 1752
1225 1838
1225 1898
1226 1247
1226 1387
1228 1459
1228 1460
1228 1924
1228 2127
1229 1510
1229 1599
1229 1700
1229 1723
1229 1802
1230 1834
1230 2124
1231 1423
1231 1586
1231 1615
1231 1673
1231 1748
1231 1765
1232 1265
1232 1372
1232 1756
1232 1915
1232 1945
1234 1485
1234 1643
1234 1646
1234 1652
1234 1838
1235 1321
1235 1378
1235 1411
1235 1558
1235 1704
1236 1397
1236 1809
1237 1249
1237 1581
1237 1705
1239 1472
1240 1448
1240 1647
1243 1471
1243 1528
1243 1625
1243 1756
1243 2245
1244 1296
1245 1668
1245 1696
1246 1312
1247 1272
1247 1283
1247 1637
1247 2194
1248 1922
1248 1936
1248 2449
1249 1389
1249 1529
1249 1581
1249 1593
1249 1842
1250 1709
1250 1752
1250 1775
1251 1271
1251 1470
1251 1922
1252 1874
1254 1433
1254 1586
1254 1615
1254 1731
1254 1748
1255 1488
1256 1373
1257 1475
1257 1933
1258 1706
1258 1814
1259 1454
1259 1473
1259 1525
1261 1265
1261 1684
1261 1819
1261 1866
1262 1362
1262 1810
1263 1844
1263 1902
1264 1324
1264 1457
1264 1492
1265 1286
1265 1684
1265 1819
1266 1717
1266 1724
1267 1294
1267 1463
1267 1835
1267 2275
1268 1601
1268 1751
1268 1791
1268 1826
1269 1332
1269 1387
1269 1456
1269 1752
1269 1847
1270 1725
1271 1586
1272 1318
1272 1454
1272 1643
1272 1817
1273 1468
1274 1733
1274 1915
1275 1314
1276 1310
1276 1311
1276 1534
1276 1626
1276 1818
1277 1292
1277 1635
1277 1723
1277 1857
1277 1906
1278 1340
1278 1654
1278 1658
1278 1882
1278 1899
1279 1676
1280 1614
1280 1805
1280 1833
1280 1942
1280 2133
1281 1523
1281 1658
1281 1780
1281 1786
1281 1825
1282 1306
1282 1381
1282 1427
1282 1469
1282 1629
1283 1377
1283 1478
1283 1939
1283 2038
1285 1522
1285 1812
1285 1845
1286 1289
1286 1339
1286 1437
1286 1684
1287 1375
1287 1386
1287 1562
1287 1593
1287 1853
1287 1867
1288 1324
1288 1454
1288 1481
1288 1629
1288 1676
1288 1794
1288 1866
1288 1932
1289 1684
1289 1794
1290 1409
1290 1542
1291 1891
1291 1896
1292 1382
1292 1677
1292 1679
1292 1723
1292 1875
1293 1299
1293 1759
1293 1882
1294 1328
1294 2070
1294 2194
1294 2473
1295 1399
1295 1850
1296 1343
1296 1427
1296 1550
1296 1811
1297 1340
1297 1487
1298 1566
1298 1759
1298 1826
1298 1859
1298 1936
1299 1759
1300 1689
1300 1696
1300 2362
1301 1797
1301 1813
1302 1357
1302 1473
1302 1630
1302 1769
1302 1772
1302 1820
1303 1787
1304 1730
1304 1924
1305 1518
1305 1549
1306 1324
1306 1338
1306 1475
1306 1572
1306 1769
1306 1915
1306 1926
1307 1387
1307 1939
1308 1459
1308 1478
1308 1557
1308 1634
1308 1814
1308 2142
1308 2377
1310 2002
1311 1338
1311 1500
1311 1522
1311 1603
1311 1663
1311 1707
1312 1418
1313 1360
1313 1673
1313 1703
1313 1727
1313 1748
1314 1446
1314 1650
1314 1978
1314 2185
1315 1356
1315 1451
1315 1552
1315 1732
1315 1922
1316 1495
1316 1698
1317 1382
1318 1651
1318 2313
1319 1325
1319 1327
1319 1336
1319 1532
1319 1919
1320 1829
1320 1917
1321 1557
1321 1626
1321 1638
1321 1663
1321 1704
1322 1469
1324 1647
1324 1651
1325 1532
1326 1397
1326 1729
1326 1938
1327 1532
1327 1873
1328 1332
1328 1731
1328 1802
1329 1333
1329 1477
1329 1498
1329 1543
1330 1331
1330 1354
1330 1428
1331 1463
1331 1568
1331 1657
1331 1889
1331 1908
1331 2253
1332 1802
1332 1927
1335 1337
1335 1529
1335 1566
1335 1581
1336 1486
1337 1890
1338 1359
1338 1469
1338 1559
1338 1603
1338 1637
1338 1694
1339 1349
1339 1381
1339 1454
1339 1580
1339 1647
1339 1681
1339 1794
1339 1878
1340 1658
1340 1828
1340 1847
1340 1882
1340 1899
1341 1543
1341 1697
1341 1797
1342 1780
1343 1682
1343 1828
1344 1345
1344 1632
1344 1705
1345 1424
1345 1538
1345 1569
1345 1632
1346 1574
1346 1864
1346 1885
1346 1934
1348 1525
1349 1428
1349 1494
1350 1389
1350 1927
1350 1929
1351 1669
1351 1739
1351 1886
1351 1908
1351 2491
1352 1734
1352 1740
1352 1816
1352 1883
1352 1884
1353 1498
1353 1663
1353 1707
1354 1588
1354 1591
1354 1720
1355 1729
1355 1797
1355 1887
1356 1602
1356 1846
1357 1514
1357 1585
1357 1833
1359 1603
1359 1694
1359 1916
1360 1452
1360 1509
1360 1647
1360 2538
1362 1583
1363 1427
1363 1609
1363 1623
1363 1772
1364 1781
1365 1613
1365 1681
1365 1769
1365 1878
1365 1926
1366 1931
1367 1599
1368 1832
1369 1902
1370 1373
1370 1463
1370 1510
1371 1413
1371 1900
1371 1901
1372 1546
1372 1760
1373 1418
1373 1561
1373 1730
1373 2134
1374 1471
1374 1486
1374 1728
1375 1386
1375 1678
1375 1866
1376 1655
1377 1454
1377 1548
1377 1619
1378 1440
1378 1907
1379 1633
1379 1860
1380 1633
1381 1580
1381 1629
1381 1651
1382 1483
1382 1802
1383 1449
1383 1770
1383 1832
1383 1881
1384 1463
1384 1701
1386 1415
1386 1457
1386 1562
1386 1678
1386 1686
1387 1752
1388 1808
1388 1911
1388 1912
1389 1799
1390 1413
1391 1640
1391 1807
1391 1884
1392 1608
1393 1573
1393 1749
1393 1751
1394 1400
1394 1792
1395 1587
1396 1553
1397 1667
1397 1719
1397 1919
1397 1938
1398 1526
1398 1807
1402 1558
1402 1597
1402 1626
1402 1916
1404 1811
1405 1942
1405 2473
1406 1809
1407 1441
1407 1526
1408 1427
1408 1469
1408 1623
1410 1411
1410 1626
1410 1637
1411 1534
1411 1626
1411 1700
1411 1707
1411 1822
1411 1941
1411 2127
1411 2382
1412 1500
1412 1742
1413 1457
1413 1488
1413 1905
1415 1548
1416 1858
1417 1809
1418 1518
1419 1762
1421 1464
1421 1769
1421 1772
1421 1904
1421 1922
1422 1678
1423 1824
1424 1468
1424 1508
1424 1632
1426 1518
1426 1693
1426 1914
1426 1917
1427 1623
1428 1604
1428 1715
1428 1739
1428 1741
1429 1546
1431 1472
1431 1665
1431 1792
1432 1447
1432 1639
1433 1731
1433 1816
1434 1762
1435 1733
1435 1749
1435 1948
1436 1831
1437 1576
1437 1716
1440 1492
1440 1548
1440 1642
1440 1907
1440 2566
1441 1862
1441 1910
1442 1583
1443 1685
1443 1896
1444 1474
1444 1721
1444 1762
1446 1579
1446 1736
1446 1741
1446 1744
1448 1466
1448 1788
1449 1803
1451 1877
1451 2458
1452 1517
1452 1941
1453 1550
1453 1597
1453 1821
1454 1833
1454 1878
1454 1932
1454 2133
1455 1734
1455 1831
1456 1566
1456 1728
1457 1683
1457 1766
1457 1905
1458 1486
1458 1710
1458 1838
1458 2301
1459 1668
1460 1807
1461 1799
1462 1560
1462 1640
1462 1752
1463 1802
1464 1922
1466 1501
1466 1583
1466 1774
1467 1571
1467 1631
1468 1537
1468 1606
1468 1726
1469 1613
1469 1623
1469 1656
1469 1926
1470 1568
1471 1667
1472 2224
1473 1476
1473 1494
1473 1525
1473 1896
1474 1583
1474 1726
1475 1572
1475 1681
1475 1769
1475 1926
1476 1891
1477 1498
1477 1860
1477 1927
1478 1700
1478 1835
1479 1853
1480 1594
1480 1642
1481 1833
1481 1837
1482 1902
1485 1527
1485 1771
1485 1842
1485 1939
1486 1565
1486 1710
1486 1838
1488 1602
1488 1712
1491 1924
1492 1548
1492 1761
1492 1907
1493 2103
1495 1579
1495 1698
1495 1936
1497 1513
1497 1588
1497 1706
1497 1720
1497 1792
1497 1932
1498 1851
1499 1651
1499 1782
1500 1557
1500 1587
1500 1597
1500 1663
1500 1679
1500 1683
1500 1742
1500 1761
1500 1925
1500 1929
1501 1629
1501 1716
1501 2060
1502 1628
1502 1638
1502 1776
1505 1706
1506 1706
1506 1723
1506 1755
1508 1753
1509 1510
1509 1673
1510 1883
1513 1720
1513 1869
1514 1695
1514 1718
1514 1769
1514 1793
1514 1833
1515 1520
1515 1787
1515 1909
1516 1787
1517 1563
1517 1916
1518 1977
1519 1828
1520 1674
1520 1773
1521 1804
1521 1839
1521 1852
1522 1663
1522 1707
1522 1812
1523 1587
1523 1786
1523 1897
1525 1613
1526 1743
1526 1757
1526 1766
1526 1791
1526 1807
1526 2132
1527 1692
1527 1757
1527 1895
1528 1756
1528 2253
1529 1566
1530 1625
1531 1910
1534 1700
1534 2127
1535 1709
1535 1741
1536 1822
1536 2382
1536 2387
1537 1550
1538 1569
1538 1692
1541 1706
1541 1716
1542 1709
1542 1714
1542 1755
1542 2172
1542 2262
1542 2368
1543 1697
1543 1755
1547 2147
1547 2160
1550 1909
1551 1748
1551 1941
1552 1920
1553 1708
1553 2357
1553 2447
1554 1561
1554 2073
1555 1799
1556 1628
1556 1773
1556 1776
1556 1780
1557 2139
1557 2427
1557 2528
1557 2534
1558 1704
1558 1846
1559 1716
1559 1878
1560 1640
1560 1898
1562 1678
1563 2420
1565 1666
1565 2142
1565 2188
1566 1789
1566 2172
1566 2491
1567 1626
1567 1818
1568 1736
1568 1792
1570 1645
1572 1672
1572 1681
1572 1794
1573 1622
1574 1864
1574 1882
1574 1934
1577 1777
1577 1785
1577 1806
1577 2523
1579 1744
1580 1629
1581 1593
1581 1724
1581 1806
1581 1920
1582 1776
1582 1802
1583 2396
1584 1695
1585 1681
1585 1856
1587 1628
1587 1699
1587 1727
1587 1780
1587 1797
1587 1934
1588 1605
1588 1636
1588 1720
1588 1882
1590 1875
1591 1882
1597 1603
1597 1626
1597 1821
1597 1925
1597 2018
1597 2124
1597 2204
1597 2285
1598 1650
1598 1709
1598 1782
1599 1653
1599 1854
1599 1881
1599 1981
1599 2489
1600 2253
1601 2289
1602 1640
1602 1846
1602 1929
1603 1663
1603 1694
1603 2369
1603 2377
1603 2382
1604 1865
1604 2253
1605 1930
1607 1610
1610 1710
1611 2082
1612 1616
1612 1806
1612 1822
1613 1769
1613 1926
1614 1805
1614 1898
1616 1791
1616 1826
1617 1826
1617 1917
1617 2126
1618 1916
1619 1683
1619 1751
1620 1848
1621 1728
1621 1840
1621 1872
1621 1896
1623 1656
1623 1683
1626 1663
1626 1704
1626 1707
1626 1818
1626 1822
1626 1891
1627 1708
1627 1770
1627 2329
1628 1731
1628 1776
1628 1780
1628 1797
1629 1676
1629 1878
1630 1783
1631 1714
1631 1790
1632 1922
1634 1641
1634 1796
1636 1927
1637 1965
1637 2403
1638 1676
1638 1903
1639 1850
1639 1919
1642 1751
1642 1873
1642 1876
1644 1939
1646 1838
1647 1678
1647 1733
1647 1819
1649 1715
1650 1729
1653 1792
1654 1658
1654 1713
1655 1922
1655 1931
1657 1847
1658 1899
1659 1817
1660 1705
1660 1717
1660 1788
1660 1811
1661 1780
1661 1832
1661 1941
1663 1822
1663 1925
1665 1748
1668 1696
1668 1862
1670 1868
1675 1691
1675 1734
1675 1941
1675 2052
1676 1779
1676 1929
1677 1710
1677 1719
1677 1857
1678 1830
1681 1793
1681 1817
1681 1837
1683 1751
1684 1793
1684 1819
1684 1905
1688 1884
1688 1911
1688 1935
1691 1746
1691 1818
1691 1835
1692 1763
1693 1917
1694 1734
1695 1817
1698 1755
1698 2224
1699 1824
1700 1723
1700 1941
1700 2127
1701 1780
1701 1824
1703 1748
1703 1761
1703 1765
1703 2443
1704 1746
1704 1818
1704 1916
1706 1740
1706 1784
1707 1897
1708 1720
1708 1975
1709 1775
1709 2262
1709 2368
1710 1838
1713 1717
1713 1739
1714 1815
1715 1813
1715 1857
1716 1926
1716 2514
1717 1820
1717 1901
1718 1769
1718 1833
1719 1921
1719 1938
1723 1919
1726 1865
1726 1868
1726 1900
1726 1901
1726 1923
1727 1806
1728 1840
1729 1921
1729 1925
1730 1924
1732 1740
1733 1749
1733 1766
1733 1968
1734 1930
1736 1840
1736 2114
1742 1780
1742 1797
1742 1925
1743 1766
1744 1745
1744 1749
1745 1892
1745 1936
1746 1835
1746 1860
1746 1925
1747 1857
1747 1909
1747 2357
1749 1766
1749 1905
1753 1842
1755 2172
1762 1896
1763 1823
1766 1905
1769 1793
1769 1817
1769 1848
1769 1926
1769 1933
1769 1935
1770 1800
1774 2060
1774 2132
1775 1842
1776 1781
1776 1917
1777 1785
1778 1846
1778 1964
1778 2298
1780 1825
1782 1791
1782 1885
1784 1802
1784 2386
1785 1852
1787 1812
1788 1820
1788 2194
1790 1851
1793 1817
1793 1837
1795 1857
1798 1815
1802 2195
1802 2233
1804 1852
1805 1833
1805 2133
1813 2496
1813 2504
1813 2561
1814 2357
1817 1833
1817 1837
1819 1915
1821 2018
1824 2260
1825 1934
1832 1835
1832 1857
1832 2483
1833 2133
1835 1860
1835 2387
1835 2571
1836 1872
1842 1861
1845 1871
1846 1925
1847 1867
1847 1888
1847 1934
1848 2205
1852 2292
1853 1867
1854 2076
1855 1861
1855 1893
1857 1881
1857 2300
1862 1909
1863 1964
1864 1934
1864 1958
1865 1923
1866 1929
1868 1900
1872 1898
1873 1876
1873 1886
1878 1915
1878 2515
1879 1881
1881 1882
1884 1911
1886 2457
1887 1927
1890 1918
1900 1923
1901 1923
1908 2282
1913 1949
1922 1931
1925 2063
1925 2127
1927 2260
1942 2133
1943 2047
1943 2192
1943 2232
1943 2293
1943 2309
1943 2355
1943 2391
1943 2566
1944 2470
1945 2047
1945 2371
1945 2409
1945 2450
1945 2473
1946 1986
1946 2005
1946 2016
1946 2101
1946 2103
1946 2160
1946 2221
1946 2419
1946 2435
1946 2542
1946 2566
1947 2040
1947 2050
1947 2080
1947 2205
1947 2356
1947 2394
1947 2471
1948 1958
1948 1978
1949 1991
1949 2121
1949 2176
1949 2304
1949 2311
1949 2392
1949 2434
1949 2443
1950 2256
1950 2330
1950 2336
1950 2341
1950 2535
1950 2575
1951 2035
1951 2076
1951 2129
1951 2214
1951 2265
1951 2275
1952 2015
1952 2040
1952 2078
1952 2106
1952 2113
1952 2170
1952 2184
1952 2288
1952 2415
1952 2419
1952 2433
1953 1976
1953 2025
1953 2380
1953 2438
1953 2470
1953 2524
1954 2005
1954 2069
1954 2206
1954 2222
1954 2411
1954 2418
1954 2461
1955 1960
1955 2038
1955 2209
1955 2213
1955 2218
1955 2415
1955 2418
1955 2421
1955 2478
1955 2483
1955 2534
1956 2018
1956 2172
1956 2212
1956 2276
1956 2386
1957 2032
1957 2155
1958 2057
1958 2082
1958 2172
1958 2401
1958 2429
1958 2448
1958 2513
1958 2519
1958 2573
1959 2043
1959 2092
1960 1979
1960 2209
1960 2480
1960 2546
1961 1964
1961 2173
1961 2242
1961 2358
1961 2371
1961 2436
1961 2500
1961 2509
1961 2528
1962 1992
1962 2013
1962 2027
1962 2042
1962 2050
1962 2088
1962 2109
1962 2180
1962 2206
1962 2283
1962 2348
1962 2354
1962 2364
1962 2375
1962 2379
1962 2498
1962 2532
1962 2536
1962 2543
1962 2556
1963 1966
1963 2005
1963 2015
1963 2067
1963 2085
1963 2101
1963 2158
1963 2193
1963 2318
1963 2331
1963 2355
1963 2359
1963 2374
1963 2406
1963 2435
1963 2515
1963 2545
1964 2231
1964 2238
1964 2277
1964 2315
1964 2497
1965 2007
1965 2030
1965 2054
1965 2061
1965 2067
1965 2079
1965 2120
1965 2212
1965 2285
1965 2287
1965 2327
1965 2328
1965 2388
1965 2397
1965 2408
1965 2429
1965 2442
1965 2488
1965 2491
1965 2579
1966 2003
1966 2041
1966 2097
1966 2182
1966 2266
1966 2406
1966 2532
1967 2005
1967 2175
1967 2266
1967 2415
1967 2441
1967 2473
1968 1986
1968 2117
1968 2189
1968 2222
1968 2238
1968 2266
1969 1983
1969 2036
1969 2054
1969 2065
1969 2113
1969 2209
1969 2226
1969 2331
1969 2337
1969 2359
1969 2369
1969 2370
1970 2268
1970 2302
1971 2064
1971 2166
1971 2226
1971 2317
1971 2374
1971 2459
1971 2468
1971 2508
1971 2572
1971 2580
1972 2021
1972 2043
1972 2068
1972 2070
1972 2084
1972 2141
1972 2146
1972 2158
1972 2272
1972 2331
1972 2421
1972 2468
1972 2508
1972 2515
1973 1978
1973 2047
1973 2125
1973 2157
1973 2224
1973 2285
1973 2424
1973 2458
1974 1999
1974 2061
1974 2079
1974 2110
1974 2119
1974 2212
1974 2287
1974 2427
1974 2579
1975 2235
1975 2266
1975 2425
1975 2427
1976 2011
1976 2025
1976 2137
1976 2434
1976 2438
1976 2470
1976 2499
1977 2005
1977 2130
1977 2473
1977 2538
1978 1990
1978 2172
1978 2204
1978 2232
1978 2378
1978 2446
1978 2490
1979 2019
1979 2116
1979 2124
1979 2172
1979 2243
1980 2125
1980 2177
1980 2245
1980 2306
1980 2378
1980 2483
1980 2527
1980 2562
1981 2034
1981 2160
1981 2259
1981 2264
1981 2436
1981 2510
1982 2064
1982 2083
1982 2101
1982 2113
1982 2180
1982 2194
1982 2514
1982 2557
1983 2015
1983 2065
1983 2085
1983 2113
1983 2209
1983 2226
1983 2359
1983 2360
1983 2400
1984 1997
1984 2058
1984 2111
1984 2304
1984 2524
1985 2098
1985 2262
1985 2278
1985 2329
1986 2037
1986 2051
1986 2063
1986 2076
1986 2163
1986 2221
1986 2264
1986 2455
1986 2566
1987 2003
1987 2068
1987 2345
1987 2419
1987 2450
1987 2461
1988 2116
1988 2246
1988 2484
1988 2558
1989 2052
1989 2074
1989 2098
1989 2246
1989 2275
1989 2320
1989 2329
1989 2465
1989 2466
1989 2504
1989 2513
1989 2552
1990 2141
1990 2147
1990 2382
1990 2491
1990 2510
1990 2520
1990 2566
1991 2011
1991 2143
1991 2195
1991 2333
1992 2001
1992 2052
1992 2066
1992 2196
1992 2225
1992 2248
1992 2335
1992 2336
1992 2348
1992 2379
1992 2414
1992 2440
1992 2449
1992 2456
1992 2521
1992 2539
1992 2554
1992 2578
1993 1998
1993 2053
1993 2256
1993 2273
1993 2284
1993 2299
1993 2379
1993 2443
1993 2518
1993 2574
1994 1997
1994 2011
1994 2295
1994 2353
1994 2456
1994 2530
1995 2253
1995 2259
1996 2024
1996 2253
1996 2269
1996 2283
1996 2337
1996 2446
1997 2066
1997 2089
1997 2122
1997 2219
1997 2295
1997 2353
1997 2511
1997 2539
1998 2013
1998 2229
1998 2295
1998 2354
1998 2498
1998 2556
1998 2576
1999 2061
1999 2109
1999 2110
1999 2119
1999 2144
1999 2158
1999 2161
1999 2163
1999 2212
1999 2230
1999 2247
1999 2263
1999 2269
1999 2328
1999 2520
1999 2579
2000 2291
2001 2002
2001 2174
2001 2247
2001 2248
2001 2299
2001 2348
2001 2403
2001 2517
2001 2523
2002 2078
2002 2092
2002 2162
2002 2196
2002 2247
2002 2315
2002 2348
2002 2350
2002 2375
2002 2380
2002 2410
2002 2419
2002 2430
2002 2452
2002 2487
2002 2498
2002 2523
2002 2556
2003 2005
2003 2345
2004 2046
2004 2324
2005 2019
2005 2033
2005 2130
2005 2181
2005 2323
2005 2394
2005 2473
2005 2508
2005 2522
2005 2538
2005 2545
2006 2010
2006 2012
2006 2493
2007 2048
2007 2079
2007 2103
2007 2120
2007 2287
2007 2337
2007 2376
2007 2388
2007 2397
2007 2418
2007 2445
2008 2087
2008 2228
2008 2263
2009 2022
2009 2025
2009 2122
2009 2156
2009 2183
2009 2335
2009 2455
2009 2539
2010 2032
2011 2074
2011 2129
2011 2136
2011 2243
2011 2251
2011 2270
2011 2319
2011 2333
2011 2387
2011 2438
2011 2465
2011 2470
2012 2057
2012 2136
2012 2174
2012 2383
2012 2405
2012 2426
2012 2428
2013 2045
2013 2190
2013 2273
2013 2498
2013 2513
2014 2032
2014 2106
2014 2139
2014 2162
2014 2173
2014 2207
2014 2238
2014 2286
2014 2335
2014 2336
2014 2350
2014 2360
2014 2380
2014 2403
2014 2433
2014 2452
2014 2559
2015 2036
2015 2078
2015 2085
2015 2086
2015 2105
2015 2106
2015 2113
2015 2140
2015 2205
2015 2209
2015 2226
2015 2314
2015 2346
2015 2359
2015 2360
2015 2370
2015 2382
2015 2400
2015 2421
2015 2478
2015 2534
2015 2557
2016 2017
2016 2034
2016 2140
2016 2264
2016 2267
2016 2358
2016 2387
2016 2450
2017 2235
2017 2323
2017 2345
2018 2019
2018 2124
2018 2204
2018 2386
2019 2034
2019 2097
2019 2243
2019 2323
2019 2345
2019 2522
2020 2081
2020 2275
2021 2095
2021 2158
2021 2331
2021 2355
2021 2367
2021 2442
2022 2026
2022 2192
2022 2573
2023 2062
2023 2345
2024 2218
2024 2250
2024 2415
2024 2538
2025 2137
2025 2438
2026 2167
2026 2278
2026 2321
2026 2410
2026 2422
2027 2273
2027 2320
2027 2342
2027 2348
2027 2350
2027 2498
2027 2499
2029 2542
2030 2073
2030 2320
2030 2327
2030 2444
2030 2482
2032 2035
2032 2106
2032 2131
2032 2136
2032 2284
2032 2335
2032 2392
2032 2414
2032 2555
2033 2057
2033 2082
2033 2263
2033 2312
2033 2336
2033 2402
2033 2525
2033 2531
2033 2560
2034 2097
2034 2323
2034 2577
2035 2075
2035 2093
2035 2118
2035 2126
2035 2174
2035 2231
2035 2249
2035 2518
2035 2536
2035 2554
2035 2563
2035 2584
2036 2054
2036 2065
2036 2067
2036 2209
2036 2337
2036 2360
2036 2370
2036 2516
2038 2331
2038 2346
2038 2383
2038 2557
2039 2107
2039 2126
2039 2207
2039 2231
2039 2249
2039 2336
2039 2395
2039 2428
2039 2495
2039 2513
2039 2537
2039 2549
2039 2554
2040 2176
2040 2301
2040 2361
2040 2362
2041 2173
2041 2365
2042 2102
2042 2163
2042 2225
2042 2286
2042 2325
2042 2326
2042 2364
2042 2428
2042 2487
2042 2575
2043 2099
2043 2145
2043 2150
2043 2168
2043 2193
2043 2292
2043 2318
2043 2369
2043 2468
2043 2473
2043 2508
2043 2545
2044 2119
2044 2203
2044 2282
2044 2402
2044 2403
2044 2487
2044 2543
2044 2553
2045 2077
2045 2295
2045 2302
2045 2344
2045 2506
2046 2087
2046 2315
2046 2425
2046 2501
2046 2522
2046 2572
2047 2337
2047 2391
2047 2448
2048 2095
2048 2103
2048 2141
2048 2325
2048 2331
2048 2418
2048 2445
2048 2491
2048 2522
2049 2053
2049 2221
2049 2550
2050 2059
2050 2149
2050 2303
2050 2355
2050 2375
2050 2379
2050 2402
2050 2419
2050 2426
2050 2481
2050 2498
2050 2518
2050 2553
2050 2574
2051 2087
2051 2397
2051 2445
2052 2057
2052 2281
2052 2379
2052 2505
2052 2518
2052 2576
2053 2074
2053 2186
2053 2188
2053 2221
2053 2229
2053 2235
2053 2251
2053 2282
2053 2319
2053 2333
2053 2452
2053 2466
2053 2482
2053 2513
2053 2518
2054 2067
2054 2095
2054 2113
2054 2226
2054 2313
2054 2385
2054 2421
2054 2518
2055 2056
2055 2058
2055 2178
2055 2349
2055 2354
2055 2466
2055 2517
2055 2540
2056 2299
2056 2380
2056 2466
2057 2066
2057 2095
2057 2139
2057 2169
2057 2190
2057 2312
2057 2336
2057 2364
2057 2401
2057 2513
2057 2531
2057 2544
2058 2063
2058 2466
2059 2186
2059 2303
2059 2449
2059 2574
2060 2061
2060 2079
2060 2194
2060 2287
2061 2125
2061 2210
2061 2212
2061 2230
2061 2250
2061 2347
2061 2382
2061 2387
2061 2442
2061 2446
2061 2579
2062 2184
2062 2240
2062 2257
2062 2267
2062 2302
2062 2358
2062 2374
2062 2409
2062 2551
2063 2191
2063 2420
2063 2476
2063 2517
2064 2243
2064 2468
2064 2508
2064 2562
2065 2067
2065 2113
2065 2209
2065 2359
2065 2360
2065 2369
2065 2370
2065 2515
2066 2139
2066 2154
2066 2219
2066 2314
2066 2414
2066 2449
2066 2498
2066 2511
2066 2549
2066 2554
2067 2086
2067 2113
2067 2144
2067 2258
2067 2267
2067 2313
2067 2346
2067 2369
2067 2514
2067 2515
2067 2555
2067 2562
2068 2117
2068 2258
2068 2315
2069 2421
2069 2430
2069 2433
2069 2460
2070 2084
2070 2099
2070 2125
2070 2141
2070 2145
2070 2146
2070 2259
2070 2292
2070 2293
2070 2318
2070 2468
2070 2500
2070 2525
2070 2531
2070 2545
2071 2262
2071 2269
2071 2333
2071 2541
2072 2074
2072 2214
2072 2235
2073 2104
2073 2132
2073 2302
2073 2327
2073 2329
2073 2391
2073 2398
2073 2482
2073 2563
2074 2075
2074 2195
2074 2217
2074 2280
2074 2281
2074 2290
2074 2549
2075 2118
2075 2200
2075 2404
2075 2584
2076 2221
2076 2235
2076 2345
2076 2352
2076 2366
2076 2393
2077 2178
2077 2295
2077 2332
2077 2354
2077 2503
2077 2539
2078 2133
2078 2170
2078 2258
2078 2404
2078 2419
2079 2103
2079 2104
2079 2119
2079 2120
2079 2144
2079 2161
2079 2163
2079 2175
2079 2179
2079 2230
2079 2253
2079 2285
2079 2287
2079 2328
2079 2397
2079 2408
2079 2418
2079 2427
2079 2429
2079 2453
2079 2475
2079 2579
2080 2205
2080 2373
2080 2385
2080 2394
2080 2580
2082 2446
2082 2483
2082 2485
2082 2513
2083 2166
2083 2184
2083 2261
2083 2317
2083 2324
2083 2572
2083 2580
2084 2126
2084 2148
2084 2174
2084 2248
2084 2259
2084 2445
2084 2525
2084 2553
2085 2106
2085 2205
2085 2209
2085 2226
2085 2288
2085 2359
2085 2360
2085 2400
2085 2421
2085 2433
2086 2113
2086 2173
2086 2209
2086 2226
2086 2359
2086 2360
2086 2370
2086 2433
2086 2555
2087 2542
2087 2572
2088 2119
2088 2279
2088 2282
2088 2366
2088 2403
2088 2536
2088 2543
2089 2196
2089 2219
2089 2284
2089 2286
2089 2295
2089 2335
2089 2351
2089 2353
2089 2463
2089 2549
2090 2094
2090 2476
2090 2494
2090 2521
2090 2554
2091 2192
2091 2292
2091 2495
2091 2547
2092 2186
2092 2246
2092 2352
2092 2443
2093 2123
2093 2154
2093 2231
2093 2249
2093 2280
2093 2297
2093 2420
2093 2518
2093 2536
2094 2256
2094 2320
2095 2325
2095 2421
2095 2435
2095 2545
2096 2135
2096 2249
2096 2252
2096 2536
2097 2304
2097 2577
2097 2585
2098 2329
2098 2465
2099 2292
2099 2293
2099 2314
2099 2326
2099 2473
2099 2500
2099 2518
2099 2531
2100 2155
2100 2292
2100 2299
2100 2427
2100 2432
2100 2507
2101 2109
2101 2110
2101 2132
2101 2150
2101 2158
2101 2313
2101 2325
2101 2369
2101 2468
2102 2107
2102 2149
2102 2174
2102 2180
2102 2231
2102 2348
2102 2364
2102 2369
2102 2375
2102 2379
2102 2416
2102 2479
2102 2484
2102 2498
2102 2514
2102 2515
2102 2521
2102 2543
2102 2565
2102 2574
2103 2120
2103 2144
2103 2287
2103 2328
2103 2391
2103 2397
2103 2408
2103 2427
2103 2445
2103 2453
2103 2534
2104 2132
2104 2253
2104 2259
2104 2396
2104 2426
2104 2534
2104 2563
2105 2106
2105 2170
2105 2250
2105 2294
2105 2309
2105 2355
2105 2360
2105 2419
2105 2475
2105 2534
2105 2544
2106 2168
2106 2209
2106 2288
2106 2359
2106 2360
2106 2400
2106 2419
2106 2425
2106 2433
2106 2435
2106 2497
2106 2559
2107 2119
2107 2126
2107 2164
2107 2231
2107 2416
2107 2558
2109 2144
2109 2180
2109 2287
2109 2325
2109 2328
2109 2337
2109 2347
2109 2427
2109 2475
2109 2536
2109 2579
2110 2119
2110 2230
2110 2385
2110 2418
2110 2442
2110 2478
2110 2520
2110 2579
2111 2129
2111 2207
2111 2237
2111 2304
2111 2322
2111 2410
2111 2412
2111 2452
2111 2469
2111 2472
2111 2586
2112 2135
2113 2152
2113 2180
2113 2209
2113 2226
2113 2258
2113 2289
2113 2314
2113 2346
2113 2359
2113 2360
2113 2369
2113 2370
2113 2400
2113 2421
2113 2498
2113 2555
2114 2304
2114 2396
2115 2269
2115 2396
2115 2403
2116 2184
2116 2236
2116 2444
2116 2452
2116 2577
2117 2189
2117 2218
2117 2238
2117 2334
2117 2385
2117 2450
2117 2461
2118 2247
2118 2255
2118 2383
2118 2395
2118 2426
2118 2440
2118 2513
2119 2158
2119 2212
2119 2230
2119 2246
2119 2247
2119 2269
2119 2287
2119 2328
2119 2354
2119 2517
2119 2520
2119 2579
2120 2287
2120 2397
2120 2408
2120 2418
2120 2429
2120 2445
2120 2446
2121 2122
2121 2395
2121 2529
2122 2156
2122 2183
2122 2318
2122 2380
2122 2440
2122 2452
2122 2455
2122 2524
2122 2539
2123 2297
2123 2423
2124 2204
2124 2276
2124 2285
2124 2305
2124 2475
2125 2293
2125 2382
2126 2186
2126 2196
2126 2231
2126 2249
2126 2375
2126 2389
2126 2414
2126 2423
2126 2554
2128 2499
2129 2251
2129 2319
2129 2351
2129 2434
2129 2464
2130 2473
2130 2568
2131 2191
2131 2492
2132 2177
2132 2221
2132 2300
2132 2444
2132 2482
2133 2404
2134 2160
2134 2165
2134 2424
2134 2444
2134 2560
2135 2330
2135 2507
2136 2137
2136 2161
2136 2163
2136 2195
2136 2197
2136 2352
2136 2387
2136 2399
2136 2584
2137 2438
2137 2457
2138 2452
2139 2196
2139 2269
2139 2312
2139 2353
2139 2399
2139 2403
2139 2421
2139 2449
2139 2531
2139 2544
2139 2549
2139 2574
2140 2170
2140 2272
2141 2263
2141 2266
2141 2325
2141 2331
2141 2374
2141 2382
2141 2435
2141 2460
2141 2545
2142 2188
2142 2278
2142 2457
2142 2568
2143 2431
2144 2180
2144 2328
2144 2369
2144 2427
2144 2514
2144 2515
2144 2579
2145 2205
2145 2281
2145 2318
2145 2468
2145 2528
2145 2545
2146 2445
2146 2460
2146 2557
2147 2157
2147 2160
2147 2223
2147 2272
2147 2306
2147 2367
2147 2387
2147 2396
2147 2542
2147 2566
2148 2202
2148 2248
2148 2320
2148 2339
2148 2401
2148 2410
2148 2440
2148 2495
2148 2531
2149 2344
2149 2364
2150 2318
2150 2325
2150 2491
2151 2465
2151 2553
2152 2210
2152 2250
2152 2337
2152 2346
2152 2355
2152 2367
2152 2430
2152 2508
2153 2155
2153 2174
2153 2256
2153 2265
2153 2280
2153 2297
2153 2397
2153 2420
2153 2432
2153 2445
2153 2482
2153 2543
2153 2544
2154 2348
2154 2498
2154 2544
2154 2549
2155 2231
2155 2278
2155 2416
2156 2183
2156 2196
2156 2353
2156 2463
2157 2160
2157 2171
2157 2187
2157 2193
2157 2206
2157 2223
2157 2241
2157 2306
2157 2483
2157 2560
2158 2161
2158 2163
2158 2282
2158 2331
2158 2355
2158 2376
2158 2382
2158 2387
2158 2430
2158 2520
2158 2534
2159 2253
2160 2223
2160 2259
2160 2334
2160 2358
2160 2508
2160 2529
2160 2551
2161 2279
2161 2283
2161 2328
2161 2341
2161 2343
2161 2399
2161 2408
2161 2481
2161 2486
2161 2536
2161 2552
2162 2196
2162 2286
2162 2364
2162 2399
2162 2403
2162 2428
2162 2524
2163 2253
2163 2279
2163 2282
2163 2283
2163 2328
2163 2341
2163 2343
2163 2399
2163 2408
2163 2481
2163 2486
2163 2543
2163 2552
2164 2211
2164 2297
2164 2343
2164 2350
2164 2391
2165 2171
2165 2223
2165 2272
2165 2424
2165 2488
2165 2542
2166 2205
2166 2226
2166 2317
2166 2580
2167 2299
2167 2434
2168 2173
2168 2238
2168 2274
2168 2323
2168 2360
2168 2362
2168 2370
2168 2425
2168 2439
2169 2312
2169 2403
2170 2179
2170 2433
2170 2510
2170 2534
2171 2187
2171 2241
2171 2259
2171 2367
2171 2559
2172 2189
2172 2213
2172 2232
2172 2244
2172 2270
2172 2512
2173 2314
2173 2354
2174 2185
2174 2202
2174 2247
2174 2423
2174 2449
2174 2481
2174 2567
2175 2347
2175 2397
2175 2408
2175 2441
2175 2473
2176 2438
2177 2232
2177 2300
2177 2408
2177 2465
2177 2477
2177 2527
2178 2308
2179 2184
2179 2367
2179 2371
2179 2408
2179 2515
2179 2566
2180 2250
2180 2289
2180 2309
2180 2313
2180 2369
2180 2478
2180 2490
2180 2514
2180 2515
2181 2289
2181 2309
2181 2388
2181 2453
2181 2555
2182 2270
2182 2282
2182 2512
2182 2547
2184 2323
2184 2370
2184 2532
2185 2249
2185 2350
2185 2536
2186 2190
2186 2191
2186 2207
2186 2282
2186 2305
2186 2443
2186 2452
2186 2550
2187 2316
2187 2586
2188 2251
2188 2567
2189 2238
2189 2374
2190 2247
2190 2273
2190 2493
2190 2574
2191 2280
2191 2282
2191 2304
2191 2420
2191 2495
2191 2505
2191 2558
2192 2266
2192 2316
2192 2435
2192 2473
2192 2495
2192 2508
2192 2573
2193 2239
2193 2458
2193 2488
2193 2526
2193 2538
2193 2559
2194 2198
2194 2464
2194 2465
2194 2469
2195 2197
2195 2284
2195 2316
2195 2350
2195 2469
2195 2580
2196 2197
2196 2255
2196 2295
2196 2335
2196 2351
2196 2353
2196 2356
2196 2449
2196 2456
2196 2463
2196 2476
2197 2295
2197 2352
2198 2278
2198 2464
2199 2285
2199 2391
2199 2404
2199 2500
2200 2256
2200 2332
2202 2449
2203 2483
2204 2305
2204 2368
2205 2209
2205 2331
2205 2370
2206 2238
2206 2241
2206 2272
2206 2378
2206 2394
2206 2424
2207 2229
2207 2290
2207 2304
2207 2336
2207 2354
2207 2410
2207 2412
2207 2452
2207 2486
2208 2217
2208 2305
2209 2210
2209 2213
2209 2226
2209 2288
2209 2289
2209 2359
2209 2360
2209 2370
2209 2400
2209 2415
2209 2421
2209 2433
2209 2459
2209 2538
2209 2555
2210 2213
2210 2327
2210 2331
2210 2418
2211 2343
2211 2401
2211 2513
2212 2240
2212 2327
2212 2347
2212 2382
2212 2488
2212 2520
2212 2579
2213 2415
2213 2418
2213 2478
2214 2215
2214 2216
2214 2556
2215 2280
2215 2417
2215 2457
2216 2304
2217 2305
2217 2556
2218 2222
2218 2334
2218 2461
2219 2284
2219 2295
2219 2351
2219 2353
2219 2511
2219 2539
2219 2549
2220 2357
2220 2432
2220 2446
2220 2492
2220 2549
2221 2235
2221 2439
2223 2259
2223 2376
2223 2478
2223 2529
2223 2562
2224 2232
2224 2244
2224 2376
2224 2387
2224 2424
2224 2490
2224 2562
2225 2283
2225 2348
2225 2416
2225 2487
2225 2517
2225 2553
2225 2578
2226 2359
2226 2360
2226 2370
2226 2468
2227 2252
2227 2384
2228 2315
2228 2363
2228 2387
2228 2483
2228 2487
2229 2237
2229 2344
2229 2412
2229 2438
2229 2585
2230 2287
2230 2382
2230 2427
2230 2520
2230 2579
2231 2423
2231 2498
2231 2537
2231 2553
2231 2558
2232 2368
2232 2494
2232 2501
2233 2264
2233 2276
2234 2244
2234 2448
2235 2319
2235 2371
2235 2496
2235 2501
2236 2452
2237 2384
2237 2392
2238 2334
2238 2360
2238 2373
2238 2394
2239 2538
2239 2562
2240 2311
2240 2373
2240 2385
2240 2459
2241 2272
2241 2306
2241 2394
2241 2559
2242 2381
2242 2421
2242 2510
2242 2532
2242 2547
2242 2562
2242 2572
2243 2371
2243 2385
2243 2527
2243 2529
2243 2551
2245 2358
2245 2381
2245 2451
2245 2527
2245 2570
2246 2247
2246 2523
2246 2574
2247 2248
2247 2277
2247 2367
2247 2380
2247 2436
2247 2440
2247 2488
2247 2505
2247 2517
2247 2519
2247 2560
2247 2579
2248 2299
2248 2440
2248 2517
2248 2556
2249 2339
2249 2389
2249 2449
2249 2544
2249 2573
2250 2309
2250 2385
2250 2559
2252 2384
2253 2266
2253 2397
2253 2399
2254 2434
2254 2455
2255 2353
2255 2437
2255 2519
2255 2523
2255 2586
2256 2440
2256 2455
2256 2573
2257 2264
2257 2267
2258 2313
2258 2346
2258 2369
2258 2376
2258 2460
2258 2514
2258 2515
2259 2267
2259 2293
2259 2396
2259 2547
2259 2551
2259 2563
2260 2570
2261 2268
2261 2294
2261 2324
2262 2462
2262 2466
2262 2541
2263 2266
2263 2448
2263 2468
2263 2525
2263 2528
2263 2534
2263 2579
2264 2267
2264 2292
2264 2393
2264 2470
2264 2482
2264 2547
2265 2581
2266 2398
2266 2435
2267 2411
2267 2522
2268 2324
2268 2430
2268 2435
2269 2383
2269 2426
2269 2543
2269 2553
2269 2557
2270 2458
2270 2496
2270 2512
2270 2547
2271 2411
2271 2461
2272 2277
2272 2306
2272 2382
2272 2424
2272 2500
2272 2557
2272 2559
2273 2342
2274 2323
2274 2345
2275 2342
2275 2437
2276 2358
2276 2386
2276 2534
2276 2579
2277 2282
2277 2336
2277 2350
2277 2464
2277 2574
2277 2578
2278 2352
2278 2470
2278 2581
2279 2283
2279 2341
2279 2486
2279 2536
2280 2282
2280 2339
2280 2420
2280 2544
2281 2384
2281 2576
2282 2420
2282 2491
2282 2553
2282 2558
2284 2295
2284 2456
2284 2463
2284 2466
2284 2539
2285 2305
2285 2327
2285 2475
2285 2551
2286 2329
2286 2335
2286 2336
2286 2356
2286 2550
2287 2328
2287 2388
2287 2408
2287 2427
2287 2445
2287 2453
2288 2360
2289 2313
2289 2314
2289 2364
2289 2400
2289 2498
2289 2516
2289 2553
2289 2555
2289 2557
2290 2348
2290 2503
2290 2537
2290 2553
2291 2365
2291 2489
2291 2533
2291 2546
2291 2569
2292 2367
2292 2406
2292 2430
2292 2468
2292 2500
2292 2547
2292 2551
2293 2468
2293 2500
2293 2508
2293 2525
2294 2582
2295 2322
2295 2353
2295 2364
2295 2384
2295 2456
2295 2511
2295 2530
2295 2539
2296 2336
2296 2375
2296 2543
2296 2550
2297 2554
2298 2509
2298 2557
2299 2380
2300 2407
2300 2577
2302 2500
2302 2545
2302 2547
2302 2551
2303 2349
2303 2426
2303 2574
2304 2305
2304 2329
2304 2333
2304 2524
2304 2558
2306 2387
2306 2407
2308 2567
2309 2355
2309 2419
2309 2544
2309 2579
2310 2464
2310 2576
2311 2365
2311 2374
2311 2527
2311 2546
2312 2326
2312 2531
2313 2346
2313 2369
2313 2453
2313 2514
2313 2555
2314 2359
2314 2370
2314 2382
2314 2498
2314 2516
2314 2557
2315 2460
2315 2487
2315 2559
2315 2560
2316 2414
2317 2468
2317 2580
2318 2468
2318 2500
2318 2508
2318 2545
2318 2560
2319 2431
2319 2457
2319 2470
2320 2327
2320 2479
2320 2481
2320 2482
2320 2536
2321 2422
2322 2354
2322 2385
2322 2410
2322 2412
2322 2472
2323 2345
2325 2331
2325 2488
2325 2585
2326 2359
2326 2403
2326 2416
2326 2426
2326 2440
2326 2492
2326 2531
2326 2552
2326 2574
2326 2585
2327 2397
2327 2429
2327 2488
2328 2445
2328 2579
2329 2397
2329 2465
2329 2470
2329 2506
2329 2552
2330 2341
2330 2565
2330 2581
2331 2335
2331 2346
2331 2355
2331 2374
2331 2430
2331 2433
2331 2435
2332 2354
2332 2503
2333 2513
2334 2406
2334 2542
2335 2336
2335 2341
2335 2364
2335 2405
2335 2410
2335 2414
2335 2531
2335 2549
2335 2554
2336 2364
2336 2414
2336 2443
2336 2456
2336 2531
2336 2554
2337 2370
2337 2388
2337 2391
2337 2453
2337 2490
2337 2516
2337 2576
2339 2401
2339 2440
2339 2573
2340 2405
2340 2457
2340 2527
2340 2546
2341 2383
2341 2487
2342 2379
2342 2484
2342 2536
2342 2578
2343 2344
2343 2364
2343 2420
2344 2420
2344 2550
2345 2450
2346 2369
2346 2370
2346 2460
2346 2514
2347 2382
2347 2442
2347 2520
2348 2375
2348 2379
2348 2498
2348 2574
2349 2380
2349 2524
2350 2354
2350 2455
2350 2550
2351 2353
2351 2354
2351 2476
2352 2354
2352 2405
2352 2438
2352 2469
2352 2552
2352 2581
2353 2456
2353 2463
2353 2539
2354 2410
2354 2412
2354 2550
2355 2364
2355 2426
2355 2430
2355 2515
2356 2521
2357 2447
2357 2492
2357 2505
2358 2407
2358 2486
2358 2527
2359 2360
2359 2400
2359 2421
2359 2459
2359 2496
2360 2364
2360 2370
2360 2400
2360 2419
2360 2421
2360 2430
2360 2433
2360 2459
2360 2497
2361 2362
2363 2482
2363 2560
2363 2585
2364 2401
2364 2498
2365 2529
2366 2489
2367 2415
2367 2430
2367 2557
2368 2471
2368 2494
2369 2400
2369 2514
2369 2515
2369 2516
2369 2555
2369 2557
2370 2394
2370 2555
2371 2450
2373 2385
2373 2522
2374 2445
2374 2458
2374 2459
2374 2522
2375 2379
2375 2479
2375 2481
2375 2498
2376 2397
2376 2415
2376 2445
2376 2461
2377 2583
2378 2458
2378 2490
2379 2416
2379 2484
2379 2498
2379 2518
2379 2574
2380 2410
2380 2524
2381 2424
2381 2510
2381 2562
2381 2570
2382 2385
2382 2387
2382 2388
2382 2419
2382 2451
2382 2491
2382 2520
2382 2566
2382 2579
2383 2454
2383 2487
2383 2523
2383 2574
2384 2452
2384 2573
2385 2459
2385 2555
2385 2569
2386 2563
2387 2388
2387 2389
2387 2478
2387 2520
2387 2553
2387 2566
2388 2442
2388 2446
2388 2453
2388 2516
2388 2562
2389 2475
2389 2582
2392 2395
2392 2443
2392 2504
2392 2556
2394 2514
2395 2476
2395 2521
2395 2578
2396 2426
2396 2479
2396 2495
2396 2563
2397 2418
2397 2429
2397 2436
2397 2453
2399 2543
2399 2578
2400 2555
2401 2513
2402 2524
2402 2531
2402 2565
2402 2574
2403 2492
2403 2531
2404 2475
2405 2452
2406 2532
2407 2510
2408 2418
2408 2429
2408 2442
2408 2445
2409 2439
2410 2412
2410 2452
2410 2472
2410 2524
2412 2452
2412 2472
2414 2553
2414 2558
2415 2418
2415 2419
2415 2421
2415 2478
2416 2420
2416 2543
2416 2585
2417 2507
2417 2535
2418 2421
2418 2442
2418 2471
2419 2435
2419 2520
2419 2562
2423 2432
2423 2440
2423 2492
2423 2584
2424 2490
2424 2510
2426 2553
2426 2558
2426 2574
2427 2475
2427 2522
2427 2534
2429 2448
2429 2475
2429 2536
2430 2468
2430 2515
2430 2553
2431 2496
2432 2440
2432 2476
2432 2479
2433 2435
2433 2555
2434 2464
2435 2545
2437 2456
2437 2499
2437 2521
2438 2499
2440 2521
2442 2448
2442 2478
2443 2476
2444 2483
2444 2577
2445 2446
2445 2566
2446 2448
2446 2483
2446 2551
2447 2485
2447 2492
2448 2451
2448 2528
2448 2564
2449 2491
2449 2521
2449 2549
2449 2554
2452 2503
2452 2524
2453 2505
2453 2516
2453 2555
2454 2486
2456 2504
2456 2521
2456 2554
2457 2530
2457 2541
2458 2490
2458 2568
2460 2487
2460 2538
2460 2560
2461 2578
2461 2586
2462 2465
2462 2527
2462 2529
2462 2546
2463 2554
2466 2578
2468 2508
2468 2525
2468 2545
2469 2527
2470 2523
2472 2586
2473 2478
2473 2529
2473 2545
2473 2573
2475 2579
2476 2538
2476 2544
2476 2575
2476 2578
2476 2586
2478 2483
2478 2532
2478 2557
2479 2481
2479 2528
2479 2534
2479 2536
2479 2543
2479 2544
2479 2550
2479 2574
2480 2483
2481 2528
2481 2534
2481 2544
2481 2553
2485 2548
2486 2487
2486 2495
2486 2536
2487 2498
2487 2560
2488 2490
2488 2557
2490 2491
2490 2560
2491 2515
2491 2520
2492 2513
2494 2571
2495 2529
2495 2531
2495 2573
2496 2504
2496 2561
2498 2516
2498 2555
2499 2553
2499 2556
2500 2525
2500 2531
2500 2538
2500 2545
2500 2560
2501 2522
2502 2578
2504 2548
2504 2561
2506 2552
2507 2546
2510 2562
2511 2539
2514 2515
2515 2516
2516 2555
2519 2581
2520 2522
2520 2579
2521 2554
2521 2565
2522 2534
2523 2559
2524 2578
2525 2538
2527 2529
2527 2547
2527 2551
2527 2570
2528 2534
2530 2540
2531 2536
2534 2544
2536 2537
2536 2543
2537 2558
2538 2585
2542 2585
2543 2544
2545 2551
2546 2561
2547 2551
2547 2585
2549 2554
2549 2576
2553 2556
2555 2557
2557 2559
2558 2581
2573 2576
2578 2586
2582 2585
