#num-nodes
1461
#num-links
3875
#links
0 574
0 596
0 606
0 813
0 995
0 997
0 1021
1 23
1 394
1 521
1 691
1 709
1 852
1 1001
1 1025
2 288
2 556
3 277
3 419
3 691
3 720
3 1208
4 27
5 139
5 303
5 416
5 512
5 645
5 663
5 959
6 8
6 110
6 211
6 273
6 412
6 484
6 546
6 741
7 201
7 526
8 65
8 110
8 431
8 607
8 629
8 686
8 696
8 741
8 867
8 977
10 103
10 156
10 264
10 285
10 321
10 493
10 977
11 79
11 145
11 826
11 948
12 222
12 349
12 758
13 223
13 547
13 778
13 900
13 908
13 948
13 999
14 275
14 549
14 604
14 815
14 916
14 917
15 170
15 857
17 209
17 283
17 612
17 722
17 768
17 923
17 1057
18 173
18 185
18 227
18 749
19 209
19 379
19 399
19 752
19 888
20 44
20 67
20 134
20 448
20 556
20 825
20 840
21 144
21 169
21 181
21 219
21 405
21 441
21 452
21 704
21 777
21 852
22 40
22 113
22 184
22 295
22 350
22 464
22 488
22 773
22 818
22 833
22 884
22 1031
23 153
24 83
24 540
25 27
25 51
25 52
25 259
25 362
25 530
25 569
25 600
25 660
25 857
25 921
25 968
25 977
26 118
26 125
26 347
26 359
26 527
26 625
26 713
26 748
26 781
26 796
27 362
27 479
27 497
28 130
28 318
28 320
28 417
28 702
28 727
28 882
28 972
29 31
29 254
29 719
30 739
30 794
30 810
30 993
31 281
31 418
31 998
32 242
32 461
32 725
32 847
32 946
32 1333
33 117
33 803
33 966
34 83
34 411
34 440
34 676
34 687
35 292
35 345
35 412
35 484
35 796
35 969
36 116
36 152
36 310
38 367
38 500
39 244
39 275
39 448
39 640
39 651
39 656
39 1020
40 246
40 774
41 120
41 153
41 638
41 1191
42 267
42 424
42 596
42 618
42 733
42 879
43 74
43 191
43 447
43 584
43 828
44 134
44 1047
45 48
45 614
45 989
46 194
46 251
46 316
46 608
46 850
46 1001
47 209
47 332
47 918
47 968
47 979
47 1023
48 171
48 784
48 879
48 986
49 90
49 146
49 320
49 357
49 427
49 452
49 704
49 751
49 882
49 991
50 119
50 364
50 696
51 72
51 259
51 331
51 340
51 372
51 466
51 569
51 692
51 938
52 259
52 280
52 331
52 466
52 489
52 673
53 284
53 458
53 579
53 595
53 912
54 144
54 147
54 172
54 174
54 330
54 353
54 355
54 377
54 578
54 785
54 859
55 88
55 400
55 540
55 853
55 1008
55 1021
55 1050
56 100
57 564
58 289
59 278
59 725
59 766
59 901
60 186
60 212
60 479
60 488
60 505
60 558
60 583
61 167
61 198
61 229
61 306
61 348
61 398
61 997
62 181
62 220
62 801
63 170
63 324
63 340
63 521
63 1005
64 182
64 200
64 470
64 608
64 805
65 110
65 372
65 445
65 607
66 68
66 119
66 288
66 290
66 362
66 531
66 857
66 986
66 1049
67 100
67 253
67 468
67 483
67 690
68 118
68 175
68 288
68 301
68 522
68 592
68 628
68 672
68 692
68 793
68 920
68 964
68 1046
70 187
70 363
70 508
70 571
70 626
70 739
70 810
70 993
71 208
71 254
71 441
71 450
71 507
71 743
71 769
72 592
72 730
73 134
73 491
73 585
73 1120
73 1204
73 1209
73 1255
74 121
74 447
74 584
74 690
74 726
74 827
74 828
74 930
75 151
75 173
75 614
75 722
75 728
75 795
75 867
75 989
76 673
76 767
77 502
77 625
78 326
78 782
78 805
78 821
78 1055
80 1050
81 320
81 518
81 688
81 929
81 943
82 240
82 825
82 878
82 888
83 117
83 138
83 525
83 643
83 847
83 1344
84 97
84 421
84 466
84 489
84 491
84 658
84 673
84 875
84 1246
85 97
85 224
85 316
85 536
85 875
86 325
86 480
86 529
88 191
88 716
88 930
88 1008
89 687
89 754
90 199
90 272
90 335
90 401
90 521
90 541
90 599
90 639
90 682
90 870
91 311
91 439
91 657
92 446
92 572
92 947
92 959
93 238
93 389
93 400
93 836
94 199
95 388
95 1018
96 384
96 578
96 623
96 730
96 982
97 421
97 658
97 761
97 875
98 107
98 229
98 312
98 346
98 364
98 369
98 445
98 473
98 562
98 667
98 844
98 917
98 965
99 903
99 911
100 468
100 690
100 900
102 191
102 268
102 633
102 772
102 1009
103 264
103 624
103 761
103 799
103 877
103 1028
104 243
104 391
104 646
105 501
105 642
105 823
106 212
106 651
106 654
107 224
107 312
107 562
108 329
108 482
108 502
108 533
108 600
108 983
108 1032
108 1059
109 311
109 1053
110 118
110 433
110 607
110 610
110 634
110 736
111 165
111 370
111 899
111 915
112 428
112 749
112 795
112 984
113 456
113 575
113 773
114 931
114 1044
114 1051
114 1257
115 193
115 357
115 462
115 628
115 671
115 685
115 801
115 907
115 961
116 130
116 152
116 248
116 414
116 427
116 432
116 450
116 471
116 518
116 702
116 743
116 746
116 769
116 882
116 893
117 385
117 630
117 675
117 709
117 788
117 971
118 317
118 331
118 569
118 592
118 628
118 740
119 362
119 372
119 672
119 980
119 1049
120 153
120 238
120 384
120 988
121 127
121 191
121 510
121 549
121 690
121 1131
122 303
122 774
122 974
123 800
124 225
124 851
125 408
125 678
125 713
125 748
125 972
126 324
126 435
126 539
126 571
126 599
126 665
127 191
127 251
127 788
127 930
128 419
128 587
128 709
128 790
129 182
129 258
129 467
129 756
129 807
130 318
130 320
130 432
130 450
130 507
130 518
130 882
130 929
130 939
130 972
131 218
131 346
131 473
131 667
131 740
131 794
131 844
131 884
132 321
133 373
133 680
133 744
133 925
134 190
134 491
134 497
134 585
134 591
134 593
134 664
134 1204
135 280
135 340
135 352
135 546
136 435
136 538
136 666
136 1022
136 1057
137 263
137 549
137 563
137 1001
138 211
138 242
138 1193
139 339
139 1044
139 1053
140 177
140 393
140 904
140 1044
141 183
141 404
141 434
141 557
141 559
141 877
142 790
142 835
142 901
143 926
144 169
144 219
144 269
144 339
144 441
144 777
145 859
145 948
146 161
146 704
146 745
146 966
147 197
147 556
147 916
147 1045
148 360
148 464
148 532
148 740
148 794
148 880
148 957
148 967
149 564
149 632
150 382
150 459
151 181
151 552
151 795
152 446
152 518
152 524
152 572
153 593
153 878
153 888
153 936
153 1043
154 203
154 401
154 541
154 670
154 870
155 462
155 781
156 295
156 464
156 523
156 667
156 818
156 833
156 1000
156 1013
157 200
157 325
157 807
157 821
157 966
158 164
158 299
158 325
158 367
158 422
158 500
158 551
158 695
158 741
158 898
158 1020
159 832
160 168
160 343
160 649
160 1043
161 171
161 649
161 821
161 910
162 280
162 364
162 376
162 445
162 533
162 625
162 854
162 872
162 1049
163 165
163 967
164 422
164 537
164 551
164 716
164 853
165 455
165 916
167 306
167 416
167 426
167 553
167 619
167 688
167 923
167 1003
167 1052
168 214
168 308
168 343
168 1030
169 408
169 452
169 865
170 189
170 357
171 450
171 506
171 661
171 727
171 742
172 205
172 274
172 521
172 649
172 703
172 785
172 859
172 960
172 994
173 227
173 749
174 280
174 301
174 331
174 798
174 938
175 573
175 638
175 912
176 271
176 538
176 639
176 652
176 923
176 1022
177 323
177 336
177 398
177 904
177 915
177 1043
178 254
178 406
178 414
178 577
178 823
178 962
178 996
179 305
179 582
179 901
180 919
180 1012
181 219
181 452
181 704
181 777
182 305
182 631
183 511
183 546
183 768
183 964
184 350
184 464
184 818
184 833
184 855
184 881
184 884
184 1016
185 227
185 449
185 661
186 281
186 334
186 453
186 719
187 508
187 551
187 560
187 571
187 626
187 1027
188 217
188 622
189 347
189 634
189 685
189 727
189 744
189 801
190 334
190 604
190 655
190 664
191 584
192 710
192 789
193 196
193 357
193 404
193 768
193 835
193 907
194 514
194 707
194 817
194 835
194 941
195 515
196 201
196 242
196 461
196 589
196 707
196 847
196 1193
197 556
197 751
197 776
197 937
197 1045
198 416
198 417
198 577
198 645
198 763
198 882
199 205
199 241
199 248
199 443
199 541
199 599
199 823
199 870
199 959
200 337
200 470
200 640
200 741
200 760
200 786
200 807
200 821
200 880
200 960
201 526
201 720
201 816
201 847
203 241
203 327
203 401
203 519
203 541
203 635
203 663
205 248
205 318
205 348
205 351
205 463
206 646
206 771
207 326
207 669
207 731
207 1407
208 441
208 452
208 507
208 518
208 641
208 666
208 743
208 769
208 865
209 319
209 521
209 540
209 591
209 859
209 864
210 851
211 273
211 354
211 392
211 405
211 484
211 545
211 718
211 851
211 983
212 281
212 306
212 558
212 719
212 828
212 916
213 851
214 299
214 386
214 468
214 556
214 591
214 774
214 863
214 967
215 832
216 608
217 622
217 712
218 285
218 291
218 346
218 464
218 570
218 667
218 873
218 884
219 320
219 395
219 704
219 777
220 358
220 448
220 452
220 647
220 774
220 795
220 944
220 954
222 369
222 667
222 1059
223 778
223 908
223 988
223 999
224 534
224 562
224 968
225 372
225 466
225 503
225 569
225 840
225 944
225 971
226 477
226 525
228 324
228 623
228 896
228 911
229 415
229 917
229 965
230 1029
231 314
231 956
232 419
232 1019
232 1026
232 1029
233 428
233 826
233 984
233 997
234 985
235 352
235 897
235 957
236 629
237 290
237 324
237 539
238 442
238 623
238 694
239 272
239 451
239 746
241 272
241 401
241 541
241 599
241 635
241 652
241 870
242 297
242 566
242 675
242 711
242 740
242 803
242 835
243 928
244 578
244 640
244 797
244 842
244 916
244 982
246 348
246 680
246 893
246 984
246 997
248 348
248 416
248 443
248 763
248 996
250 265
250 353
250 892
251 447
252 478
252 568
252 647
252 843
252 910
252 943
252 966
253 578
253 731
253 797
253 842
253 848
253 849
254 577
254 763
254 823
254 870
254 985
254 988
254 991
255 555
257 535
258 344
258 516
258 989
259 372
259 433
259 545
259 927
259 987
259 1046
260 500
260 555
260 573
260 631
260 697
260 826
260 912
260 936
261 815
262 655
263 436
263 439
263 601
263 816
263 849
263 850
263 878
263 1001
264 285
264 602
264 658
264 715
264 833
264 917
264 1243
265 321
265 487
265 843
265 892
265 988
266 333
266 526
266 737
266 1033
267 292
267 345
267 408
267 412
267 546
267 607
267 733
267 740
267 748
267 796
267 830
267 968
267 980
268 896
269 303
269 379
269 465
269 668
269 780
269 861
269 1010
270 314
270 494
270 543
270 728
270 861
271 460
271 538
271 1022
272 401
272 519
272 541
272 635
272 663
272 923
272 991
273 545
273 633
273 879
273 969
274 664
275 326
275 460
275 549
275 640
276 409
276 581
276 588
277 816
278 911
280 466
280 673
280 798
281 558
281 767
281 1020
283 314
283 494
283 722
283 796
283 956
284 458
284 595
284 1052
284 1057
285 346
285 592
285 628
285 715
285 740
285 855
286 391
286 419
286 928
286 1037
288 362
288 364
288 390
288 531
288 580
288 857
288 1049
289 378
289 385
289 394
289 437
289 895
290 324
290 505
290 539
290 915
290 1012
291 368
291 369
291 473
291 878
291 946
292 484
292 530
292 545
292 546
292 552
292 748
293 348
293 395
293 427
293 649
293 745
293 774
293 787
293 924
293 952
294 356
295 464
295 523
295 855
297 567
297 654
297 895
298 398
298 549
299 325
299 363
299 367
299 551
299 695
299 741
300 428
300 695
300 822
300 954
301 390
301 496
301 793
301 798
302 352
302 442
302 699
303 306
303 379
303 401
303 414
303 416
303 501
303 553
303 861
303 991
304 315
304 420
304 423
304 478
304 642
305 321
305 671
305 1059
306 335
306 379
306 401
306 599
306 661
306 663
306 866
308 942
309 398
309 422
309 568
309 824
309 898
309 1004
310 405
310 1006
311 560
312 496
312 854
313 730
313 1042
314 338
316 416
316 445
316 455
316 619
316 727
316 988
316 1056
318 432
318 450
318 518
318 702
318 705
318 929
319 540
319 795
320 427
320 432
320 972
321 386
321 491
321 498
321 573
321 765
321 789
321 809
321 877
322 384
322 542
322 1020
323 398
323 568
323 824
323 828
324 539
324 1005
324 1012
325 367
325 414
325 708
325 821
325 1007
326 409
326 425
326 734
326 1045
327 401
327 635
327 682
327 884
327 991
327 996
328 739
328 810
328 884
328 993
329 504
329 529
329 874
329 1032
330 423
330 578
330 874
331 564
331 971
332 619
332 637
332 688
332 923
332 1052
333 737
333 1033
334 342
334 497
334 593
334 1024
335 379
335 541
336 399
336 829
336 904
336 974
336 997
337 455
337 556
337 752
337 888
338 750
339 355
339 430
339 443
339 465
339 959
339 1294
340 521
340 534
340 569
340 927
341 1015
342 490
342 497
342 1042
343 454
343 910
343 926
344 399
344 516
344 954
344 989
345 487
345 796
345 851
345 1023
346 493
347 550
347 867
348 680
349 384
349 404
349 625
349 758
349 1042
350 488
350 539
350 794
350 810
350 818
350 833
350 855
350 884
351 472
351 588
351 722
351 923
351 959
352 490
352 549
352 604
352 690
352 1059
353 358
353 686
353 729
353 734
353 787
353 843
353 888
353 949
353 1043
354 412
354 484
354 748
354 857
354 1023
355 1043
356 439
356 613
356 675
356 766
356 788
356 951
357 475
357 807
358 430
358 448
358 484
358 777
359 527
359 781
360 794
360 897
360 957
360 990
360 1053
361 723
362 364
362 580
362 857
362 1049
363 510
363 551
363 553
363 695
363 993
364 405
364 445
364 502
364 579
364 580
364 799
365 927
366 419
367 791
367 832
367 970
368 369
368 370
368 425
368 667
368 758
368 946
369 464
369 532
369 667
370 425
370 740
370 844
370 912
370 1031
371 409
371 573
371 650
371 794
371 844
371 846
371 884
372 487
372 610
372 968
372 1046
372 1296
373 449
373 680
373 779
373 925
374 381
374 479
374 535
374 658
374 755
374 963
375 381
375 1248
376 445
376 533
376 762
376 763
376 922
377 490
378 693
380 693
381 535
381 638
381 1248
382 674
382 677
382 691
382 871
384 615
384 687
384 730
384 835
385 707
386 574
386 586
388 697
388 703
388 785
388 849
388 1018
389 984
390 761
390 1049
391 400
391 686
391 835
391 931
391 1208
391 1234
392 407
392 475
392 875
392 983
392 988
393 994
394 437
394 490
394 651
394 820
395 441
395 649
395 736
395 950
396 619
396 637
396 656
396 829
396 956
396 1020
396 1057
397 544
397 674
397 712
397 895
397 1037
398 626
398 824
398 1053
399 406
399 746
399 796
399 864
399 931
400 989
400 1050
401 414
401 519
401 541
401 635
401 652
401 663
401 870
402 729
404 654
404 768
404 781
405 678
405 736
405 843
406 414
406 577
406 599
406 746
406 823
406 962
406 972
407 864
408 412
408 647
408 713
408 748
408 795
409 548
409 866
409 957
409 1265
410 419
410 493
411 676
411 687
412 484
412 546
412 552
412 607
412 649
412 686
412 713
412 748
414 746
414 823
414 962
415 921
416 763
417 727
418 841
419 587
419 709
420 427
420 478
420 649
420 757
420 1031
421 491
422 695
422 824
422 880
424 643
424 789
424 801
424 867
425 650
426 546
426 607
426 629
426 713
426 733
426 748
426 851
427 446
427 564
427 642
427 649
427 741
427 745
428 864
428 961
428 984
428 1050
429 605
429 915
429 1030
429 1044
430 443
430 959
431 509
431 546
431 559
432 450
432 518
432 702
432 882
432 929
432 1459
433 658
433 843
433 927
435 538
435 1022
436 563
436 790
436 850
436 878
437 564
437 878
437 953
437 1000
438 499
438 876
438 940
438 1007
439 613
439 615
439 657
439 997
439 1037
440 920
441 507
441 641
441 666
441 743
441 769
441 777
441 865
442 807
443 599
443 639
443 823
443 959
444 532
444 1013
444 1034
445 533
445 872
446 507
446 823
446 1041
447 495
447 584
447 828
448 647
448 703
448 774
448 787
448 852
448 924
448 954
448 1045
449 605
449 978
450 507
450 518
450 594
450 702
450 705
450 769
450 822
450 910
450 924
450 929
451 519
452 641
452 704
452 777
453 593
453 719
453 1038
454 488
454 505
454 581
454 841
454 856
454 863
454 957
454 967
455 664
455 888
456 581
456 863
457 936
457 1017
457 1045
458 595
459 838
461 566
461 567
461 725
461 819
461 835
461 913
462 482
462 502
462 536
462 600
462 749
463 645
463 652
464 570
464 773
464 818
464 855
464 884
464 1031
465 668
465 959
465 1010
466 673
467 573
467 782
467 826
468 690
468 967
470 608
470 786
470 880
471 667
471 972
471 1058
472 684
472 731
472 834
472 899
472 923
472 956
472 1052
473 598
473 602
473 625
473 731
473 798
475 555
475 559
475 662
475 671
475 697
475 758
475 864
475 911
476 632
476 858
477 711
477 733
478 570
478 647
478 843
478 886
478 943
478 966
478 1041
479 505
479 937
480 827
481 669
481 731
481 1393
482 502
482 573
482 647
482 661
482 787
483 664
483 960
484 530
484 546
484 748
484 844
485 1014
485 1021
486 513
486 517
486 755
486 780
486 1014
487 610
487 844
487 978
487 1046
488 505
488 570
488 583
488 1034
489 566
489 761
489 1028
490 546
490 810
491 585
491 669
491 917
492 499
494 728
495 618
495 768
495 872
495 1007
496 515
496 965
496 988
499 501
499 679
499 719
499 876
499 897
499 940
499 957
499 1007
499 1042
500 970
501 679
501 876
501 940
502 968
502 1032
503 703
503 840
503 944
503 978
503 1043
503 1046
503 1047
503 1048
504 529
504 852
504 874
504 1059
505 558
505 881
507 666
507 743
507 769
507 865
508 626
508 810
508 993
509 526
509 1153
510 532
510 584
511 742
511 748
511 918
511 934
511 979
511 1023
512 568
512 645
512 746
513 517
513 763
513 795
513 829
513 959
514 714
514 817
514 1193
515 547
516 633
516 989
516 1006
518 688
518 702
518 865
518 929
519 612
519 670
520 793
521 859
521 972
523 539
523 651
523 818
523 1013
524 603
524 1050
525 715
525 803
525 1040
526 737
526 847
526 1033
527 781
528 553
529 734
530 546
530 748
530 872
533 626
533 673
533 696
533 941
534 683
534 692
534 872
534 1039
535 706
535 834
535 856
536 839
536 844
536 851
536 906
536 920
536 1433
537 1027
538 923
538 1022
539 811
539 866
539 1012
539 1030
540 866
540 1004
540 1008
540 1050
541 612
541 635
541 670
541 870
542 764
542 767
543 728
544 644
544 712
544 1037
545 556
545 714
545 799
545 856
545 872
545 927
546 607
546 629
546 713
546 733
546 748
546 927
547 550
547 552
547 921
548 772
548 855
548 1009
549 604
549 699
549 815
549 916
551 695
552 748
552 922
552 934
553 652
553 663
553 739
553 1041
555 631
555 697
555 760
555 907
556 729
556 967
556 1045
557 1036
558 767
558 903
559 696
559 1012
560 605
560 1030
562 917
563 768
563 789
563 850
563 901
563 1312
564 674
564 688
564 691
564 871
564 895
564 1019
565 660
566 789
566 850
566 875
566 1190
568 749
568 824
570 773
570 881
570 884
571 626
571 637
571 802
571 1004
572 959
573 591
573 814
573 884
573 1017
574 579
574 1021
576 802
576 898
577 962
577 972
578 640
578 842
578 982
579 580
579 826
579 910
579 1021
580 592
580 857
581 967
582 1014
584 828
585 735
585 833
586 703
586 826
587 709
588 855
589 913
590 881
591 697
591 825
591 842
593 1038
596 813
596 995
596 1057
597 791
598 602
598 740
598 1011
599 639
599 663
600 1032
601 615
602 844
602 875
602 1011
603 718
603 839
603 918
603 954
603 1010
604 664
604 690
604 738
604 978
605 915
605 1030
606 749
606 995
607 713
607 733
607 851
607 867
607 1023
610 969
612 635
612 670
612 870
612 959
613 725
614 879
614 989
615 730
615 799
616 854
617 721
617 783
618 733
618 922
619 656
619 663
619 688
619 923
619 1052
619 1057
621 847
623 671
623 936
624 688
624 919
625 778
625 801
625 862
625 1032
626 802
628 907
628 1021
629 689
629 742
629 762
630 1257
631 678
631 697
632 914
633 879
633 918
633 955
633 979
634 733
635 652
635 670
635 870
636 684
636 834
636 859
638 992
639 663
639 870
640 916
641 705
642 647
642 728
642 787
643 928
644 816
645 680
646 1119
646 1234
647 774
647 787
647 852
647 924
649 745
649 843
650 846
651 869
651 998
651 1057
652 663
653 1040
654 733
654 740
654 762
654 764
654 1040
655 792
655 1023
656 717
656 829
656 830
656 956
656 1020
656 1042
658 761
658 857
658 875
660 936
661 908
662 856
663 870
666 769
666 865
666 1057
667 794
667 846
667 856
668 780
668 795
668 861
668 1010
669 833
670 682
671 1035
674 691
674 693
674 871
674 905
675 803
675 941
675 1193
675 1230
676 907
677 691
677 693
678 830
679 940
679 1007
680 779
680 829
680 910
680 984
681 697
681 859
681 1017
682 870
682 923
683 692
683 1039
683 1049
684 834
684 859
684 963
684 1054
685 955
685 961
686 688
686 757
686 768
686 923
686 1059
687 730
688 923
688 1052
689 1018
689 1076
691 871
691 895
692 1011
692 1039
693 708
694 868
695 898
695 933
695 1021
695 1027
696 902
696 917
697 814
697 1381
701 1014
702 705
702 743
702 929
703 840
703 859
703 978
704 777
705 763
705 929
708 721
709 747
709 790
711 845
711 847
711 1230
712 914
712 1037
713 748
713 796
713 851
715 737
715 877
717 866
717 1020
718 1010
719 864
719 1042
720 1024
721 816
722 991
723 945
723 1373
725 788
725 847
725 1024
727 745
728 933
729 843
729 949
729 1045
730 1042
731 809
731 815
732 851
733 742
733 851
733 980
734 782
734 1031
736 843
737 951
737 1033
738 1045
739 810
739 993
740 833
740 844
740 1040
742 865
742 918
742 979
743 769
743 865
744 925
745 961
746 823
747 1001
749 905
749 984
750 1012
751 1043
752 888
752 1055
755 1004
755 1014
755 1053
757 882
757 974
760 807
762 922
763 923
766 886
766 1208
768 906
771 847
772 1009
773 883
773 1013
774 924
774 952
774 954
775 873
776 889
778 908
778 999
778 1028
779 910
779 925
779 984
780 861
780 952
782 909
782 1055
784 906
785 825
786 880
787 888
787 924
787 952
788 902
791 890
791 985
792 829
792 897
792 978
792 997
792 1050
792 1053
793 877
793 892
793 930
793 1271
794 884
794 993
794 1031
796 969
798 999
799 817
801 862
801 927
802 962
802 1317
806 898
807 821
807 1338
810 993
811 866
811 1012
812 827
813 995
813 1021
815 916
815 1018
818 855
818 884
819 1046
821 966
822 864
823 996
825 960
827 930
828 939
828 1027
829 830
829 1052
829 1057
830 955
830 1052
830 1056
830 1057
834 859
834 1027
834 1054
835 848
835 941
839 1010
840 944
840 949
840 1043
841 926
843 949
844 875
846 925
847 1024
848 878
848 945
849 931
849 950
850 878
850 931
850 1019
851 867
851 879
851 1056
852 924
853 930
854 921
857 983
857 999
858 1037
859 864
859 948
859 992
863 967
863 1031
864 984
864 1056
869 896
873 915
873 1047
873 1048
876 1007
878 931
881 915
881 1016
884 1009
884 1011
884 1031
888 1055
889 921
890 898
892 917
892 969
892 1045
894 896
894 962
895 1037
895 1060
896 983
897 957
900 916
901 945
901 1029
902 1024
903 911
904 1044
906 908
907 1028
908 921
908 999
910 943
915 1005
915 1030
915 1049
917 927
918 934
918 955
918 979
918 1023
918 1069
918 1109
919 1012
920 971
923 1349
924 952
929 972
934 979
934 1023
937 1004
937 1038
938 987
938 1046
938 1249
940 1031
940 1042
941 946
944 1043
948 954
951 971
952 1338
954 961
955 1147
955 1359
956 961
958 1054
959 996
959 1057
961 984
962 1005
962 1030
963 1014
963 1054
966 1041
971 1206
974 995
974 1003
974 1053
976 1010
976 1169
978 997
979 1023
986 1039
987 1043
987 1046
987 1142
992 1020
995 1021
996 997
1005 1030
1011 1039
1019 1026
1019 1029
1023 1296
1024 1237
1026 1029
1028 1056
1030 1044
1031 1034
1032 1056
1033 1257
1052 1057
1060 1141
1060 1187
1061 1092
1061 1095
1061 1164
1061 1201
1061 1265
1061 1312
1061 1432
1061 1441
1062 1119
1062 1208
1063 1071
1063 1097
1063 1142
1063 1147
1063 1160
1063 1300
1063 1343
1063 1361
1063 1388
1063 1390
1063 1401
1063 1458
1064 1067
1064 1352
1064 1355
1064 1439
1065 1091
1066 1074
1066 1081
1066 1084
1066 1184
1066 1202
1066 1296
1066 1310
1066 1359
1067 1105
1067 1117
1067 1125
1067 1182
1067 1198
1067 1208
1067 1342
1067 1344
1067 1448
1068 1198
1068 1342
1068 1388
1069 1072
1069 1075
1069 1082
1069 1109
1069 1211
1069 1253
1069 1328
1069 1331
1069 1384
1069 1434
1070 1092
1070 1330
1071 1082
1071 1085
1071 1328
1071 1331
1071 1387
1071 1433
1072 1075
1072 1082
1072 1211
1072 1253
1072 1328
1072 1331
1073 1105
1073 1182
1073 1289
1073 1344
1073 1352
1073 1370
1073 1373
1073 1437
1074 1081
1074 1088
1074 1109
1074 1150
1074 1184
1074 1202
1074 1225
1074 1262
1074 1296
1074 1310
1074 1329
1074 1354
1074 1376
1074 1381
1074 1390
1074 1452
1075 1082
1075 1093
1075 1253
1075 1328
1075 1403
1075 1433
1075 1440
1075 1449
1076 1157
1076 1270
1076 1288
1076 1301
1076 1318
1076 1321
1076 1327
1076 1398
1076 1423
1076 1455
1077 1293
1077 1414
1078 1137
1079 1182
1079 1254
1079 1264
1079 1348
1080 1193
1080 1228
1080 1233
1080 1325
1081 1084
1081 1088
1081 1202
1081 1265
1081 1292
1081 1296
1081 1297
1081 1354
1082 1218
1082 1259
1082 1434
1082 1454
1083 1113
1083 1189
1083 1203
1083 1312
1083 1332
1083 1357
1083 1382
1083 1404
1084 1088
1084 1107
1084 1188
1084 1292
1084 1296
1084 1354
1084 1359
1084 1443
1085 1115
1085 1198
1085 1207
1085 1363
1085 1399
1085 1448
1085 1456
1086 1104
1086 1126
1086 1183
1086 1412
1086 1428
1086 1447
1087 1220
1087 1259
1087 1353
1087 1454
1088 1147
1088 1188
1088 1202
1088 1291
1088 1292
1088 1296
1088 1297
1088 1354
1088 1443
1089 1227
1089 1232
1089 1347
1089 1351
1090 1229
1090 1294
1090 1304
1090 1387
1090 1406
1090 1412
1090 1440
1090 1449
1091 1125
1091 1229
1091 1289
1091 1290
1091 1344
1091 1352
1091 1408
1092 1155
1092 1164
1092 1201
1092 1246
1092 1250
1092 1343
1092 1358
1092 1379
1092 1385
1092 1417
1092 1432
1092 1441
1093 1127
1093 1147
1093 1188
1093 1219
1093 1318
1093 1338
1093 1407
1094 1152
1094 1241
1094 1253
1094 1287
1094 1290
1094 1293
1094 1413
1095 1106
1095 1164
1095 1201
1095 1358
1095 1379
1096 1457
1097 1146
1097 1216
1097 1320
1097 1323
1097 1333
1097 1336
1098 1151
1098 1304
1098 1306
1098 1307
1098 1434
1099 1324
1100 1190
1100 1202
1100 1278
1100 1314
1100 1338
1100 1349
1101 1349
1101 1377
1102 1203
1102 1266
1102 1383
1102 1405
1103 1136
1103 1211
1103 1214
1103 1276
1103 1304
1103 1322
1103 1335
1103 1357
1103 1406
1103 1449
1104 1153
1104 1210
1104 1275
1105 1116
1105 1229
1105 1237
1105 1340
1105 1355
1105 1448
1106 1131
1106 1246
1106 1385
1106 1412
1106 1417
1107 1114
1107 1151
1107 1176
1107 1184
1107 1326
1107 1336
1107 1429
1108 1221
1109 1136
1109 1147
1109 1196
1109 1297
1109 1416
1109 1446
1109 1455
1111 1307
1112 1235
1112 1405
1113 1240
1113 1312
1113 1357
1113 1382
1114 1196
1114 1422
1115 1163
1115 1216
1115 1295
1115 1372
1115 1397
1115 1422
1116 1125
1116 1139
1116 1342
1118 1346
1118 1412
1118 1434
1119 1123
1119 1208
1119 1234
1119 1422
1120 1173
1120 1204
1120 1255
1120 1294
1121 1238
1121 1249
1121 1254
1121 1408
1122 1212
1122 1350
1122 1380
1123 1169
1123 1187
1123 1193
1123 1315
1123 1320
1123 1323
1123 1333
1123 1372
1125 1135
1125 1137
1125 1139
1125 1182
1125 1192
1125 1226
1125 1237
1125 1289
1125 1326
1125 1340
1125 1342
1125 1344
1125 1363
1125 1370
1126 1157
1126 1180
1126 1183
1126 1280
1126 1288
1126 1298
1126 1303
1126 1349
1126 1394
1126 1398
1126 1423
1127 1219
1127 1407
1127 1426
1130 1172
1130 1335
1130 1375
1130 1453
1130 1457
1131 1147
1131 1177
1131 1225
1131 1271
1131 1301
1131 1367
1131 1381
1131 1441
1133 1188
1133 1212
1133 1231
1133 1268
1133 1358
1134 1158
1134 1168
1134 1216
1134 1268
1134 1333
1134 1422
1134 1450
1135 1192
1135 1207
1135 1333
1135 1395
1136 1182
1136 1203
1136 1229
1136 1262
1136 1307
1136 1317
1136 1416
1136 1435
1136 1446
1137 1187
1137 1226
1137 1237
1137 1281
1137 1295
1138 1162
1139 1238
1139 1388
1140 1162
1140 1255
1140 1373
1140 1401
1141 1336
1142 1300
1142 1338
1142 1401
1143 1210
1143 1275
1143 1286
1143 1413
1144 1206
1145 1408
1146 1163
1146 1341
1146 1361
1147 1160
1147 1181
1147 1209
1147 1262
1147 1265
1147 1301
1147 1302
1147 1345
1147 1390
1147 1401
1147 1407
1148 1176
1148 1244
1148 1304
1148 1406
1148 1435
1148 1440
1149 1290
1149 1311
1149 1374
1150 1185
1150 1205
1150 1275
1150 1297
1150 1310
1150 1329
1150 1354
1150 1376
1150 1381
1150 1410
1150 1452
1151 1176
1151 1182
1151 1225
1151 1268
1151 1304
1151 1306
1151 1346
1151 1380
1151 1429
1151 1434
1152 1235
1152 1328
1152 1388
1153 1158
1153 1280
1153 1299
1153 1370
1153 1447
1153 1456
1154 1191
1155 1350
1155 1409
1155 1417
1155 1441
1156 1370
1157 1176
1157 1288
1157 1303
1157 1318
1157 1321
1157 1398
1157 1415
1157 1423
1157 1429
1158 1168
1159 1343
1159 1422
1160 1247
1160 1301
1160 1338
1160 1345
1160 1390
1160 1443
1161 1185
1161 1225
1161 1261
1161 1297
1161 1354
1161 1412
1161 1430
1161 1459
1162 1170
1162 1217
1162 1274
1162 1365
1163 1168
1163 1187
1163 1216
1163 1333
1164 1201
1164 1358
1164 1360
1164 1367
1164 1379
1164 1432
1164 1441
1165 1246
1165 1250
1165 1407
1165 1441
1166 1235
1166 1238
1166 1342
1166 1388
1166 1433
1167 1185
1167 1227
1167 1358
1167 1380
1167 1432
1168 1451
1169 1196
1169 1231
1169 1452
1170 1217
1171 1410
1172 1346
1172 1375
1173 1203
1173 1220
1173 1290
1173 1308
1173 1433
1174 1368
1174 1412
1174 1440
1174 1452
1175 1238
1176 1231
1176 1272
1176 1303
1176 1326
1176 1380
1176 1423
1176 1429
1177 1228
1177 1250
1177 1256
1177 1280
1177 1318
1177 1335
1177 1351
1177 1447
1178 1348
1178 1365
1179 1182
1179 1215
1179 1245
1179 1362
1179 1375
1180 1183
1180 1298
1180 1303
1180 1366
1180 1394
1180 1398
1180 1423
1181 1223
1181 1267
1181 1271
1181 1283
1181 1300
1181 1318
1181 1398
1181 1458
1182 1333
1182 1422
1182 1448
1182 1450
1183 1298
1183 1303
1184 1310
1184 1329
1184 1354
1184 1359
1184 1436
1185 1213
1185 1231
1185 1254
1185 1274
1185 1290
1185 1299
1185 1380
1185 1412
1185 1430
1186 1434
1187 1226
1187 1315
1188 1209
1188 1223
1188 1244
1188 1269
1188 1270
1188 1390
1188 1400
1189 1252
1189 1317
1189 1348
1189 1357
1189 1382
1190 1325
1190 1336
1190 1450
1191 1322
1191 1346
1192 1229
1192 1346
1192 1370
1193 1195
1193 1325
1193 1450
1194 1217
1194 1274
1195 1315
1195 1422
1195 1426
1196 1231
1196 1261
1196 1265
1196 1329
1196 1377
1196 1452
1197 1260
1197 1279
1197 1307
1197 1357
1197 1368
1197 1405
1197 1440
1198 1237
1198 1355
1198 1370
1198 1448
1199 1262
1199 1308
1199 1353
1199 1431
1201 1358
1201 1379
1201 1402
1201 1432
1201 1441
1202 1263
1202 1292
1202 1296
1202 1297
1202 1310
1202 1314
1202 1329
1202 1343
1202 1354
1202 1376
1203 1255
1203 1266
1203 1304
1203 1312
1203 1383
1203 1406
1203 1443
1204 1209
1204 1274
1204 1319
1204 1457
1205 1368
1207 1266
1207 1448
1207 1456
1208 1234
1208 1289
1208 1340
1208 1344
1208 1352
1208 1355
1208 1422
1209 1366
1209 1378
1210 1413
1211 1244
1211 1279
1211 1294
1211 1313
1211 1328
1211 1331
1211 1339
1211 1386
1211 1402
1211 1406
1211 1433
1212 1231
1212 1268
1212 1343
1213 1241
1213 1409
1213 1415
1214 1322
1214 1335
1215 1277
1215 1319
1215 1348
1215 1404
1216 1281
1216 1320
1216 1323
1216 1372
1216 1422
1216 1450
1217 1325
1217 1375
1218 1294
1218 1328
1218 1331
1218 1387
1218 1433
1219 1426
1220 1259
1220 1319
1220 1353
1220 1454
1222 1239
1222 1259
1222 1453
1223 1232
1223 1267
1223 1283
1223 1351
1223 1390
1223 1412
1223 1429
1223 1444
1223 1458
1223 1459
1224 1238
1224 1277
1224 1319
1224 1350
1224 1404
1224 1408
1224 1454
1224 1457
1225 1270
1225 1296
1225 1297
1225 1310
1225 1354
1225 1376
1225 1381
1227 1272
1227 1350
1228 1280
1228 1379
1228 1381
1228 1447
1229 1363
1229 1370
1229 1389
1229 1456
1230 1323
1230 1333
1230 1422
1230 1450
1231 1268
1231 1380
1231 1452
1233 1276
1233 1349
1234 1327
1234 1422
1235 1238
1235 1241
1235 1449
1238 1277
1238 1299
1238 1346
1238 1350
1238 1365
1238 1408
1239 1259
1239 1311
1239 1453
1240 1391
1241 1290
1242 1311
1242 1312
1243 1309
1243 1367
1244 1260
1244 1264
1244 1313
1244 1328
1244 1331
1244 1387
1244 1433
1244 1436
1245 1393
1245 1438
1246 1266
1246 1367
1246 1402
1246 1441
1247 1269
1247 1301
1247 1361
1247 1439
1248 1330
1249 1348
1250 1367
1250 1379
1250 1417
1250 1441
1251 1330
1252 1332
1253 1392
1254 1326
1254 1329
1254 1380
1258 1310
1258 1359
1258 1450
1259 1353
1259 1375
1259 1454
1260 1313
1260 1347
1260 1384
1261 1265
1261 1267
1261 1271
1261 1283
1261 1459
1262 1317
1262 1416
1263 1284
1263 1288
1263 1309
1263 1313
1263 1314
1263 1427
1264 1371
1264 1384
1264 1387
1265 1316
1266 1277
1266 1383
1266 1386
1266 1393
1267 1271
1267 1283
1267 1318
1267 1430
1267 1439
1267 1459
1269 1380
1269 1390
1269 1412
1270 1305
1270 1318
1270 1321
1270 1376
1271 1300
1271 1439
1272 1361
1273 1292
1273 1301
1273 1378
1273 1424
1273 1430
1273 1459
1274 1337
1275 1302
1275 1329
1275 1361
1275 1377
1275 1410
1275 1424
1276 1309
1276 1318
1276 1366
1276 1417
1276 1423
1277 1346
1277 1404
1279 1362
1280 1292
1280 1303
1280 1318
1280 1349
1280 1366
1280 1398
1280 1447
1281 1295
1281 1315
1281 1372
1281 1422
1281 1429
1283 1444
1284 1309
1284 1350
1284 1417
1284 1441
1286 1343
1288 1303
1288 1314
1288 1318
1288 1321
1288 1398
1288 1413
1288 1423
1289 1344
1289 1395
1291 1292
1291 1343
1291 1444
1292 1329
1294 1328
1294 1331
1294 1339
1294 1406
1294 1433
1295 1325
1295 1361
1296 1310
1296 1354
1296 1359
1296 1376
1296 1443
1296 1452
1297 1354
1298 1385
1298 1424
1299 1348
1299 1365
1299 1456
1300 1407
1300 1443
1301 1345
1301 1390
1302 1309
1302 1369
1303 1321
1303 1394
1303 1398
1303 1415
1303 1423
1304 1306
1304 1398
1304 1440
1305 1401
1305 1452
1307 1312
1308 1364
1308 1431
1309 1314
1309 1349
1309 1409
1309 1412
1310 1329
1310 1347
1310 1351
1310 1359
1310 1436
1311 1391
1311 1431
1311 1453
1312 1357
1313 1384
1314 1315
1314 1349
1314 1418
1314 1429
1315 1336
1317 1416
1318 1321
1318 1398
1318 1423
1319 1375
1319 1404
1319 1454
1319 1457
1320 1336
1321 1349
1321 1398
1321 1423
1322 1357
1323 1336
1325 1422
1326 1429
1328 1331
1328 1335
1328 1339
1328 1364
1328 1383
1328 1386
1328 1400
1328 1402
1328 1405
1328 1406
1328 1433
1329 1347
1329 1359
1329 1410
1331 1339
1331 1386
1331 1404
1331 1405
1331 1433
1331 1435
1332 1368
1333 1336
1333 1397
1335 1365
1335 1433
1336 1377
1337 1406
1338 1345
1339 1383
1339 1400
1339 1457
1340 1352
1340 1355
1340 1389
1341 1369
1342 1388
1343 1354
1343 1415
1343 1441
1343 1443
1343 1450
1344 1370
1344 1371
1344 1389
1344 1399
1345 1390
1345 1401
1345 1458
1346 1350
1347 1351
1347 1361
1348 1408
1349 1381
1349 1418
1349 1439
1350 1361
1352 1370
1352 1422
1352 1445
1353 1453
1353 1454
1354 1380
1354 1443
1357 1382
1357 1405
1357 1455
1358 1379
1358 1432
1359 1411
1359 1436
1360 1367
1360 1428
1363 1437
1364 1400
1364 1406
1364 1431
1365 1408
1365 1441
1366 1422
1366 1450
1367 1439
1368 1408
1369 1414
1370 1371
1370 1389
1370 1456
1371 1389
1371 1422
1372 1397
1372 1448
1372 1450
1374 1389
1374 1445
1375 1457
1376 1407
1376 1443
1377 1380
1377 1414
1378 1459
1379 1385
1379 1424
1380 1442
1380 1452
1383 1384
1383 1400
1383 1405
1383 1434
1383 1435
1384 1433
1384 1434
1384 1435
1386 1440
1387 1433
1388 1422
1388 1450
1390 1401
1390 1458
1393 1438
1394 1439
1394 1444
1396 1426
1398 1407
1398 1423
1402 1440
1405 1433
1405 1435
1405 1437
1405 1457
1406 1433
1406 1440
1406 1449
1407 1444
1407 1459
1409 1418
1409 1419
1410 1423
1410 1442
1413 1428
1413 1439
1415 1419
1416 1446
1417 1441
1422 1447
1422 1450
1423 1439
1427 1449
1429 1452
1431 1453
1434 1435
1434 1455
1435 1446
1440 1449
1442 1452
1444 1458
1447 1450
