#num-nodes
255
#num-links
1004
#links
0 1
0 23
0 41
0 63
0 77
0 103
0 116
0 120
0 158
0 190
1 3
1 41
1 63
1 131
1 225
1 233
1 247
2 12
2 64
2 70
2 106
2 209
3 11
3 41
3 43
3 53
3 63
3 72
3 75
3 79
3 85
3 104
3 149
3 158
3 192
4 36
4 71
5 12
5 15
5 66
5 106
5 113
5 156
5 209
5 226
6 77
6 81
6 120
6 165
6 173
6 178
6 210
6 239
7 28
7 53
7 90
7 110
7 112
7 117
7 181
7 188
7 201
7 204
7 214
7 234
7 236
10 19
10 81
10 115
10 150
10 203
10 207
10 221
10 225
10 230
11 42
11 43
11 72
11 85
11 105
11 127
11 149
11 185
11 192
12 13
12 40
12 98
13 84
13 98
13 105
13 117
13 136
13 181
13 185
13 198
13 206
14 29
14 60
14 137
14 138
14 179
14 193
14 210
14 245
14 247
14 248
15 22
15 23
15 70
15 94
15 106
15 188
15 251
16 17
16 20
16 23
16 177
17 20
17 142
17 148
17 171
17 177
17 223
17 230
18 56
18 62
18 88
18 128
18 129
18 157
18 160
18 161
18 168
18 187
18 189
18 199
18 224
19 23
19 77
19 81
19 129
19 137
19 150
19 173
19 203
19 225
20 77
20 142
20 152
20 230
21 81
21 103
21 125
21 173
21 225
22 35
22 87
22 89
22 94
22 99
22 111
22 138
22 172
22 231
23 69
23 120
23 131
23 139
23 165
23 177
24 47
24 101
24 123
24 157
24 158
24 160
24 161
24 180
24 190
24 239
24 244
25 43
25 44
25 45
25 88
25 128
25 129
25 149
25 161
25 192
25 239
26 43
26 48
26 53
26 54
26 82
26 85
26 143
26 149
26 219
26 223
26 232
26 248
26 252
27 52
27 61
28 29
28 39
28 55
28 70
28 83
28 87
28 95
28 112
28 117
28 181
28 187
28 188
28 201
28 204
28 205
28 212
28 214
28 216
28 236
28 237
28 249
29 55
29 91
29 92
29 105
29 118
29 138
29 204
29 214
30 41
30 43
30 44
30 56
30 58
30 63
30 88
30 104
30 130
30 149
31 68
31 70
31 74
31 90
31 91
31 118
31 133
31 174
31 181
31 229
31 253
32 67
32 128
32 132
32 145
32 180
33 52
33 61
33 73
33 75
33 76
33 78
33 100
33 119
33 123
33 129
33 140
33 144
33 154
33 169
33 170
33 228
35 89
35 99
35 111
35 153
35 172
35 231
36 81
36 115
36 129
36 233
36 239
36 247
37 41
37 123
37 145
37 158
37 170
37 177
37 195
37 198
37 213
37 247
38 65
38 78
38 133
38 144
38 169
38 175
38 183
38 220
39 87
39 96
39 107
39 176
39 217
39 237
40 77
40 97
40 119
40 148
40 198
41 63
41 74
41 79
41 96
41 104
41 129
41 158
41 233
41 247
42 44
42 90
42 110
42 174
42 208
42 216
42 229
42 234
42 242
42 253
43 53
43 72
43 79
43 85
43 127
43 149
43 150
43 160
43 161
43 219
43 221
43 232
43 248
43 252
44 45
44 88
44 239
45 88
45 134
45 163
45 168
45 180
45 211
45 222
47 104
47 161
47 180
47 190
47 239
47 244
48 54
48 82
48 115
48 120
48 121
48 143
48 148
48 152
48 154
48 167
48 219
48 232
50 233
50 247
51 110
52 61
52 93
52 128
52 145
52 180
52 215
53 56
53 85
53 127
53 149
53 161
53 192
53 219
53 232
53 248
53 252
54 57
54 82
54 121
54 143
54 150
54 219
54 223
54 232
54 252
55 96
55 112
55 117
55 172
55 174
55 181
55 204
55 214
55 235
55 249
56 85
56 113
56 114
56 128
56 130
56 157
56 160
56 161
56 180
57 60
57 137
57 138
57 150
57 173
57 247
58 60
58 119
58 127
58 130
58 134
58 138
58 142
58 157
58 213
58 233
58 245
58 247
59 92
59 114
60 125
60 129
60 137
60 138
60 155
60 193
60 210
60 239
60 245
60 247
61 73
61 93
61 170
61 183
62 67
62 119
62 182
62 199
62 229
63 79
63 87
63 95
63 114
63 236
64 71
64 118
64 189
64 249
65 68
65 133
65 175
65 197
65 243
66 71
66 124
66 211
66 215
66 227
67 69
67 70
67 77
67 123
67 128
67 129
67 145
67 154
67 180
67 193
67 224
68 133
68 166
68 243
69 77
69 81
69 115
69 137
69 173
69 193
69 203
69 225
70 90
70 102
70 109
70 114
70 188
70 229
70 234
70 238
70 253
71 108
71 118
71 124
71 175
71 189
71 215
71 218
71 226
71 241
72 85
72 149
72 192
73 75
73 93
73 144
73 170
73 183
73 220
74 90
74 118
74 131
74 174
74 229
74 253
75 78
75 85
75 88
75 140
75 160
75 169
76 140
76 147
76 169
76 220
77 97
77 120
77 125
77 158
78 85
78 140
78 147
78 169
79 100
79 103
79 228
80 83
80 91
80 184
80 187
80 208
81 115
81 150
81 203
81 221
81 225
81 230
82 152
82 167
82 232
82 252
83 109
83 156
83 184
83 187
83 205
83 208
83 211
84 105
84 126
84 134
84 136
84 185
85 127
85 149
85 160
85 178
85 192
85 219
85 221
86 90
86 107
86 111
86 164
86 194
86 202
86 217
86 224
86 234
87 95
87 96
87 197
87 208
87 218
87 229
88 103
88 128
88 129
88 199
88 239
89 99
89 111
89 153
89 172
89 231
89 251
90 110
90 118
90 174
90 208
90 229
90 234
90 253
91 96
92 214
93 133
94 106
94 231
95 96
95 187
95 205
95 214
95 216
95 236
95 237
96 110
96 117
96 118
96 174
96 181
96 188
96 204
96 214
96 226
96 237
97 116
97 125
97 148
97 166
98 99
98 112
98 156
98 207
99 111
99 172
99 218
99 231
99 251
100 103
100 127
100 129
100 130
100 157
100 170
100 228
101 163
101 168
101 182
101 199
101 202
101 244
102 109
103 198
103 228
104 158
105 136
105 179
105 198
105 206
105 213
105 248
106 172
106 186
107 163
107 189
107 194
107 196
107 202
108 123
108 135
108 164
108 184
108 215
108 222
109 135
110 208
110 214
110 226
110 229
110 234
111 153
111 164
111 172
111 207
111 217
111 231
112 117
112 174
112 181
112 204
112 249
112 253
113 156
114 197
115 173
115 203
115 221
115 247
116 131
116 133
116 146
116 158
117 162
117 181
117 204
117 214
118 174
118 217
118 236
118 253
119 224
120 125
120 196
120 244
121 143
121 152
121 167
121 173
121 223
122 141
122 145
122 151
122 180
123 161
123 222
123 239
124 200
124 211
124 215
125 245
126 134
126 136
126 178
127 149
127 157
127 177
127 192
128 129
128 130
128 132
128 144
128 145
128 160
128 161
128 168
128 180
128 224
129 160
129 168
129 203
129 224
130 154
130 245
130 247
131 146
131 159
132 145
132 180
133 144
133 146
133 166
133 241
133 243
134 136
134 171
134 178
134 185
134 240
136 178
136 185
136 206
136 230
136 240
136 246
137 138
137 155
137 193
137 210
137 233
137 239
137 245
137 247
137 248
138 143
138 150
138 155
138 179
138 193
138 210
138 233
138 239
138 245
138 247
139 158
139 190
139 239
140 144
140 169
140 170
141 145
141 151
141 180
141 224
142 148
142 171
142 230
142 240
142 246
143 219
143 223
143 246
144 169
144 170
145 151
145 161
145 180
145 182
145 198
148 177
148 219
148 230
149 161
149 179
149 192
149 219
149 221
149 232
149 248
149 252
150 173
150 203
151 180
152 167
152 223
153 205
153 207
153 218
153 226
153 231
154 155
154 213
154 247
155 210
155 233
155 245
156 173
157 161
157 190
157 224
158 190
160 161
160 180
161 180
161 190
161 224
161 244
161 248
162 204
162 214
163 187
163 189
163 194
163 197
163 199
163 202
163 212
165 228
165 239
166 243
167 223
168 182
168 211
168 222
169 170
172 207
173 221
173 223
173 225
174 189
174 212
174 253
175 202
176 194
176 237
176 244
178 203
178 221
178 240
179 193
179 248
180 198
180 224
180 228
181 204
181 212
181 214
181 253
182 189
182 191
182 197
182 199
182 202
182 216
183 220
185 198
185 206
185 240
185 245
185 246
187 189
187 199
187 214
188 216
189 194
189 196
189 199
189 217
189 253
191 215
193 212
193 239
193 245
193 248
194 196
194 197
194 200
194 217
194 229
195 247
198 206
198 240
199 202
199 224
199 244
200 218
200 226
201 218
202 217
203 207
203 221
203 223
203 225
203 230
204 214
204 234
205 214
206 240
207 238
208 216
208 234
208 238
210 233
210 245
211 222
212 216
212 217
214 226
214 236
214 249
217 253
218 226
218 231
219 221
219 232
219 248
219 252
221 225
221 232
221 252
226 229
226 235
229 234
230 246
231 251
232 252
239 247
240 246
245 247
245 248
248 252
