#num-nodes
44
#num-links
185
#links
0 2
0 3
0 4
0 5
0 13
0 17
0 20
0 25
0 29
0 33
0 34
0 35
0 36
0 43
1 8
1 13
1 15
1 16
1 20
1 32
1 35
1 41
1 43
2 3
2 8
2 27
2 28
2 32
2 33
2 34
2 35
2 36
2 38
2 39
3 5
3 13
3 24
3 25
3 28
3 29
3 30
3 33
4 15
4 16
4 18
4 19
4 20
4 21
4 22
4 32
4 33
4 43
5 17
5 25
5 29
5 30
5 33
5 38
5 39
6 9
6 14
6 16
6 18
6 26
6 31
7 17
7 20
7 26
7 32
7 41
8 10
8 11
8 13
8 15
8 16
8 17
8 22
8 28
8 33
8 35
8 43
9 10
9 14
9 24
9 31
9 35
9 39
9 42
10 14
10 26
10 27
10 31
10 32
10 39
11 12
11 13
11 16
11 29
11 34
11 35
12 13
12 34
12 35
13 15
13 32
14 31
14 39
14 42
15 16
15 17
15 19
15 27
15 32
15 41
16 18
16 21
16 27
16 31
16 34
16 35
16 39
17 20
17 22
17 25
17 28
17 32
17 36
17 38
17 39
18 19
18 22
18 31
19 20
19 21
19 22
19 32
19 33
19 36
20 21
20 22
20 32
20 41
20 43
23 27
23 30
23 35
23 37
24 29
24 35
24 39
24 42
25 29
25 30
25 31
25 33
25 38
25 39
26 27
26 31
27 28
27 32
28 29
28 33
28 34
28 35
28 36
28 38
29 38
29 39
29 42
30 37
32 41
32 43
33 34
33 36
34 35
34 36
34 38
35 36
35 37
35 38
36 38
36 43
38 39
39 42
