#num-nodes
74
#num-links
358
#links
0 23
0 31
0 40
0 45
0 51
0 60
0 66
1 2
1 4
1 6
1 8
1 10
1 16
1 19
1 33
1 34
1 52
1 53
1 56
1 57
1 67
1 69
2 4
2 10
2 33
2 34
2 53
2 56
2 65
2 69
3 7
3 21
3 25
3 29
3 37
3 39
3 40
3 44
3 46
3 49
3 62
3 63
3 64
3 70
3 72
4 6
4 8
4 10
4 19
4 32
4 33
4 35
4 52
4 53
4 57
4 58
4 65
4 67
5 9
5 12
5 18
5 20
5 27
5 28
5 29
5 31
5 37
5 39
5 43
5 48
5 55
5 71
6 17
6 20
6 27
6 33
6 58
6 67
6 71
7 16
7 19
7 21
7 27
7 29
7 30
7 37
7 38
7 44
7 50
7 61
7 72
7 73
8 10
8 16
8 33
8 52
8 53
8 57
8 65
9 15
9 21
9 36
9 40
9 45
9 48
9 68
9 72
10 33
10 53
10 57
11 23
11 28
11 51
11 59
11 60
11 66
11 67
12 14
12 17
12 18
12 39
12 63
12 71
13 14
13 17
13 18
13 22
13 27
13 32
13 35
13 58
14 18
14 26
14 27
14 32
14 41
14 43
14 64
14 71
15 21
15 30
15 36
15 38
15 40
15 48
15 60
15 68
15 72
15 73
16 19
16 33
16 34
16 35
16 38
16 53
16 57
16 65
16 69
17 20
17 22
17 30
17 35
17 58
17 67
18 25
18 26
18 27
18 32
18 39
18 43
18 48
18 63
18 64
18 71
19 32
19 33
19 38
19 69
20 22
20 28
20 39
20 43
20 44
20 49
20 63
20 71
20 72
21 25
21 30
21 40
21 44
21 46
21 48
21 49
21 60
21 62
21 63
21 66
21 68
21 70
21 72
21 73
22 28
22 30
22 32
22 40
22 42
22 47
22 58
22 59
22 67
23 31
23 49
23 59
23 60
23 66
23 70
23 72
24 33
24 53
24 56
24 69
25 46
25 49
26 41
26 61
26 71
27 39
27 41
27 63
27 64
27 71
27 72
27 73
28 32
28 38
28 58
28 63
28 67
28 70
28 73
29 37
29 46
29 49
29 50
29 61
29 62
29 73
30 38
30 44
30 62
30 72
30 73
31 38
31 59
31 60
31 66
31 70
31 72
32 58
32 64
32 71
33 35
33 52
33 53
33 57
33 65
33 69
34 56
34 65
35 52
35 57
35 65
35 67
35 69
36 40
36 41
36 45
36 48
36 68
36 72
36 73
37 49
37 50
37 62
38 46
38 73
39 43
39 44
39 55
39 63
39 64
39 71
39 73
40 43
40 46
40 51
40 62
40 66
40 68
40 70
40 72
41 43
41 64
41 71
43 50
43 58
43 63
44 46
44 72
45 54
46 49
46 62
46 68
47 58
48 50
48 61
48 68
48 72
49 50
49 62
49 68
49 70
50 61
51 54
51 59
51 60
51 66
51 68
52 57
52 65
53 56
53 57
53 65
53 69
54 59
54 60
54 70
55 63
55 71
56 65
56 69
57 65
58 67
59 60
60 66
60 70
60 72
62 68
62 72
63 70
63 71
63 73
64 71
66 70
68 70
68 72
72 73
