#num-nodes
626
#num-links
2450
#links
0 255
0 308
0 434
0 444
0 457
1 25
1 180
1 196
1 238
1 240
1 295
1 444
1 481
1 548
1 562
1 600
2 9
2 117
2 337
2 401
2 455
2 478
2 604
3 4
3 72
3 103
3 205
3 383
3 576
3 591
4 68
4 245
4 284
4 340
4 354
4 548
5 230
5 234
5 319
5 327
5 357
5 405
5 418
5 455
6 318
6 484
6 563
6 593
7 56
7 68
7 114
7 135
7 203
7 237
7 245
7 247
7 340
7 391
7 445
7 446
7 458
7 474
7 510
7 515
7 540
7 567
7 604
7 608
8 39
8 572
9 199
9 256
9 259
9 296
9 320
9 353
9 437
9 442
9 444
9 506
9 558
9 571
9 619
10 13
10 413
11 62
11 124
11 151
11 241
11 274
11 329
11 380
11 397
11 509
11 513
11 617
12 413
12 456
12 622
13 23
13 24
13 47
13 54
13 81
13 96
13 199
13 243
13 266
13 294
13 304
13 336
13 353
13 367
13 442
13 444
13 465
13 475
13 556
13 558
13 562
13 598
13 619
14 130
14 166
14 177
14 231
14 253
14 445
14 462
14 520
15 21
15 223
15 261
15 347
15 375
15 516
15 620
16 19
16 24
16 37
16 96
16 149
16 154
16 219
16 248
16 251
16 259
16 273
16 372
16 439
16 461
16 514
16 619
17 92
17 122
17 160
17 197
17 428
17 477
18 395
18 452
18 472
18 480
19 40
19 96
19 233
19 243
19 398
19 485
20 81
20 294
20 315
20 490
21 92
21 114
21 135
21 186
21 203
21 268
21 464
21 494
21 506
21 534
21 608
22 64
22 73
22 294
22 489
23 43
23 93
23 158
23 199
23 295
23 421
23 442
23 558
24 47
24 80
24 87
24 96
24 199
24 304
24 312
24 353
24 370
24 461
24 597
24 598
25 238
25 243
25 390
26 83
26 142
26 161
26 225
26 258
26 277
26 324
26 479
26 499
26 560
27 60
27 111
27 123
27 407
27 525
27 543
28 32
28 33
28 69
28 106
28 165
28 377
28 556
29 167
29 279
29 381
29 453
29 556
29 605
30 283
30 321
30 554
31 127
31 277
31 338
31 410
31 479
32 33
32 35
32 69
32 200
32 285
32 451
32 528
32 589
33 35
33 69
33 106
33 113
33 118
33 141
33 206
33 528
34 112
34 278
34 532
34 577
35 71
35 106
35 113
35 148
35 403
35 451
35 526
35 528
36 109
37 95
37 133
37 154
37 174
37 181
37 199
37 215
37 219
37 248
37 251
37 259
37 312
37 335
37 345
37 367
37 384
37 461
37 493
37 496
37 536
37 598
37 600
37 615
37 616
39 62
39 102
39 151
39 216
39 230
39 241
39 301
39 306
39 329
39 357
39 380
39 397
40 58
40 174
40 229
40 242
40 243
40 300
40 345
40 354
40 388
40 506
40 602
41 65
41 142
41 160
41 369
41 405
41 534
42 162
42 402
42 443
42 603
42 624
43 240
43 263
43 402
43 421
43 434
43 441
43 475
43 600
44 132
44 231
44 253
44 365
44 366
44 497
45 99
45 104
45 183
45 212
45 229
45 233
45 259
45 265
46 47
46 48
46 64
46 199
46 240
46 295
46 308
46 315
46 326
46 396
46 441
46 442
46 475
47 80
47 91
47 93
47 199
47 240
47 304
47 414
47 421
47 424
47 442
47 444
47 465
47 493
47 536
47 558
47 600
48 49
48 170
48 199
48 243
48 296
48 485
48 578
48 603
49 64
49 156
49 162
50 87
50 89
50 174
50 310
50 602
51 132
51 270
51 330
51 349
51 352
51 463
51 546
51 581
51 582
51 617
51 621
51 625
52 87
52 89
52 592
52 602
53 55
53 137
53 142
53 234
53 327
53 338
53 339
53 357
53 405
53 411
53 486
54 155
54 159
54 233
54 248
54 336
54 370
54 489
54 506
54 598
54 619
55 191
55 411
55 527
55 572
55 576
56 78
56 85
56 135
56 204
56 305
56 311
56 383
56 459
56 604
57 575
58 155
58 209
58 300
58 310
58 332
58 333
58 371
58 398
58 469
58 598
59 78
59 86
59 533
59 553
60 123
60 525
60 541
61 74
61 127
61 338
61 411
61 502
61 537
61 538
62 274
62 329
62 380
62 397
62 509
62 579
63 227
63 342
63 618
64 156
64 296
64 315
64 320
64 475
64 624
65 157
65 160
65 316
65 563
66 367
66 615
67 135
67 137
67 282
67 309
67 327
67 400
67 418
67 419
67 428
68 216
68 227
68 245
68 247
68 340
68 425
68 458
68 604
69 106
69 200
69 377
71 113
71 148
71 206
71 207
71 278
71 387
71 403
71 408
71 447
71 498
71 526
71 528
71 578
72 79
72 103
72 205
72 220
72 293
72 305
72 383
72 488
72 557
72 591
73 243
73 255
73 317
73 387
73 396
73 414
73 475
73 577
73 578
73 603
74 127
74 338
74 410
74 502
74 537
74 538
74 572
74 576
74 579
75 97
75 105
75 143
75 310
75 450
76 140
76 143
76 149
76 214
76 305
76 524
76 573
76 574
76 598
77 110
77 606
78 85
78 107
78 198
78 204
78 205
78 225
78 280
78 305
78 324
78 383
79 103
79 205
79 220
79 227
79 293
79 383
79 406
79 488
79 557
80 91
80 93
80 169
80 199
80 304
80 353
80 414
80 442
80 492
80 500
80 600
81 158
81 180
81 240
81 394
81 475
81 492
82 84
82 209
82 450
82 574
83 258
83 277
83 406
83 468
83 499
83 560
84 130
84 166
84 226
84 231
84 433
84 520
85 204
85 305
86 553
87 89
87 95
87 96
87 174
87 215
87 251
87 335
87 461
87 524
87 615
89 95
89 236
89 398
89 508
89 592
89 602
90 92
90 197
90 221
90 477
91 199
91 255
91 304
91 424
91 442
91 465
91 500
91 514
91 558
91 600
92 464
92 477
92 545
93 199
93 244
93 255
93 263
93 304
93 442
93 465
93 500
93 523
93 558
93 600
94 124
94 253
94 292
94 351
94 433
94 458
94 611
95 154
95 155
95 174
95 214
95 215
95 218
95 219
95 461
95 598
96 215
96 217
96 219
96 251
96 306
96 335
96 461
96 592
96 615
97 105
97 210
97 450
98 232
98 272
98 282
98 478
99 104
99 233
99 265
99 267
100 117
100 131
100 138
100 386
100 455
100 478
100 491
100 565
100 566
101 409
102 151
102 230
102 232
102 241
102 260
102 274
102 399
102 565
102 610
102 613
102 614
103 110
103 125
103 177
103 205
103 227
103 305
103 333
103 424
103 571
103 598
104 265
105 343
105 450
106 141
106 200
106 207
106 285
106 326
106 377
106 451
106 528
107 110
107 198
107 382
107 383
107 449
107 531
107 606
108 124
108 271
109 143
109 144
109 167
109 279
109 381
109 453
109 529
109 573
109 574
110 141
110 164
110 198
110 227
110 382
110 429
110 561
110 606
111 407
111 410
111 417
111 448
111 502
111 525
111 541
111 542
111 554
112 196
112 238
112 285
112 481
112 498
112 532
112 577
112 578
112 603
113 148
113 317
113 387
113 403
113 404
113 408
113 447
113 454
113 526
113 528
113 577
113 603
114 186
114 203
114 245
114 291
114 303
114 506
114 519
114 591
114 608
114 612
115 147
115 176
115 378
115 393
115 468
115 530
115 594
116 177
116 237
116 253
116 301
116 331
116 351
116 365
117 264
117 331
117 337
117 351
117 455
117 478
117 565
117 596
118 165
118 194
118 200
118 285
119 141
119 194
119 207
119 322
120 501
121 213
122 160
122 182
122 197
122 221
122 262
122 369
122 534
123 325
123 376
123 393
123 417
123 429
123 502
123 530
123 543
124 191
124 241
124 306
124 357
124 572
124 593
124 611
125 216
125 268
125 327
125 340
125 346
125 440
125 459
125 493
125 548
125 604
126 552
127 338
127 410
127 502
127 537
127 554
127 572
127 579
128 246
130 150
130 231
130 264
130 299
130 366
130 433
130 445
130 466
130 585
131 455
131 565
131 625
132 190
132 254
132 290
132 452
132 464
132 472
132 480
133 159
133 181
133 222
133 233
133 237
133 312
133 351
133 372
133 401
133 458
133 461
133 597
133 616
134 374
134 423
134 436
134 456
134 550
135 137
135 138
135 327
135 339
135 400
135 418
135 419
135 519
135 563
135 604
135 608
136 270
136 360
136 361
136 386
136 535
137 153
137 211
137 339
137 419
137 420
137 425
137 428
137 507
137 590
138 270
138 363
138 386
138 563
138 565
139 163
139 458
140 143
140 144
140 149
140 209
140 524
140 568
140 573
140 574
141 194
141 207
141 278
141 454
141 528
142 161
142 163
142 203
142 321
142 324
142 410
142 499
142 560
143 144
143 167
143 209
143 279
143 310
143 343
143 453
143 524
143 573
143 574
144 167
144 209
144 279
144 524
144 573
144 574
145 511
145 569
146 449
146 501
146 533
147 277
147 392
147 429
147 432
147 468
148 377
148 385
148 387
148 403
148 404
148 447
148 498
148 526
148 528
148 578
149 155
149 355
149 359
149 598
150 166
150 177
150 272
150 351
150 433
150 497
150 520
150 585
151 274
151 306
151 329
151 380
151 395
151 397
151 610
151 613
152 298
152 333
152 430
152 467
152 514
153 319
153 334
153 368
153 419
153 428
153 517
153 565
153 590
154 222
154 223
154 248
154 251
154 256
154 259
154 273
154 309
154 439
154 461
154 496
154 506
154 536
154 616
155 174
155 215
155 217
155 250
155 282
155 318
155 333
155 493
155 536
155 598
156 294
157 228
157 261
157 282
157 327
157 334
157 339
157 357
157 405
157 418
157 440
157 509
157 510
157 575
158 396
158 521
158 548
159 212
159 237
159 273
159 437
159 571
159 619
160 182
160 257
160 316
161 479
162 402
163 166
163 172
163 237
163 253
163 268
163 292
163 319
163 342
163 398
163 477
163 565
164 198
164 276
164 280
164 501
164 531
164 541
164 542
165 194
165 206
165 207
165 285
165 326
165 451
165 528
166 252
166 282
166 301
166 331
166 426
166 520
166 537
166 596
167 209
167 279
167 343
167 381
167 453
167 573
167 574
168 184
168 329
168 391
168 502
168 572
168 579
168 607
169 591
170 199
170 578
170 603
171 232
171 337
171 361
171 401
171 420
171 455
171 478
171 482
171 537
171 565
171 570
172 292
173 291
173 374
173 436
174 215
174 219
174 251
174 371
174 493
174 598
175 253
175 330
175 373
175 389
175 582
175 621
176 201
176 208
176 378
176 393
176 525
176 543
176 561
177 226
177 237
177 309
177 399
177 462
178 193
179 438
180 223
180 288
180 315
180 326
180 396
180 414
180 421
180 475
180 485
180 506
180 544
180 548
180 588
181 222
181 262
181 312
181 372
181 461
181 506
181 597
181 616
182 262
182 307
182 369
182 477
182 534
183 222
183 233
183 259
183 265
183 314
183 616
185 188
185 223
185 344
185 433
186 303
186 319
186 494
186 519
186 608
187 305
187 307
187 458
188 191
188 223
188 344
188 512
189 304
189 312
189 326
189 394
189 492
189 514
189 562
190 257
190 290
190 472
190 545
190 546
191 264
191 407
191 411
191 572
191 576
191 583
192 245
192 247
192 268
192 302
192 346
192 425
192 458
192 491
192 615
193 275
193 284
193 323
193 540
194 200
194 206
194 285
195 551
196 238
196 348
196 481
196 498
197 221
197 262
197 268
197 477
197 504
198 280
198 382
198 392
198 449
198 487
199 244
199 295
199 304
199 308
199 355
199 424
199 442
199 444
199 465
199 500
199 551
199 558
199 598
200 282
200 377
201 378
201 468
201 525
202 225
203 245
203 321
203 608
204 305
204 383
205 220
205 305
205 383
205 557
205 591
206 207
206 322
206 451
206 454
207 295
207 322
207 326
207 403
207 451
207 498
207 528
208 422
208 432
209 279
209 524
209 573
209 574
209 595
210 450
210 556
210 595
211 339
211 400
211 419
211 565
212 248
212 251
212 335
212 345
212 461
212 506
212 536
212 592
212 598
213 328
214 219
214 493
214 592
215 217
215 343
215 372
215 461
215 493
216 247
216 282
216 444
216 459
216 491
216 497
216 593
216 598
217 236
217 250
217 355
217 359
217 384
217 414
218 219
218 236
218 348
218 508
219 461
219 493
219 508
220 227
220 346
220 423
220 488
222 233
222 251
222 265
222 370
222 439
222 506
223 248
223 251
223 269
223 273
223 370
223 375
223 384
223 388
223 516
223 597
223 620
224 355
224 385
224 390
224 500
224 523
224 559
225 277
225 324
225 376
225 392
225 417
225 468
225 560
226 231
226 389
226 520
227 305
227 346
227 423
227 474
227 488
227 550
227 604
229 233
229 306
229 336
229 496
229 506
229 549
230 241
230 306
230 329
230 607
231 264
231 360
231 433
231 520
231 562
231 566
232 380
232 509
232 537
232 538
232 570
232 579
232 610
232 613
233 256
233 259
233 265
233 506
233 619
234 301
234 339
234 362
234 409
234 510
236 266
236 310
236 508
236 549
236 568
236 592
236 602
237 309
237 331
237 346
237 351
237 422
237 425
238 471
238 481
238 500
238 523
238 603
239 266
239 427
239 436
240 421
240 442
240 444
240 475
240 581
240 582
241 274
241 509
241 513
242 300
242 348
242 510
243 354
243 388
243 522
244 255
244 295
244 304
244 315
244 424
244 442
244 558
245 247
245 275
245 287
245 288
245 290
245 303
245 334
245 346
245 445
245 446
245 458
245 474
245 491
245 519
245 594
245 604
245 608
246 354
247 287
247 346
247 425
247 458
247 459
247 474
247 491
247 604
248 251
248 256
248 259
248 273
248 335
248 375
248 439
248 461
248 493
248 496
248 510
248 514
248 598
249 299
249 349
250 333
250 335
250 384
250 439
250 491
251 372
251 439
251 461
251 496
251 514
252 272
252 282
252 331
252 351
252 418
252 422
252 462
252 497
252 580
253 292
253 351
253 389
253 433
253 458
253 462
253 611
254 395
255 442
255 465
255 500
255 600
256 314
256 367
256 370
256 375
256 439
256 461
256 571
256 602
257 290
257 316
257 357
257 472
257 517
257 546
258 277
258 406
258 468
258 479
259 314
259 353
259 367
259 384
259 506
259 571
260 261
260 313
260 375
260 570
261 265
261 292
261 375
261 384
261 516
262 312
262 369
262 477
262 516
262 534
263 434
263 441
264 270
264 282
264 301
264 309
264 360
264 363
264 566
264 611
265 267
265 506
266 442
266 578
266 619
268 281
268 319
268 400
268 507
269 344
269 363
269 431
269 512
269 597
270 360
270 482
270 503
270 546
270 566
272 282
272 331
272 351
272 409
272 497
272 580
272 587
273 353
273 384
273 439
273 597
274 306
274 380
274 397
275 284
275 288
275 323
275 516
275 544
276 448
276 541
276 542
277 468
277 499
278 387
278 403
278 408
278 447
278 526
278 528
278 532
278 577
278 578
279 343
279 381
279 529
279 573
279 574
280 305
280 323
280 383
280 446
280 541
281 507
282 331
282 340
282 351
282 365
282 366
282 497
282 566
282 570
283 321
284 323
284 458
285 326
285 377
285 385
285 387
285 451
285 532
285 603
287 458
287 604
288 334
288 358
288 427
288 440
288 506
288 544
288 608
288 612
289 360
289 480
290 472
290 540
290 546
290 601
291 374
291 436
293 488
293 557
294 315
294 322
294 442
294 521
294 556
295 424
295 442
295 485
295 548
295 558
295 571
295 597
296 320
298 371
298 384
298 430
298 467
299 360
299 431
299 480
299 485
299 584
299 586
300 371
300 439
300 508
300 568
300 571
300 608
301 331
301 351
301 362
301 365
301 366
302 303
302 307
302 334
302 446
302 491
302 612
302 618
303 494
303 515
303 519
303 608
303 612
304 353
304 414
304 424
304 442
304 444
304 500
304 558
305 334
305 383
305 449
305 555
305 564
306 513
306 617
306 625
307 491
307 515
307 564
307 612
307 618
308 444
308 457
308 589
309 327
309 346
309 361
309 363
309 401
309 458
310 398
310 469
310 492
310 568
310 574
310 602
311 326
311 354
311 594
311 605
312 337
312 346
312 367
312 372
312 384
312 401
312 458
312 461
312 597
312 616
314 370
314 398
315 322
315 353
315 475
315 514
315 565
317 390
317 403
317 454
317 526
317 528
317 556
317 559
318 563
318 593
318 598
319 327
319 428
319 431
319 494
319 503
319 615
321 487
321 599
322 414
322 451
322 603
323 440
324 338
324 376
324 387
324 406
324 417
324 479
324 560
325 362
325 376
325 411
325 417
325 452
325 576
326 454
326 475
326 492
326 521
326 522
326 562
327 346
327 405
327 425
327 458
328 366
329 380
329 397
329 537
329 579
330 344
330 350
330 356
330 373
330 470
330 581
330 582
330 621
331 351
331 422
331 462
331 497
331 596
333 493
333 598
334 440
334 612
335 384
335 461
335 537
335 598
336 437
336 496
337 351
337 401
337 455
337 478
337 565
338 406
338 410
338 468
338 502
339 357
339 400
339 409
339 419
339 517
340 485
340 515
340 612
342 456
342 464
343 372
343 381
343 398
343 453
343 556
343 574
344 399
344 431
345 461
346 425
346 446
346 458
346 459
346 474
346 580
346 594
346 604
346 615
347 363
347 389
347 431
347 466
347 586
347 596
348 493
348 539
349 358
349 463
349 472
349 546
349 582
349 617
350 463
350 470
350 512
350 586
351 386
351 462
351 513
351 580
352 358
352 463
352 546
352 609
352 617
352 621
353 442
353 444
353 514
353 548
353 558
354 359
354 425
355 500
355 518
356 373
357 405
357 418
357 486
358 476
358 588
358 608
359 425
359 518
359 580
360 363
360 519
360 566
360 611
361 363
361 386
361 389
361 401
361 455
361 535
362 409
363 401
363 566
363 582
367 430
367 461
367 493
367 506
367 615
367 616
368 428
368 517
368 575
368 590
369 477
369 618
370 461
371 467
374 436
374 456
375 439
375 516
375 620
376 386
376 417
376 419
376 502
376 537
376 579
378 393
378 468
378 527
378 530
380 397
380 509
380 537
380 579
381 529
382 392
382 449
382 487
382 533
384 461
384 616
385 387
385 390
385 403
385 451
385 528
386 455
386 535
386 564
386 579
387 390
387 403
387 404
387 406
387 408
387 526
387 528
388 398
389 504
389 586
389 596
390 404
390 447
390 471
390 498
390 526
390 559
391 502
391 555
391 560
391 561
391 606
391 607
392 416
392 432
393 530
396 414
396 465
396 471
396 523
396 548
396 571
396 600
397 509
398 469
398 592
398 598
398 602
399 445
399 470
399 478
399 512
399 614
400 409
400 419
400 575
400 606
401 419
401 455
401 478
401 565
401 597
402 412
402 443
402 624
403 404
403 408
403 447
403 498
403 526
403 528
403 577
403 578
404 408
404 447
404 528
404 578
405 460
405 486
406 479
406 499
406 557
406 560
406 606
407 448
407 606
408 447
408 498
408 526
408 528
408 577
408 578
409 587
410 502
410 527
410 541
410 542
410 554
410 560
411 417
411 527
411 572
411 576
412 489
413 622
414 421
414 500
414 589
414 600
417 502
417 530
417 576
418 419
418 497
419 428
419 460
419 478
420 455
420 478
420 482
420 565
420 570
420 625
421 475
421 500
421 514
422 486
422 512
422 569
423 436
423 550
424 442
424 536
424 558
424 571
425 446
425 458
425 459
425 491
425 580
425 594
426 520
428 590
429 468
429 543
429 560
429 607
430 467
430 513
430 619
431 547
431 608
433 485
433 585
433 606
433 611
434 441
434 471
435 468
435 473
435 479
436 550
436 563
437 489
437 496
437 597
437 619
438 448
439 461
439 496
439 503
439 506
440 496
441 500
441 523
441 600
442 465
442 475
442 485
442 493
442 536
442 548
442 558
442 571
442 600
444 457
444 589
445 458
445 504
445 604
446 458
446 505
446 567
446 604
447 498
447 526
447 528
447 578
448 542
449 487
449 501
449 533
450 595
451 498
451 528
452 464
452 480
452 527
453 469
453 529
455 482
455 491
455 563
455 565
455 587
455 625
456 622
457 589
458 459
458 474
458 491
458 519
458 580
458 594
458 604
459 484
459 491
459 594
459 604
461 493
461 496
461 506
461 508
461 598
461 615
461 616
461 619
462 563
463 480
463 617
464 545
465 471
465 500
465 523
465 600
466 566
467 514
469 529
470 535
471 523
471 548
471 589
471 619
472 546
472 586
472 601
472 617
474 477
474 604
475 551
476 510
476 519
476 586
477 608
478 482
478 565
479 499
479 560
480 609
481 498
482 565
482 570
482 625
484 593
484 594
484 605
485 565
485 588
487 599
488 557
488 618
489 496
489 624
490 562
491 594
491 615
492 592
492 602
493 506
493 508
493 536
493 558
494 608
494 612
495 566
496 506
496 536
498 500
498 526
498 577
498 578
499 560
500 559
500 578
500 600
501 533
502 572
502 576
502 579
503 563
503 565
503 584
505 580
506 536
506 549
506 608
506 615
506 619
507 510
508 549
509 513
509 537
510 608
510 623
511 556
511 569
514 523
514 624
515 519
515 563
519 584
519 588
519 591
519 612
520 538
520 585
521 522
521 562
523 600
524 573
524 574
526 528
526 577
526 578
527 576
528 577
528 578
528 603
529 556
530 543
530 579
531 533
532 543
532 577
536 558
536 598
536 600
536 602
537 565
537 579
538 579
538 585
540 544
540 601
540 612
541 555
541 561
542 555
544 612
546 582
547 618
548 551
549 568
550 593
555 606
555 607
558 571
558 600
560 590
561 607
563 593
564 618
565 570
565 625
566 609
567 580
569 593
570 625
572 576
573 574
575 611
580 604
581 584
581 586
581 604
581 617
581 621
582 617
582 621
584 612
586 588
586 596
586 625
592 602
596 621
608 612
612 618
615 616
617 621
621 625
