#num-nodes
1778
#num-links
5611
#links
0 182
0 575
0 887
0 1315
1 322
1 405
1 841
1 1187
2 12
2 49
2 191
2 374
2 459
2 572
2 627
2 632
2 650
2 659
2 664
2 922
2 935
2 949
3 416
3 583
3 609
4 18
4 182
4 387
4 584
4 621
4 623
4 628
4 781
4 858
4 910
4 947
4 971
4 1213
5 566
5 686
5 712
5 803
6 384
6 407
6 412
6 417
7 252
7 616
7 1317
8 21
8 603
8 631
8 1281
8 1287
10 14
10 299
10 332
10 418
10 1216
11 502
11 614
11 713
11 790
11 1023
11 1253
12 302
12 632
12 1329
13 781
13 893
13 979
13 1193
14 356
14 666
14 807
14 873
14 1108
14 1181
15 85
15 86
15 169
15 238
15 434
15 512
15 699
15 1060
16 282
16 540
16 1069
16 1347
17 87
17 426
17 702
17 729
17 788
17 851
17 855
17 1006
17 1176
18 29
18 257
18 332
18 372
18 533
18 584
18 598
18 971
18 984
18 1341
19 444
19 554
19 621
19 729
19 759
19 851
19 855
19 1285
20 56
20 305
20 392
20 582
20 624
20 661
20 690
20 790
20 863
20 902
20 1025
20 1036
20 1236
20 1331
21 651
21 779
21 831
21 923
21 1309
22 380
22 559
22 620
22 672
22 732
22 970
22 1045
22 1067
22 1167
23 232
23 1103
23 1207
23 1258
25 29
25 531
25 688
25 719
25 833
25 886
25 1168
25 1217
26 230
26 347
26 622
26 864
26 999
26 1039
26 1205
27 71
27 154
27 809
27 1225
28 426
28 457
28 710
28 843
28 1332
29 76
29 489
29 586
29 1192
29 1320
29 1341
30 342
30 384
30 1202
30 1222
31 100
31 211
31 498
31 561
31 606
31 618
31 1022
31 1023
31 1087
31 1278
32 39
32 87
32 377
32 665
32 729
32 795
32 851
32 920
32 997
32 1110
32 1126
32 1248
32 1265
33 597
33 972
33 1167
33 1341
34 100
34 174
34 275
34 381
34 606
34 713
34 810
34 1022
34 1023
34 1108
34 1116
34 1278
35 261
35 426
35 501
35 638
35 684
35 716
35 1006
35 1311
36 938
37 122
37 292
38 96
38 218
38 609
38 1172
38 1176
38 1310
39 462
39 905
39 997
39 1315
40 313
40 407
40 444
40 923
40 997
40 1000
40 1170
41 136
41 208
41 274
41 295
41 394
41 565
41 568
41 582
41 611
41 787
41 793
41 809
41 838
41 924
41 940
41 1097
41 1113
41 1254
42 57
42 513
42 658
43 287
43 325
43 407
43 482
43 574
43 635
43 973
43 1249
44 646
44 1136
45 73
45 123
45 290
45 510
45 724
45 738
45 858
45 1008
45 1177
46 57
46 60
46 101
46 164
46 643
46 644
47 710
47 740
48 455
48 479
48 680
48 740
48 914
48 929
48 1032
48 1139
48 1163
48 1296
48 1345
49 112
49 204
49 210
49 276
49 627
49 632
49 642
49 650
49 659
49 664
49 698
49 701
49 706
49 826
49 922
49 935
49 1042
50 474
50 1121
50 1164
51 806
51 880
52 130
52 205
52 342
52 381
52 400
52 518
52 631
52 794
52 882
52 1222
53 76
53 93
53 345
53 587
53 682
53 786
53 903
53 1180
54 1169
55 217
55 332
55 429
55 517
55 866
55 1058
55 1123
55 1198
55 1345
56 220
56 310
56 581
56 582
56 829
56 1036
56 1094
57 60
57 135
57 644
57 767
57 1047
57 1125
58 903
58 905
58 1224
60 511
60 513
60 644
60 767
60 1221
61 786
61 899
62 452
62 913
62 1157
63 105
63 151
63 683
63 993
63 1141
64 383
64 412
64 539
64 710
65 176
65 253
65 545
65 1018
65 1033
65 1099
65 1416
66 148
66 452
67 193
67 323
67 358
67 455
67 530
67 680
67 687
67 727
67 914
67 929
67 1296
67 1303
68 116
68 677
68 718
68 796
68 1044
68 1076
68 1202
69 374
69 433
69 649
69 712
69 720
69 826
69 917
69 1339
70 380
70 476
70 620
70 662
71 140
71 154
71 267
71 732
71 1225
71 1298
72 596
72 1240
72 1249
73 98
73 123
73 386
73 510
73 724
73 755
73 805
73 880
73 1037
73 1314
74 209
74 492
74 847
75 170
75 548
75 716
75 823
75 898
75 1305
76 786
76 1180
76 1201
77 90
77 262
77 527
77 568
77 879
78 528
78 1008
78 1021
78 1087
78 1280
78 1307
79 1189
80 92
80 131
80 560
80 617
80 695
80 817
80 1147
81 511
81 1221
82 399
82 478
82 781
82 857
82 1065
83 268
83 884
83 927
83 1215
83 1342
84 108
84 415
84 495
84 595
84 636
84 918
85 238
85 326
85 681
85 1033
86 313
86 540
86 548
86 682
86 1019
87 851
88 740
88 795
88 920
88 1112
88 1302
89 646
89 1136
90 307
90 341
90 568
90 611
90 730
90 1004
91 552
91 979
91 1145
91 1219
91 1241
92 877
92 928
92 963
92 1128
92 1147
92 1223
93 182
93 695
93 786
93 821
93 895
93 903
93 1224
94 190
94 516
94 1083
95 256
95 259
95 297
95 385
95 389
95 423
95 429
95 633
95 717
95 1056
95 1266
96 365
96 426
96 1124
96 1168
96 1172
96 1176
96 1189
96 1200
96 1310
97 364
97 414
97 423
97 426
97 441
97 497
97 599
97 600
97 988
97 1123
98 243
98 365
98 390
98 716
98 735
98 805
98 810
98 855
98 880
98 1041
98 1088
98 1222
98 1306
99 101
99 193
99 668
99 756
99 1265
100 211
100 254
100 370
100 451
100 606
100 855
100 942
100 1087
100 1278
101 147
101 222
102 373
102 522
102 531
102 751
102 853
102 1148
102 1192
102 1297
103 972
103 1557
104 736
104 902
104 904
104 942
104 969
104 1286
105 119
105 194
105 252
105 419
105 490
105 620
105 941
105 1141
105 1286
106 125
106 171
106 765
106 868
106 929
106 1007
106 1056
106 1335
107 255
107 380
107 544
107 620
107 690
107 733
107 870
107 871
107 876
107 1051
107 1132
107 1133
107 1256
109 221
109 471
109 880
109 1037
109 1168
109 1202
109 1258
109 1337
110 121
110 1001
110 1040
110 1258
110 1309
110 1312
111 133
111 398
111 759
111 817
111 935
111 1121
111 1180
111 1294
111 1342
112 119
112 201
112 225
112 252
112 275
112 701
112 941
112 951
112 957
113 390
113 1142
114 127
114 182
114 259
114 301
114 324
114 389
114 549
114 621
114 680
114 797
114 1030
114 1160
114 1220
114 1262
114 1297
115 344
115 410
115 1220
115 1303
115 1336
116 162
116 229
116 562
116 677
116 1076
117 832
118 127
118 182
118 554
118 801
118 1030
118 1135
118 1160
119 201
119 223
119 225
119 252
119 275
119 606
119 951
119 957
119 1141
120 155
120 191
120 213
120 278
120 408
120 803
120 922
120 949
120 1047
121 482
121 1210
122 130
122 177
122 311
122 471
122 1156
123 386
123 417
123 438
123 755
123 805
123 1193
123 1318
123 1344
124 225
124 418
124 529
124 612
125 174
125 243
125 324
125 363
125 429
125 633
125 667
125 669
125 798
125 1053
125 1056
125 1151
125 1213
126 1015
127 174
127 363
127 517
127 523
127 573
127 667
127 1135
127 1160
128 262
128 302
128 801
128 883
129 299
129 442
129 542
129 628
129 1061
129 1216
129 1243
129 1290
130 205
130 342
130 518
130 794
130 882
130 1222
131 617
131 917
131 1041
131 1077
132 170
132 203
132 396
132 445
132 1105
132 1195
133 515
133 531
133 765
133 806
133 816
133 1336
134 207
134 414
134 542
134 600
134 988
134 1245
135 1199
136 295
136 588
136 620
136 760
136 793
136 809
136 826
136 924
136 940
138 238
138 239
138 306
138 839
138 1078
139 775
139 804
140 566
140 730
140 879
140 1113
141 349
141 884
141 1159
141 1197
141 1215
142 302
142 380
142 642
142 698
142 701
142 1329
143 233
143 466
143 873
143 943
143 1118
144 330
144 915
144 1010
144 1298
145 215
145 232
145 238
145 287
145 319
145 325
145 326
145 563
145 681
145 762
145 854
145 1078
145 1103
145 1207
145 1291
146 294
146 369
146 559
146 670
146 715
146 915
146 935
147 222
147 344
147 668
147 1038
147 1090
147 1143
147 1227
147 1260
147 1295
149 304
149 634
149 635
149 1129
149 1260
150 913
150 1085
151 223
151 490
151 793
152 275
152 403
152 461
152 621
152 791
152 1213
153 216
153 396
153 784
153 847
154 658
154 722
154 918
154 1020
154 1085
154 1225
155 224
155 278
155 588
155 876
155 891
155 937
155 990
155 1098
155 1271
155 1272
156 248
157 230
157 337
157 489
157 609
157 638
157 663
157 716
157 943
157 998
157 1311
158 302
158 371
158 472
158 969
158 1271
159 705
159 772
159 806
159 1104
160 435
160 828
160 973
160 1223
161 183
161 537
161 672
161 683
161 818
161 820
161 842
161 1014
162 229
162 442
162 738
162 928
162 1223
162 1243
162 1285
165 198
165 200
165 202
165 361
165 798
165 885
165 1109
165 1175
168 224
168 419
168 1208
169 256
169 451
169 502
169 552
169 739
169 822
169 936
169 991
169 1060
169 1172
169 1262
170 505
170 1166
170 1195
170 1270
171 365
171 385
171 530
171 765
171 968
171 1002
171 1075
171 1084
171 1114
171 1266
171 1345
172 217
172 487
173 409
173 816
173 1001
173 1218
174 243
174 259
174 301
174 363
174 403
174 473
174 497
174 498
174 499
174 523
174 573
174 667
174 669
174 798
174 936
174 1019
174 1075
174 1088
174 1135
174 1151
175 1119
176 253
176 1018
176 1033
176 1099
177 311
177 1310
178 401
178 508
178 1109
179 327
179 362
179 472
179 852
179 1132
179 1279
179 1331
180 241
180 1150
181 411
181 413
181 424
181 583
181 586
181 677
181 753
181 810
181 893
181 1037
181 1088
182 184
182 1030
182 1206
182 1220
182 1301
182 1315
183 289
183 508
183 638
183 715
183 897
183 1014
183 1124
183 1155
183 1162
183 1246
183 1257
183 1263
184 296
184 473
184 1001
184 1203
184 1244
184 1264
185 404
185 524
185 687
185 994
185 1059
185 1071
185 1222
185 1325
186 243
186 297
186 363
186 522
186 1053
186 1135
186 1285
187 1099
187 1136
188 225
188 659
188 698
188 700
188 760
188 849
188 957
188 1292
189 394
189 511
189 709
189 1221
190 217
190 516
190 531
190 721
190 782
190 1083
190 1123
191 459
191 949
191 1047
191 1049
192 223
192 245
192 369
192 1279
193 668
193 749
194 210
194 223
194 490
194 871
194 1072
194 1339
195 317
195 764
195 1011
195 1124
195 1140
195 1143
196 866
196 896
196 1077
196 1308
197 441
197 599
197 716
197 1090
197 1095
198 200
198 216
198 361
198 622
198 953
198 1275
199 358
199 361
199 455
199 530
199 756
199 868
201 369
201 636
201 664
201 744
201 957
201 1046
201 1127
201 1162
201 1708
202 757
202 785
202 1011
203 276
203 411
203 473
203 583
203 724
203 893
203 998
204 210
204 245
204 276
204 650
204 659
204 664
204 698
204 701
204 888
204 922
205 500
205 575
205 705
205 772
205 794
205 806
205 1281
206 247
206 657
206 774
206 777
206 869
207 401
207 414
207 482
207 508
207 600
208 224
208 269
208 295
208 392
208 415
208 465
208 582
208 700
208 772
208 809
208 1067
208 1097
208 1155
209 250
209 279
209 391
209 422
209 492
209 705
209 992
209 1156
209 1242
210 350
210 852
210 1042
210 1267
210 1269
211 353
211 461
211 498
211 552
211 561
212 227
212 244
212 292
212 911
212 926
212 1089
212 1179
213 408
213 459
213 935
213 1034
215 238
215 287
215 325
215 1161
215 1243
216 361
216 579
217 311
217 332
217 393
217 509
217 549
217 552
217 571
217 733
217 867
217 889
217 936
217 1198
218 1172
218 1176
218 1200
218 1310
219 438
219 497
219 534
219 689
219 703
219 719
219 848
219 968
219 1185
219 1202
220 327
220 472
220 565
220 620
220 672
220 852
220 863
220 1025
220 1036
220 1046
220 1229
221 373
221 689
221 710
221 1013
221 1335
222 279
222 430
222 444
222 756
222 887
222 923
222 1203
222 1262
223 350
223 495
223 659
223 706
223 1107
224 295
224 861
225 659
225 700
225 760
225 849
225 951
225 1079
226 338
226 520
226 631
226 693
226 1112
226 1126
226 1287
227 244
227 297
227 338
227 1179
228 591
228 1168
230 244
230 347
230 609
230 622
230 638
230 785
230 864
230 1001
230 1304
231 464
231 564
231 1009
232 483
232 1103
232 1207
232 1258
233 286
233 381
233 448
233 518
233 678
233 731
233 842
235 345
235 439
235 1020
235 1082
235 1224
235 1226
235 1263
236 260
236 309
236 404
236 497
236 697
236 975
236 1318
237 317
237 494
237 668
238 599
238 762
238 839
238 927
238 1078
238 1234
238 1243
239 247
239 279
239 306
243 297
243 299
243 365
243 393
243 573
243 667
243 669
243 991
243 1135
244 292
244 1179
245 535
245 636
245 674
245 698
245 744
245 1107
245 1162
245 1246
245 1286
245 1301
247 268
247 279
247 313
247 657
247 1203
248 543
248 986
248 987
249 574
249 702
249 1150
249 1175
249 1244
249 1315
250 574
251 595
251 883
251 1331
252 615
252 670
252 915
252 931
252 1196
252 1301
252 1317
253 388
253 540
253 699
253 1018
253 1033
253 1099
253 1284
253 1332
254 353
254 359
254 406
254 505
254 509
254 612
254 617
254 618
254 624
254 942
254 982
254 1198
254 1344
255 380
255 620
255 624
255 690
255 870
255 1036
255 1051
256 751
256 858
256 1151
256 1250
257 474
257 553
257 598
257 683
257 1083
257 1256
258 1153
258 1213
259 261
259 324
259 429
259 577
259 669
259 1053
260 533
260 626
260 975
260 997
260 1048
260 1318
261 403
261 523
261 577
261 1075
261 1345
262 527
262 775
262 940
263 374
263 615
263 620
263 683
263 730
263 838
263 1339
264 297
264 365
264 385
264 865
264 1006
264 1056
264 1075
264 1110
264 1114
264 1123
266 282
266 312
266 926
266 1192
267 285
267 382
267 723
268 463
268 637
268 1214
268 1241
269 415
269 565
269 924
269 1067
269 1094
270 502
270 858
270 996
270 1232
271 435
271 591
272 437
272 1326
273 1065
274 469
274 565
274 611
274 658
274 661
274 809
274 1113
274 1167
274 1721
275 685
275 706
275 807
275 951
275 1022
275 1108
275 1278
276 346
276 425
276 650
276 1290
277 443
277 483
278 433
278 446
278 459
278 506
278 544
278 624
278 653
278 809
278 990
278 1047
278 1236
279 422
279 613
279 965
279 1230
279 1242
279 1312
280 288
281 553
281 983
282 836
282 936
282 1069
283 470
284 617
284 1008
284 1280
285 465
285 469
285 595
285 883
285 1049
286 320
286 356
286 448
286 519
286 617
286 1041
286 1267
287 326
287 377
287 562
287 563
287 854
287 906
287 934
287 1240
287 1299
287 1313
289 460
289 476
289 554
289 728
289 742
289 745
289 941
290 376
290 738
290 995
292 463
293 544
293 1113
294 879
294 1257
294 1269
295 491
295 924
295 940
295 1204
296 347
296 833
296 864
296 1001
296 1144
297 365
297 373
297 593
297 779
297 858
297 1151
297 1345
298 353
298 614
298 617
298 789
299 403
299 583
299 617
299 947
299 1039
299 1081
299 1084
299 1216
300 413
300 461
300 789
300 791
300 1307
301 359
301 549
301 554
301 577
301 623
301 667
301 866
301 1151
301 1160
301 1294
301 1300
302 362
302 364
302 415
302 595
302 838
302 871
302 1133
304 666
304 1129
304 1260
305 799
305 1014
305 1246
305 1279
306 313
306 1169
307 803
308 502
308 528
308 621
308 971
308 1253
309 364
309 441
309 534
309 542
309 599
309 1318
309 1336
310 659
310 690
310 733
310 746
310 1042
310 1044
310 1079
310 1267
311 631
311 867
311 977
312 911
312 926
312 1128
312 1146
312 1335
313 380
313 963
313 1019
313 1051
313 1136
314 695
314 948
315 458
315 801
316 1148
317 381
317 682
317 843
317 1316
318 675
318 717
319 325
319 1234
319 1291
320 445
320 448
320 475
320 581
320 1411
321 491
321 851
321 1104
321 1106
322 405
322 489
322 841
322 1013
322 1187
322 1202
323 665
323 716
323 740
323 920
323 1015
323 1032
323 1110
323 1345
324 403
324 522
324 523
324 633
324 669
324 680
324 717
324 1007
324 1053
324 1056
325 326
325 547
325 563
325 854
325 1016
325 1119
326 562
326 840
326 854
326 906
326 934
326 1078
326 1130
326 1234
327 362
327 450
327 472
327 484
327 556
327 620
327 852
328 916
329 539
329 652
329 663
329 689
329 704
329 708
329 865
329 904
329 992
329 1115
329 1255
330 340
330 1010
330 1044
330 1298
331 792
331 861
331 981
331 1082
331 1224
332 393
332 420
332 509
332 942
332 947
332 1123
332 1198
333 488
333 691
333 952
333 1040
333 1143
333 1152
333 1195
333 1260
334 614
334 785
334 980
334 1302
337 489
337 609
337 638
337 716
337 794
337 943
337 998
337 1144
337 1267
337 1311
337 1335
338 500
338 520
338 649
338 860
338 882
338 977
338 1281
338 1287
339 837
339 1208
340 624
340 1044
340 1256
341 470
341 897
342 489
342 518
342 657
342 794
342 882
342 886
342 1202
342 1222
342 1325
343 360
343 871
343 1004
343 1162
343 1229
343 1292
344 489
344 506
344 536
344 630
344 668
344 1011
344 1217
344 1239
345 786
345 890
345 1082
345 1224
345 1226
345 1291
346 425
346 658
346 709
346 1290
347 374
347 622
347 806
347 864
347 1257
348 550
348 987
348 1150
348 1188
349 884
350 566
350 615
350 683
350 966
350 1014
350 1283
351 1237
353 498
353 555
353 614
353 742
353 848
353 982
353 1343
354 875
354 1153
355 593
355 953
355 954
355 1261
356 448
356 788
356 829
356 873
356 889
356 1023
356 1102
356 1181
357 567
358 455
358 530
358 680
358 1032
358 1277
359 622
359 705
359 864
360 484
360 544
360 736
360 891
360 902
360 1196
360 1273
361 1100
361 1240
362 415
362 559
362 620
362 852
362 871
362 1132
362 1133
362 1279
362 1695
363 522
363 523
363 539
363 669
363 1056
363 1135
363 1151
363 1300
364 423
364 441
364 497
364 505
364 542
364 599
364 1166
365 385
365 389
365 868
365 936
365 1100
365 1123
365 1345
366 977
366 1029
367 572
367 627
367 632
367 706
367 715
367 922
367 1034
367 1131
367 1196
367 1257
368 424
368 814
368 842
368 1118
369 459
369 566
369 1047
369 1269
369 1322
369 1326
369 1477
370 1232
371 876
371 1092
371 1132
371 1271
372 418
372 529
372 825
372 889
372 1259
373 573
373 688
373 737
373 841
373 1158
374 648
374 700
374 706
374 917
374 1036
374 1063
374 1186
374 1257
375 1064
375 1284
376 382
376 783
376 824
376 1008
376 1081
376 1233
376 1307
376 1314
377 763
377 912
377 1027
377 1136
377 1237
378 816
378 1043
378 1310
379 536
379 1104
379 1142
379 1203
379 1231
379 1235
379 1239
380 472
380 611
380 620
380 624
380 690
380 963
380 1067
380 1167
381 424
381 649
381 713
381 807
381 1022
381 1116
383 494
383 524
383 652
383 721
383 740
383 844
383 956
383 1112
383 1248
384 489
384 894
384 1012
384 1185
384 1255
385 633
385 687
385 716
385 756
385 765
385 802
385 914
385 1002
385 1075
385 1154
385 1266
385 1345
386 438
386 497
386 753
386 1193
387 724
387 751
387 1250
388 540
388 582
388 699
388 1099
388 1284
389 499
389 667
389 798
389 858
389 1181
390 430
390 596
390 619
390 693
390 749
391 473
391 492
391 648
391 1196
392 425
392 582
392 590
392 661
392 763
392 790
392 863
392 902
392 1067
392 1236
392 1331
392 1339
393 553
393 567
393 623
393 1198
393 1233
394 611
394 643
394 993
394 1221
394 1228
394 1254
394 1321
395 401
395 506
396 788
396 867
397 491
397 700
397 744
397 835
397 966
397 1015
397 1046
397 1199
397 1776
398 1180
399 478
399 857
399 1057
400 607
400 687
400 892
400 1059
400 1071
400 1174
401 441
401 497
401 584
401 599
401 1258
401 1261
402 677
402 691
402 1076
403 498
403 667
403 1053
403 1056
403 1137
403 1151
403 1262
404 537
404 975
404 1318
405 412
405 467
405 782
405 841
405 1013
405 1168
405 1320
406 505
406 509
406 617
406 781
406 797
406 942
406 982
406 1198
406 1205
406 1229
407 482
407 635
407 1161
407 1249
408 459
408 760
408 1034
408 1196
409 911
409 998
409 1218
410 430
411 584
411 789
411 810
411 982
411 1037
411 1088
411 1219
412 438
412 467
412 710
412 1013
412 1320
413 424
413 461
413 1236
414 600
414 988
415 565
415 809
415 924
415 1067
415 1133
415 1199
417 461
418 529
418 571
418 825
418 889
418 1259
419 777
419 1141
420 1198
421 432
421 630
422 887
422 953
422 1024
422 1230
422 1242
423 811
423 1176
423 1200
424 678
424 735
424 842
424 1021
424 1118
425 481
425 648
425 1004
426 1006
426 1163
426 1171
426 1189
427 923
428 482
428 538
428 629
428 734
428 872
428 885
428 1090
428 1206
428 1295
429 633
429 716
429 735
429 755
429 873
429 914
429 929
429 1023
429 1154
429 1181
429 1308
430 1040
430 1240
431 1125
431 1221
432 1203
433 544
433 636
433 653
433 712
433 723
433 826
433 1036
433 1042
433 1246
433 1269
433 1329
434 445
434 554
434 646
434 874
434 889
434 1000
434 1105
434 1123
434 1166
435 828
436 496
436 628
436 693
436 784
436 1109
436 1206
436 1264
437 1326
438 488
438 593
438 791
438 848
438 856
438 874
438 880
438 886
438 968
438 1012
438 1040
438 1202
438 1345
439 1020
440 461
440 813
440 994
441 497
441 597
441 599
441 741
441 1172
441 1176
441 1200
441 1282
442 1058
442 1243
443 483
443 545
443 674
443 938
443 1207
444 522
444 552
444 577
444 615
444 621
444 1262
444 1300
445 537
445 750
445 842
445 1108
445 1118
445 1137
445 1216
445 1262
446 726
446 937
446 990
446 1469
447 629
447 1090
447 1171
447 1295
448 673
448 678
448 731
448 1108
449 842
449 1188
450 495
450 615
450 941
450 1267
450 1269
451 552
451 888
451 947
451 1172
451 1216
452 569
453 783
453 1000
453 1019
453 1027
453 1153
454 646
454 898
454 1016
454 1251
455 530
455 756
455 868
455 978
455 1139
456 646
456 1136
457 813
457 843
457 1006
458 713
458 801
459 495
459 949
459 1047
459 1331
460 476
460 745
460 863
460 1004
461 498
461 561
461 630
461 791
461 1307
462 714
462 1150
463 1214
464 564
464 845
464 993
464 1009
465 595
465 809
465 1049
465 1097
465 1204
465 1290
466 571
466 614
466 1137
466 1219
467 1296
468 643
468 1035
468 1082
468 1096
469 658
469 1020
469 1097
469 1224
471 545
471 716
471 1013
472 620
472 852
472 1301
473 887
473 1001
473 1304
474 1000
474 1027
474 1083
474 1211
475 856
475 1057
476 730
476 745
476 879
476 924
476 1004
476 1047
477 713
477 813
478 480
478 581
478 1057
479 530
479 558
479 868
479 1015
479 1266
480 1057
480 1065
481 924
481 1055
481 1144
481 1148
482 628
482 635
482 976
482 1121
482 1237
483 545
483 674
483 811
483 1169
483 1189
483 1207
483 1214
484 544
484 706
484 780
484 897
484 1162
484 1186
484 1263
485 541
485 717
485 1173
486 741
487 677
487 750
487 1353
488 492
488 493
488 691
488 734
488 755
488 972
488 1084
488 1143
488 1152
489 638
489 688
489 689
489 704
489 816
489 1059
489 1148
489 1168
489 1185
489 1255
489 1338
490 712
490 799
490 941
490 966
490 1072
490 1141
490 1236
490 1301
490 1339
491 744
491 835
491 1043
491 1046
491 1301
492 779
493 1024
494 687
494 740
494 929
494 956
494 1005
494 1112
495 615
495 627
495 642
495 706
495 776
495 941
495 1196
495 1225
495 1346
496 499
496 557
496 645
496 784
496 801
496 847
496 905
496 997
496 1158
496 1244
496 1264
497 505
497 542
497 599
497 600
497 630
497 975
497 1006
497 1282
498 561
498 909
498 1023
498 1181
499 623
499 774
499 781
499 858
500 860
500 882
500 1023
500 1281
501 1006
502 528
502 649
502 888
502 1041
502 1181
504 1137
504 1219
505 823
505 912
505 1019
505 1119
506 1138
506 1303
506 1342
507 799
507 966
507 1254
507 1292
508 975
508 1231
509 1058
509 1198
509 1344
510 516
510 724
510 738
510 1017
510 1146
510 1147
510 1201
511 897
511 1025
511 1221
512 593
512 1177
512 1232
513 658
514 610
514 979
514 1282
515 579
515 754
515 1214
516 782
516 783
516 928
516 1074
516 1245
517 573
517 708
517 751
517 832
517 866
518 591
518 866
518 882
518 1222
518 1281
519 612
519 1241
520 541
520 693
520 1126
520 1316
521 545
521 589
521 801
521 847
521 1276
522 531
522 751
522 880
522 1053
522 1135
522 1297
523 526
523 573
523 667
523 1135
523 1151
524 716
524 892
524 1124
524 1325
524 1345
525 526
525 541
525 942
525 1126
526 684
526 693
526 728
526 1126
527 919
527 1061
528 971
528 1093
529 571
529 640
529 889
529 1077
529 1259
530 769
530 868
530 1007
530 1032
530 1114
531 688
531 727
531 751
531 853
531 1192
531 1312
532 578
532 739
532 966
533 626
533 1317
535 636
535 653
535 733
535 1286
535 1323
536 579
536 630
536 943
536 945
536 968
536 1043
536 1067
536 1156
536 1217
536 1235
536 1239
536 1260
536 1261
537 672
537 818
537 820
537 842
537 1014
537 1290
537 1331
538 602
538 694
539 652
539 669
539 721
539 1115
539 1248
540 628
540 699
540 1284
541 753
542 599
542 1171
543 576
543 761
543 976
543 1332
544 690
544 733
544 780
544 1042
544 1186
544 1259
545 674
545 811
545 869
545 1174
546 1181
547 799
547 817
547 854
548 821
549 554
549 584
549 599
549 1037
549 1123
549 1294
550 1188
552 577
552 667
552 737
552 807
552 810
552 888
552 1262
553 617
553 1077
554 724
554 855
554 1262
555 977
556 888
556 1232
557 619
557 635
557 671
557 938
557 1244
558 704
558 721
558 844
558 868
558 904
558 920
558 956
558 1112
558 1248
558 1265
559 565
559 572
559 706
559 1167
559 1331
560 699
560 984
560 1074
561 955
562 563
562 594
562 854
562 934
562 1078
562 1103
563 854
563 906
563 1299
564 845
564 1009
565 835
565 924
565 1045
565 1133
566 611
566 720
566 838
566 839
566 883
566 958
566 972
566 1113
567 577
567 742
567 961
567 1001
567 1021
568 611
568 787
568 838
568 958
568 1113
568 1204
570 612
570 649
570 1347
571 733
571 813
571 825
571 1142
571 1259
571 1308
572 627
572 632
572 659
572 664
572 680
572 706
572 776
572 922
572 978
572 1196
573 866
573 1135
573 1151
574 635
574 973
575 772
575 916
576 979
576 984
576 1074
577 866
577 961
577 1056
577 1300
577 1308
578 804
578 876
578 1014
579 754
579 788
579 965
579 1214
580 730
580 879
580 1204
581 620
581 700
581 826
581 1036
582 590
582 790
582 863
582 1236
583 617
583 947
583 1088
583 1253
584 618
584 750
584 947
584 971
584 1037
584 1149
585 753
585 893
585 1259
586 598
586 612
586 1192
586 1202
586 1241
587 682
587 786
587 1180
588 891
588 1044
588 1098
588 1229
588 1271
589 671
589 1169
589 1190
589 1333
590 636
590 653
590 1236
590 1269
590 1339
593 954
593 1071
593 1261
594 934
594 1313
595 809
595 838
596 1240
598 612
598 1314
598 1341
599 1076
600 727
600 822
600 988
600 1245
601 608
602 771
602 1245
602 1315
603 677
603 950
604 1076
604 1111
604 1212
605 742
605 750
605 797
605 814
605 1037
605 1143
605 1152
605 1295
605 1304
606 807
606 1022
606 1087
607 673
607 687
607 713
607 892
607 1059
608 611
609 638
609 794
609 943
609 1260
609 1304
609 1311
610 979
610 1282
610 1294
611 783
611 787
611 838
611 901
611 958
611 1113
611 1254
612 1077
612 1241
613 714
613 1064
613 1230
614 789
614 836
614 1023
615 706
615 776
615 941
615 1063
615 1339
617 906
617 947
617 982
617 1314
618 848
618 923
618 1004
618 1134
618 1309
619 1066
620 643
620 672
620 852
620 1044
620 1067
620 1132
620 1133
620 1229
620 1323
621 724
621 1037
621 1088
621 1300
622 638
622 864
622 1001
622 1304
623 889
623 1300
623 1306
624 824
624 1044
624 1097
624 1331
624 1334
625 702
625 1227
627 632
627 659
627 664
627 922
627 1196
627 1257
628 821
628 1237
628 1319
629 885
630 705
630 719
630 1004
630 1091
630 1185
630 1217
630 1235
631 1281
631 1287
631 1337
632 701
632 706
632 776
632 858
632 922
632 1042
632 1053
632 1196
632 1257
633 680
633 765
633 914
633 932
633 1005
633 1056
633 1139
634 1166
634 1205
635 1182
636 698
636 733
636 744
636 957
636 1079
636 1301
636 1708
637 999
637 1005
637 1159
637 1214
637 1216
638 716
638 1222
638 1269
638 1281
638 1311
638 1335
639 1243
639 1258
640 880
640 886
640 949
640 1064
641 679
641 1026
641 1096
642 659
642 701
642 706
642 776
642 1042
642 1196
642 1267
642 1329
643 1014
643 1125
643 1221
643 1321
644 769
644 890
645 693
646 946
646 963
646 1136
646 1200
647 1124
647 1260
648 700
648 726
648 748
648 871
648 902
648 1127
648 1186
648 1196
648 1236
648 1273
648 1339
649 713
649 805
649 843
649 917
649 1041
649 1077
650 659
650 664
650 701
650 922
650 1108
650 1329
651 896
651 1309
652 665
652 708
652 711
652 721
652 844
652 904
652 920
652 956
652 1112
652 1248
653 1079
653 1246
654 702
654 975
655 840
655 1240
655 1299
657 1029
657 1143
658 1080
659 700
659 760
659 776
659 957
659 1292
660 1019
660 1120
661 683
661 793
661 1067
661 1097
661 1323
662 1209
663 833
663 858
663 1084
663 1297
664 700
664 760
664 776
664 1079
664 1329
665 801
665 921
665 1066
665 1109
666 817
666 1037
666 1074
666 1260
666 1309
666 1343
667 991
667 1019
667 1053
667 1088
667 1135
667 1151
668 978
668 1015
668 1038
668 1090
668 1227
669 798
669 841
669 1056
669 1151
670 915
671 1065
671 1190
672 732
672 852
672 870
672 1014
672 1167
672 1331
673 1059
673 1337
674 717
674 898
675 830
675 1169
675 1255
677 718
677 1044
678 842
678 1118
678 1262
678 1278
679 1026
679 1096
679 1340
680 978
680 1053
680 1114
680 1151
680 1259
681 946
681 1119
681 1234
682 983
682 989
682 990
682 1180
683 730
683 1051
683 1064
683 1133
683 1141
684 728
685 695
685 759
686 803
687 718
687 721
687 740
687 769
687 892
687 994
687 1266
687 1302
687 1345
688 719
688 727
688 737
688 943
688 1178
689 704
689 708
689 1007
689 1115
689 1168
689 1255
689 1335
690 723
690 733
690 870
690 1051
691 1130
691 1143
691 1152
691 1260
692 717
692 938
693 711
693 1126
693 1265
694 1309
695 895
695 903
695 1146
696 747
696 827
696 1314
697 1104
697 1171
697 1318
698 849
698 1079
699 1099
699 1284
700 815
700 826
700 849
700 1036
700 1196
700 1292
701 706
701 776
701 815
701 826
701 922
701 957
701 1042
701 1131
701 1267
702 714
702 1175
703 848
704 708
704 711
704 721
704 865
704 904
704 956
704 1112
704 1115
704 1248
705 727
705 772
705 1104
706 776
706 826
706 922
706 951
706 1042
706 1046
706 1063
706 1131
706 1196
706 1329
707 770
708 711
708 1115
708 1178
708 1255
708 1335
710 711
710 740
710 1239
710 1266
711 956
712 1025
712 1254
713 807
713 813
713 843
713 980
713 994
713 1116
714 1175
715 819
715 922
715 1204
716 1075
716 1345
717 938
717 1173
717 1182
717 1274
718 1076
719 886
719 968
719 1217
720 776
720 1101
720 1113
721 844
721 904
721 920
721 1112
721 1117
721 1248
721 1265
721 1277
722 1009
722 1225
723 826
723 931
723 985
723 1009
723 1229
724 810
724 880
724 1037
724 1105
725 869
725 1076
725 1313
726 736
726 748
726 902
726 1127
726 1162
726 1273
727 772
727 854
727 1142
727 1202
727 1335
728 1104
729 851
729 855
729 976
729 997
730 879
730 1035
730 1141
730 1204
731 807
731 1087
731 1278
732 870
732 1167
732 1254
734 1152
735 791
735 866
735 1308
736 902
736 1228
736 1273
736 1330
737 1015
737 1148
737 1297
738 858
739 1060
740 904
740 914
740 929
740 1302
741 959
741 1172
741 1341
742 814
742 947
742 961
742 995
742 1021
742 1058
742 1211
742 1233
743 1324
746 1131
747 753
748 1186
748 1273
750 936
750 947
750 1137
750 1216
750 1219
751 880
751 1250
753 893
753 1040
754 1214
755 756
755 887
755 1095
755 1114
755 1146
755 1262
755 1266
756 1090
756 1114
756 1266
757 984
757 1258
759 976
759 1205
760 815
760 1475
761 984
761 1188
762 839
762 1078
762 1234
762 1243
763 783
763 934
763 963
763 1027
763 1299
764 943
764 1134
765 932
765 1002
765 1139
765 1154
765 1266
765 1345
768 823
768 964
769 1112
769 1159
769 1296
769 1315
771 928
772 1029
772 1100
773 1027
775 804
776 863
776 1042
776 1063
776 1196
776 1257
776 1329
777 1162
778 1015
778 1123
778 1168
778 1172
779 923
779 1054
779 1065
779 1119
780 879
781 979
781 1156
781 1193
781 1285
781 1294
782 1074
783 1153
784 847
784 1203
784 1206
784 1264
784 1295
785 943
785 955
785 1106
785 1304
786 903
786 1180
787 819
787 924
787 940
787 1097
787 1113
787 1141
787 1254
788 1105
788 1260
789 1307
790 826
790 1067
790 1094
790 1135
790 1236
791 807
791 1213
791 1307
792 1096
794 943
794 968
797 1168
797 1203
797 1301
797 1557
798 1032
798 1053
799 965
799 966
799 972
799 1063
799 1223
799 1292
799 1339
800 854
800 1309
801 872
801 1024
801 1066
801 1123
801 1158
801 1220
801 1244
801 1264
802 914
802 1112
802 1139
802 1154
802 1289
802 1300
802 1302
802 1345
805 1041
805 1280
806 841
806 1030
806 1129
806 1160
807 1022
807 1023
807 1108
807 1116
809 924
809 940
809 1097
809 1141
810 880
810 1037
810 1088
811 1055
811 1189
813 887
813 980
813 994
814 832
814 866
814 947
814 1021
814 1146
814 1233
814 1308
815 826
815 1475
816 943
816 1172
818 1014
819 924
820 1014
821 995
821 1314
822 906
822 1090
822 1245
823 832
825 889
825 1166
825 1259
825 1307
826 891
826 1094
827 898
829 873
830 1156
832 1083
832 1166
832 1211
832 1215
833 1144
834 1027
837 1044
838 839
838 879
838 883
838 1078
838 1097
838 1113
838 1127
838 1131
838 1204
838 1263
839 927
839 1078
839 1103
839 1234
839 1299
840 1214
841 962
841 1187
841 1202
842 1087
842 1108
842 1118
842 1195
843 1316
844 865
844 904
844 920
844 1112
844 1248
844 1265
846 1071
846 1325
847 905
847 921
847 997
847 1206
848 1316
849 1292
850 1192
851 855
851 976
852 871
852 1132
853 943
853 1148
853 1192
853 1260
853 1297
854 934
854 950
854 1210
854 1234
855 1088
855 1285
856 1065
857 894
857 1057
857 1065
858 984
858 989
858 1007
858 1203
858 1250
858 1300
860 882
860 1023
860 1281
861 937
863 1004
863 1025
864 1001
864 1084
865 1075
865 1112
865 1137
865 1244
865 1248
865 1277
866 888
866 1102
866 1262
866 1294
866 1308
868 929
868 1032
869 907
870 1051
870 1098
870 1167
870 1331
871 1132
871 1133
871 1286
871 1339
872 905
872 1110
872 1158
872 1206
872 1264
873 1023
873 1102
873 1181
874 887
874 1143
875 1122
875 1171
875 1275
876 1132
876 1184
876 1283
877 912
877 1136
879 924
879 1127
879 1204
880 1053
880 1064
880 1137
880 1159
880 1233
880 1250
881 1741
882 1281
883 969
883 1049
883 1204
883 1298
884 982
884 1029
884 1197
884 1215
885 1090
885 1295
886 951
886 1106
886 1222
887 1203
888 1021
888 1253
888 1262
888 1328
889 1233
889 1259
890 1082
890 1204
890 1224
890 1226
890 1298
891 937
891 1042
891 1098
891 1271
891 1272
892 978
892 1043
892 1068
892 1277
894 1065
895 903
895 910
895 1149
895 1224
895 1253
897 1028
897 1324
898 1016
899 1223
901 1280
902 1229
902 1273
903 1224
904 920
904 956
904 1112
904 1248
904 1255
904 1265
905 997
905 1206
905 1315
906 934
910 971
910 1149
910 1213
911 1095
911 1104
911 1179
912 946
912 1136
912 1203
913 1085
913 1157
914 929
914 1071
914 1139
914 1289
914 1302
914 1325
917 981
917 1041
920 922
920 956
920 1244
920 1248
920 1255
920 1277
921 1084
921 1109
922 1042
922 1257
923 1210
924 1097
924 1141
925 928
926 1128
928 1074
928 1223
928 1224
928 1322
929 1015
929 1266
929 1289
932 962
934 1234
934 1299
935 941
935 951
935 1047
935 1329
935 1330
936 947
936 984
936 1060
936 1123
936 1304
937 990
937 1098
938 1182
938 1250
938 1274
940 1101
940 1254
941 951
941 1063
941 1339
942 1237
942 1505
943 968
943 1001
943 1084
943 1148
943 1203
943 1260
945 1168
945 1255
945 1335
947 1039
947 1216
947 1233
947 1294
949 1047
951 1042
951 1046
952 1129
952 1152
953 954
954 1230
955 1268
956 1112
956 1248
957 1079
957 1162
957 1450
957 1708
958 1111
958 1113
963 1192
963 1299
964 1231
964 1240
964 1275
965 1197
965 1217
965 1295
966 972
966 1292
966 1301
966 1339
967 1100
968 1106
968 1260
969 1098
969 1132
969 1279
969 1368
969 1469
969 1696
970 1208
970 1280
971 1093
971 1149
971 1213
971 1253
972 1072
972 1339
975 1318
976 1294
976 1332
977 1029
977 1343
978 1007
978 1277
979 1060
979 1193
979 1282
979 1294
979 1306
980 994
980 1325
981 993
982 1278
982 1343
983 989
984 1053
984 1054
984 1060
984 1188
984 1306
986 1100
987 1003
988 1124
988 1245
988 1318
990 1272
992 1255
994 1011
995 1021
995 1322
996 1058
998 1144
998 1255
999 1005
999 1102
999 1159
1000 1027
1000 1153
1000 1245
1000 1309
1001 1144
1001 1201
1001 1304
1001 1312
1002 1345
1004 1025
1004 1204
1005 1159
1005 1261
1007 1023
1007 1250
1007 1302
1008 1191
1008 1280
1010 1127
1010 1155
1010 1204
1010 1298
1011 1069
1011 1140
1011 1303
1012 1061
1012 1091
1014 1246
1015 1084
1015 1139
1018 1033
1018 1099
1019 1027
1019 1120
1019 1153
1019 1170
1020 1045
1020 1082
1020 1224
1020 1226
1021 1233
1021 1278
1021 1285
1021 1300
1022 1023
1022 1116
1022 1278
1023 1253
1023 1278
1023 1281
1024 1242
1025 1221
1026 1096
1028 1113
1028 1324
1029 1343
1030 1110
1030 1206
1030 1220
1031 1082
1031 1127
1033 1099
1034 1330
1036 1229
1036 1246
1038 1090
1038 1227
1040 1231
1043 1108
1044 1079
1044 1256
1044 1331
1046 1301
1049 1263
1050 1337
1052 1328
1053 1102
1053 1123
1053 1151
1056 1151
1056 1213
1058 1198
1059 1068
1059 1337
1060 1262
1060 1308
1062 1074
1063 1257
1063 1329
1063 1335
1063 1339
1064 1266
1066 1158
1066 1265
1067 1254
1067 1323
1068 1337
1069 1328
1069 1347
1070 1127
1071 1187
1072 1124
1072 1283
1072 1339
1073 1106
1074 1166
1074 1223
1075 1115
1075 1255
1076 1110
1077 1308
1078 1103
1078 1234
1079 1269
1079 1708
1081 1190
1082 1226
1083 1088
1083 1201
1083 1211
1083 1241
1084 1112
1084 1148
1084 1178
1084 1297
1085 1221
1087 1108
1087 1118
1087 1278
1088 1219
1090 1227
1090 1295
1093 1149
1093 1213
1093 1253
1097 1204
1098 1257
1098 1271
1098 1272
1099 1284
1100 1156
1101 1238
1101 1279
1101 1331
1102 1216
1102 1308
1103 1207
1104 1121
1104 1156
1104 1164
1104 1239
1105 1216
1105 1325
1108 1335
1109 1244
1109 1264
1110 1158
1112 1137
1112 1139
1112 1248
1113 1324
1114 1123
1114 1266
1115 1168
1115 1255
1116 1262
1117 1139
1117 1248
1117 1277
1118 1181
1118 1278
1119 1232
1119 1323
1121 1164
1121 1309
1121 1313
1122 1171
1122 1275
1124 1137
1124 1168
1125 1321
1126 1287
1126 1316
1127 1162
1127 1273
1127 1324
1129 1260
1131 1257
1132 1279
1132 1695
1133 1695
1134 1309
1135 1154
1137 1219
1139 1248
1139 1289
1139 1302
1141 1339
1143 1152
1143 1159
1144 1312
1145 1188
1148 1297
1148 1312
1149 1253
1151 1345
1152 1239
1152 1245
1152 1280
1152 1285
1154 1266
1155 1263
1156 1235
1156 1260
1158 1244
1158 1264
1159 1197
1159 1215
1159 1261
1161 1243
1162 1184
1162 1186
1162 1286
1166 1177
1166 1201
1166 1211
1167 1279
1168 1255
1170 1177
1171 1261
1171 1275
1171 1276
1172 1200
1172 1222
1172 1310
1176 1200
1176 1222
1176 1310
1182 1274
1183 1286
1185 1338
1190 1194
1190 1274
1190 1333
1195 1261
1196 1236
1196 1301
1196 1329
1197 1215
1199 1225
1200 1310
1201 1206
1201 1295
1201 1300
1202 1222
1204 1298
1206 1220
1206 1264
1206 1295
1207 1214
1207 1243
1207 1258
1209 1263
1211 1233
1211 1305
1213 1253
1213 1332
1217 1303
1220 1244
1221 1321
1222 1325
1223 1322
1224 1226
1234 1299
1235 1239
1236 1280
1236 1339
1240 1313
1242 1244
1244 1264
1245 1318
1246 1286
1248 1265
1248 1277
1250 1253
1255 1257
1255 1335
1260 1312
1261 1342
1262 1308
1265 1266
1267 1269
1271 1292
1271 1776
1282 1341
1285 1294
1289 1325
1297 1312
1300 1306
1304 1344
1308 1323
1308 1344
1310 1337
1325 1338
1328 1347
1348 1403
1348 1407
1348 1511
1348 1515
1348 1546
1348 1645
1348 1651
1348 1680
1348 1685
1348 1695
1348 1739
1349 1351
1349 1536
1349 1547
1349 1557
1349 1605
1349 1627
1349 1722
1349 1728
1350 1374
1350 1391
1350 1412
1350 1513
1350 1551
1350 1642
1350 1747
1351 1362
1351 1407
1351 1426
1351 1451
1351 1458
1351 1476
1351 1516
1351 1521
1351 1534
1351 1538
1351 1572
1351 1576
1351 1605
1352 1480
1352 1523
1352 1570
1352 1591
1352 1656
1352 1729
1353 1450
1353 1546
1353 1578
1353 1630
1353 1718
1353 1742
1353 1763
1354 1485
1354 1596
1354 1636
1354 1645
1354 1706
1354 1722
1354 1734
1354 1766
1355 1534
1355 1557
1355 1563
1355 1572
1355 1602
1355 1615
1355 1651
1355 1707
1355 1719
1356 1468
1356 1488
1356 1554
1356 1568
1356 1666
1356 1709
1356 1719
1357 1447
1357 1599
1357 1608
1357 1628
1357 1714
1357 1751
1358 1656
1359 1528
1359 1561
1360 1526
1360 1632
1360 1739
1361 1378
1361 1423
1361 1445
1361 1494
1361 1526
1361 1531
1361 1547
1361 1560
1361 1567
1361 1573
1361 1575
1361 1594
1361 1596
1361 1607
1361 1615
1361 1681
1361 1695
1361 1726
1361 1752
1361 1753
1361 1757
1362 1390
1362 1407
1362 1538
1362 1623
1362 1651
1362 1694
1363 1398
1363 1467
1363 1481
1363 1539
1363 1612
1364 1366
1364 1478
1364 1522
1364 1614
1364 1643
1364 1705
1364 1773
1365 1396
1365 1421
1365 1431
1365 1539
1365 1584
1365 1591
1365 1692
1366 1382
1366 1478
1366 1494
1366 1499
1366 1509
1366 1543
1366 1562
1366 1600
1366 1608
1366 1614
1366 1755
1366 1762
1367 1387
1367 1552
1368 1474
1368 1536
1368 1557
1368 1589
1368 1627
1368 1636
1368 1722
1368 1757
1369 1491
1370 1499
1370 1566
1370 1702
1370 1764
1371 1382
1371 1433
1371 1553
1373 1377
1373 1404
1373 1452
1373 1499
1373 1514
1373 1613
1373 1653
1373 1672
1374 1391
1374 1461
1374 1551
1374 1603
1374 1661
1374 1724
1374 1727
1376 1402
1377 1514
1377 1558
1377 1629
1378 1414
1378 1423
1378 1426
1378 1451
1378 1460
1378 1541
1378 1561
1378 1573
1378 1576
1378 1597
1378 1607
1378 1681
1378 1695
1378 1753
1379 1473
1379 1487
1379 1493
1379 1516
1379 1547
1379 1607
1379 1667
1379 1717
1379 1721
1380 1467
1380 1550
1380 1612
1380 1703
1381 1460
1381 1651
1381 1719
1382 1402
1382 1457
1382 1466
1382 1530
1382 1545
1382 1585
1382 1700
1382 1701
1383 1396
1383 1431
1383 1444
1383 1504
1383 1514
1383 1611
1383 1727
1383 1738
1384 1582
1385 1473
1385 1526
1386 1398
1386 1403
1386 1472
1386 1568
1386 1749
1387 1418
1387 1552
1387 1562
1387 1749
1388 1390
1388 1449
1388 1468
1388 1474
1388 1518
1388 1567
1388 1623
1388 1691
1388 1703
1389 1430
1389 1461
1389 1463
1389 1545
1389 1581
1389 1721
1389 1724
1389 1750
1390 1474
1390 1534
1390 1652
1390 1694
1391 1412
1391 1456
1391 1461
1391 1513
1391 1551
1391 1642
1391 1661
1391 1733
1391 1738
1391 1747
1392 1723
1393 1396
1393 1421
1393 1689
1393 1705
1393 1731
1393 1767
1394 1428
1394 1434
1394 1470
1394 1510
1394 1556
1394 1608
1395 1531
1395 1560
1395 1693
1395 1728
1396 1421
1396 1431
1396 1591
1396 1701
1396 1731
1397 1517
1397 1560
1397 1620
1397 1625
1398 1403
1398 1472
1398 1485
1398 1612
1398 1680
1399 1429
1399 1523
1399 1631
1400 1526
1400 1528
1400 1540
1400 1565
1400 1627
1400 1641
1400 1674
1400 1703
1401 1421
1401 1454
1401 1584
1401 1609
1401 1670
1401 1678
1402 1583
1403 1459
1403 1472
1403 1485
1403 1502
1403 1511
1403 1546
1403 1568
1403 1613
1403 1684
1403 1708
1403 1739
1404 1537
1404 1646
1404 1672
1405 1480
1405 1725
1405 1729
1406 1407
1406 1490
1406 1563
1406 1589
1406 1600
1406 1626
1406 1630
1406 1707
1407 1411
1407 1423
1407 1433
1407 1475
1407 1564
1407 1568
1407 1571
1407 1617
1407 1620
1407 1624
1407 1633
1407 1669
1407 1670
1407 1675
1407 1707
1407 1744
1407 1775
1408 1441
1408 1524
1408 1774
1409 1412
1409 1487
1409 1492
1409 1585
1409 1641
1409 1645
1409 1692
1410 1616
1410 1619
1411 1423
1411 1451
1411 1468
1411 1518
1411 1576
1411 1587
1411 1675
1412 1551
1412 1727
1413 1557
1413 1575
1414 1467
1414 1469
1414 1515
1414 1648
1414 1726
1415 1482
1415 1491
1415 1565
1415 1674
1416 1510
1416 1640
1417 1440
1417 1585
1417 1599
1417 1663
1417 1668
1417 1673
1419 1446
1419 1511
1419 1535
1421 1591
1421 1609
1421 1692
1422 1546
1423 1451
1423 1460
1423 1531
1423 1541
1423 1561
1423 1562
1423 1573
1423 1575
1423 1597
1423 1615
1423 1695
1423 1722
1423 1728
1423 1746
1424 1457
1424 1544
1424 1686
1424 1701
1424 1767
1425 1429
1425 1465
1425 1512
1426 1445
1426 1451
1426 1458
1426 1460
1426 1518
1426 1541
1426 1547
1426 1559
1426 1576
1426 1597
1426 1614
1426 1654
1426 1712
1426 1722
1426 1753
1426 1765
1427 1428
1427 1434
1427 1470
1427 1489
1427 1556
1427 1610
1427 1768
1427 1769
1428 1434
1428 1489
1428 1520
1428 1610
1428 1768
1429 1470
1429 1505
1429 1510
1429 1523
1429 1549
1429 1552
1430 1461
1430 1463
1430 1545
1430 1579
1430 1581
1430 1777
1431 1444
1431 1514
1431 1584
1431 1591
1431 1692
1432 1457
1432 1606
1432 1676
1433 1469
1433 1553
1433 1645
1433 1648
1433 1667
1433 1707
1433 1775
1434 1457
1434 1470
1434 1549
1434 1556
1434 1610
1434 1642
1434 1675
1434 1730
1435 1472
1435 1584
1436 1472
1436 1542
1436 1739
1437 1618
1438 1586
1438 1774
1439 1480
1439 1510
1439 1629
1439 1640
1439 1649
1439 1650
1439 1709
1439 1714
1440 1510
1440 1512
1440 1640
1440 1658
1440 1730
1441 1471
1441 1645
1441 1774
1442 1619
1443 1590
1443 1653
1443 1687
1443 1715
1444 1514
1444 1727
1445 1559
1445 1576
1445 1597
1445 1636
1445 1696
1445 1722
1445 1757
1446 1535
1447 1533
1447 1727
1447 1751
1448 1497
1448 1518
1448 1553
1448 1597
1448 1644
1448 1675
1448 1677
1448 1706
1448 1712
1448 1744
1448 1761
1448 1770
1450 1453
1450 1474
1450 1534
1450 1708
1451 1458
1451 1464
1451 1468
1451 1521
1451 1576
1451 1654
1451 1696
1451 1726
1452 1504
1452 1653
1453 1508
1453 1615
1453 1659
1453 1728
1453 1757
1453 1776
1455 1482
1455 1503
1455 1555
1456 1463
1456 1579
1456 1622
1456 1661
1456 1710
1456 1724
1456 1725
1457 1505
1457 1530
1457 1544
1457 1558
1457 1585
1457 1603
1457 1700
1457 1701
1458 1482
1458 1541
1458 1542
1458 1554
1458 1569
1458 1574
1458 1602
1458 1605
1458 1666
1458 1694
1458 1722
1459 1515
1459 1550
1459 1555
1460 1464
1460 1475
1460 1541
1460 1547
1460 1576
1460 1597
1460 1602
1460 1654
1460 1681
1460 1695
1460 1696
1460 1722
1460 1734
1460 1746
1461 1463
1461 1579
1461 1581
1461 1610
1461 1622
1461 1725
1461 1777
1462 1497
1462 1555
1462 1585
1462 1662
1462 1684
1462 1721
1462 1749
1463 1509
1463 1545
1463 1579
1463 1581
1463 1584
1463 1593
1463 1657
1463 1673
1463 1721
1463 1777
1464 1518
1464 1576
1464 1654
1464 1660
1464 1696
1464 1712
1464 1776
1465 1523
1465 1525
1465 1603
1465 1631
1465 1649
1465 1658
1465 1714
1465 1730
1466 1530
1466 1549
1466 1551
1466 1580
1466 1767
1467 1612
1467 1706
1467 1742
1468 1485
1468 1488
1468 1507
1468 1534
1468 1538
1468 1576
1468 1602
1468 1623
1468 1652
1468 1660
1468 1693
1468 1712
1469 1596
1469 1621
1469 1632
1469 1645
1469 1648
1470 1509
1470 1556
1470 1768
1471 1485
1471 1518
1471 1554
1471 1596
1471 1684
1472 1505
1472 1664
1472 1684
1472 1721
1472 1739
1472 1749
1472 1765
1473 1667
1474 1518
1474 1567
1474 1652
1474 1766
1475 1541
1475 1562
1475 1614
1475 1643
1475 1677
1475 1734
1475 1766
1476 1571
1476 1588
1476 1645
1476 1695
1477 1619
1477 1667
1477 1761
1478 1762
1479 1653
1480 1510
1480 1656
1480 1658
1480 1690
1480 1729
1481 1539
1482 1485
1482 1503
1482 1595
1482 1651
1482 1680
1482 1728
1483 1484
1485 1491
1485 1540
1485 1576
1485 1632
1485 1680
1485 1690
1485 1703
1485 1706
1486 1735
1488 1568
1489 1556
1489 1663
1489 1743
1489 1750
1489 1768
1489 1769
1489 1770
1490 1563
1490 1589
1490 1763
1490 1766
1491 1584
1491 1674
1491 1721
1491 1725
1492 1554
1492 1557
1492 1641
1492 1672
1492 1684
1493 1667
1494 1537
1494 1552
1494 1562
1494 1606
1494 1646
1494 1722
1494 1752
1496 1625
1497 1536
1497 1659
1497 1721
1499 1566
1499 1581
1499 1600
1499 1694
1499 1762
1500 1515
1500 1537
1500 1539
1500 1718
1501 1680
1501 1693
1502 1544
1502 1549
1503 1595
1503 1693
1504 1673
1506 1514
1507 1559
1507 1588
1507 1597
1507 1625
1507 1746
1508 1536
1508 1627
1508 1722
1508 1728
1509 1530
1509 1562
1509 1606
1509 1608
1509 1753
1509 1762
1509 1768
1510 1512
1510 1549
1510 1658
1510 1709
1510 1730
1511 1546
1512 1639
1512 1704
1513 1551
1513 1630
1513 1642
1513 1661
1513 1678
1513 1733
1513 1747
1513 1765
1514 1558
1514 1581
1514 1611
1515 1539
1516 1527
1516 1549
1516 1597
1516 1648
1516 1686
1516 1696
1516 1729
1517 1527
1517 1560
1517 1723
1518 1538
1518 1576
1518 1597
1518 1617
1518 1654
1518 1669
1518 1670
1518 1696
1518 1775
1520 1522
1520 1556
1520 1582
1520 1702
1520 1768
1521 1593
1521 1627
1521 1693
1521 1721
1521 1722
1522 1542
1522 1673
1523 1631
1523 1665
1523 1686
1524 1554
1524 1574
1524 1595
1524 1706
1524 1745
1524 1774
1525 1639
1525 1705
1525 1714
1525 1730
1526 1528
1526 1540
1526 1550
1526 1647
1526 1671
1526 1703
1526 1713
1526 1717
1526 1739
1527 1593
1527 1641
1527 1674
1527 1684
1527 1723
1527 1745
1528 1550
1528 1674
1528 1739
1530 1673
1530 1702
1530 1733
1531 1535
1531 1726
1533 1692
1533 1727
1533 1751
1534 1538
1534 1623
1534 1651
1534 1652
1536 1557
1536 1627
1536 1722
1537 1590
1537 1632
1537 1646
1538 1623
1538 1652
1538 1696
1538 1766
1539 1718
1540 1560
1540 1565
1540 1586
1540 1641
1540 1674
1541 1576
1541 1615
1541 1753
1541 1776
1542 1632
1542 1673
1542 1739
1542 1756
1543 1562
1543 1566
1543 1590
1543 1606
1543 1698
1543 1702
1544 1627
1544 1686
1544 1701
1544 1709
1544 1773
1545 1579
1545 1701
1546 1685
1547 1695
1547 1696
1547 1722
1547 1728
1547 1765
1548 1587
1548 1663
1549 1591
1549 1614
1549 1697
1550 1555
1550 1632
1550 1703
1550 1723
1550 1739
1551 1630
1551 1642
1551 1747
1552 1590
1552 1772
1553 1559
1553 1617
1553 1624
1553 1675
1553 1744
1553 1746
1553 1775
1554 1563
1554 1574
1554 1602
1554 1666
1554 1694
1554 1719
1554 1745
1555 1723
1556 1610
1556 1659
1556 1702
1556 1768
1557 1575
1557 1636
1557 1722
1558 1653
1558 1750
1558 1758
1558 1768
1559 1567
1559 1572
1559 1624
1559 1712
1559 1746
1559 1766
1560 1695
1560 1713
1561 1670
1561 1677
1561 1707
1561 1722
1562 1608
1562 1643
1562 1651
1562 1679
1562 1698
1562 1752
1562 1753
1562 1769
1563 1589
1563 1626
1563 1630
1563 1763
1563 1766
1564 1669
1564 1691
1564 1744
1565 1674
1565 1703
1565 1740
1566 1613
1566 1629
1566 1702
1567 1596
1567 1726
1567 1765
1569 1659
1569 1722
1570 1581
1570 1611
1570 1614
1570 1658
1571 1713
1571 1744
1572 1574
1572 1576
1572 1597
1572 1617
1572 1696
1572 1712
1573 1594
1573 1596
1573 1695
1574 1602
1574 1666
1574 1694
1574 1719
1575 1648
1575 1659
1575 1722
1576 1597
1576 1654
1576 1666
1576 1696
1576 1728
1576 1746
1577 1692
1577 1717
1577 1739
1577 1748
1577 1764
1578 1626
1579 1581
1579 1661
1579 1710
1579 1724
1580 1670
1581 1710
1581 1742
1581 1777
1582 1638
1584 1724
1584 1725
1585 1599
1585 1767
1587 1737
1589 1626
1589 1630
1589 1691
1589 1763
1589 1766
1593 1721
1593 1773
1593 1777
1594 1695
1594 1722
1595 1745
1595 1774
1596 1695
1596 1708
1597 1611
1597 1681
1597 1712
1597 1722
1597 1766
1598 1652
1599 1663
1599 1673
1600 1653
1602 1605
1602 1666
1602 1681
1602 1694
1602 1695
1602 1722
1602 1728
1603 1665
1604 1610
1604 1698
1605 1681
1605 1694
1605 1696
1605 1722
1606 1672
1606 1679
1606 1741
1606 1752
1607 1721
1607 1722
1608 1617
1608 1663
1608 1668
1608 1741
1609 1697
1610 1750
1610 1762
1611 1622
1611 1639
1612 1641
1614 1643
1614 1654
1614 1753
1614 1766
1614 1776
1615 1623
1615 1651
1615 1666
1616 1663
1617 1670
1617 1712
1617 1746
1619 1679
1619 1733
1620 1667
1620 1699
1620 1700
1620 1749
1620 1768
1620 1770
1621 1775
1622 1725
1623 1651
1623 1652
1623 1722
1624 1675
1624 1746
1625 1662
1625 1665
1626 1630
1626 1691
1626 1707
1627 1681
1628 1751
1629 1649
1629 1650
1629 1705
1629 1730
1630 1765
1632 1739
1633 1667
1634 1676
1634 1714
1635 1637
1636 1681
1636 1722
1636 1757
1636 1766
1638 1700
1639 1714
1639 1727
1640 1705
1640 1730
1641 1692
1641 1718
1642 1678
1643 1683
1643 1753
1643 1766
1643 1769
1643 1773
1644 1677
1645 1756
1646 1738
1647 1703
1647 1717
1648 1732
1648 1756
1649 1705
1649 1714
1650 1662
1650 1684
1651 1666
1652 1693
1653 1762
1654 1666
1654 1753
1655 1710
1656 1658
1656 1729
1659 1747
1660 1756
1661 1710
1661 1724
1661 1725
1661 1733
1662 1684
1663 1668
1663 1673
1663 1690
1663 1755
1663 1768
1665 1686
1665 1738
1666 1696
1667 1761
1668 1768
1669 1744
1669 1770
1670 1675
1670 1707
1671 1706
1675 1707
1676 1747
1677 1744
1677 1775
1678 1690
1678 1733
1679 1733
1679 1738
1680 1693
1681 1693
1681 1694
1681 1696
1681 1712
1681 1722
1682 1764
1683 1689
1684 1721
1684 1724
1684 1749
1686 1714
1686 1729
1691 1707
1693 1721
1693 1722
1694 1722
1694 1728
1694 1776
1695 1752
1695 1762
1696 1722
1696 1728
1696 1765
1700 1725
1700 1768
1701 1709
1701 1759
1702 1754
1703 1717
1704 1777
1705 1709
1705 1730
1705 1767
1706 1734
1706 1749
1706 1766
1709 1728
1709 1776
1710 1724
1712 1728
1712 1765
1713 1718
1714 1729
1717 1739
1718 1742
1721 1724
1721 1749
1721 1777
1722 1752
1722 1757
1725 1764
1728 1776
1731 1764
1734 1757
1742 1749
1744 1745
1745 1774
1746 1766
1746 1776
1750 1769
1753 1766
1757 1766
1757 1776
1768 1770
