#num-nodes
1929
#num-links
7035
#links
0 151
0 198
0 241
0 264
0 566
0 589
0 614
0 730
0 794
0 917
0 1017
0 1054
0 1196
0 1217
0 1318
1 281
1 297
1 461
1 676
1 736
1 738
1 861
1 916
1 918
1 1236
2 87
2 1391
2 1446
3 141
3 167
3 777
3 865
3 1052
3 1151
4 137
4 447
4 630
4 929
4 1193
4 1224
4 1252
4 1315
5 211
5 522
6 147
6 222
6 309
6 400
6 601
6 804
6 861
6 1021
6 1032
6 1110
6 1112
6 1246
6 1458
7 59
7 115
7 154
7 183
7 273
7 394
7 507
7 539
7 631
7 858
7 986
7 1006
8 561
9 881
9 910
9 1309
9 1375
10 352
10 406
10 451
10 549
10 552
10 651
10 670
10 719
10 744
10 827
10 901
10 913
10 1254
11 97
11 139
11 715
11 1424
11 1485
12 576
12 601
12 677
12 1104
12 1179
12 1190
12 1230
12 1299
12 1329
12 1418
13 303
13 340
13 830
13 950
13 973
13 997
13 1065
13 1304
13 1343
13 1420
14 378
14 559
14 677
14 1055
14 1385
14 1418
15 342
15 470
15 586
15 883
15 915
15 973
15 1348
16 225
16 418
16 678
16 686
16 809
16 823
16 827
16 910
16 1072
16 1194
17 154
17 225
17 279
17 309
17 823
17 984
17 987
17 1324
17 1330
17 1408
17 1411
18 299
18 591
18 672
18 698
18 940
18 1190
19 87
19 206
19 411
19 1045
19 1131
19 1208
19 1296
19 1298
20 826
20 1137
20 1167
21 150
21 891
21 1338
22 39
22 41
22 405
22 612
22 633
22 718
22 857
22 944
22 1208
22 1213
22 1237
22 1420
23 705
23 1390
24 662
25 352
25 533
25 1214
26 533
26 1338
27 31
27 137
27 508
27 696
27 727
27 879
27 929
27 1061
27 1231
28 168
28 378
28 630
28 677
28 713
28 732
28 1040
28 1095
28 1385
29 611
29 825
29 928
29 1434
30 325
30 434
30 927
30 931
30 1384
31 94
31 132
31 152
31 224
31 384
31 477
31 896
32 374
32 501
32 848
32 850
33 214
33 526
33 528
33 788
33 978
33 1425
34 561
34 813
34 1154
34 1354
34 1469
35 57
35 313
35 677
35 780
35 1089
35 1095
35 1216
35 1259
35 1445
36 234
36 604
36 676
36 870
36 1442
36 1465
37 188
37 1149
37 1338
37 1393
38 342
38 405
38 423
38 536
38 538
38 579
38 619
38 633
38 1161
38 1214
38 1303
38 1343
38 1390
38 1420
39 41
39 336
39 342
39 389
39 391
39 936
39 1214
39 1390
40 482
40 521
40 537
40 548
40 597
40 933
40 1038
41 1213
41 1214
41 1390
42 1125
43 189
43 814
44 70
44 124
44 219
44 281
44 286
44 309
44 709
44 808
44 861
44 993
44 1025
44 1032
44 1305
45 180
45 213
45 454
45 896
45 999
45 1245
45 1471
46 610
46 785
46 1181
47 52
47 281
47 292
47 355
47 464
47 505
47 1017
48 107
48 219
48 286
48 461
48 628
48 861
48 1025
49 203
49 558
49 693
49 856
49 952
49 1130
49 1176
49 1283
49 1380
50 276
50 310
50 320
50 457
50 458
50 565
50 606
50 665
50 969
50 1001
50 1035
50 1041
50 1267
50 1268
50 1441
51 60
51 208
51 310
51 482
51 500
51 561
51 627
51 757
51 785
51 897
51 903
51 1022
51 1056
51 1180
51 1220
51 1221
51 1446
52 140
52 159
52 355
52 439
52 441
52 464
52 515
52 555
52 650
52 655
52 820
52 922
52 926
52 956
52 989
52 1234
52 1294
52 1332
52 1366
52 1371
52 1387
53 124
53 159
53 383
53 464
53 555
53 569
53 821
53 956
53 989
53 1441
54 74
54 671
54 1230
54 1307
55 392
55 399
55 658
55 739
55 843
55 1276
56 90
56 280
56 739
56 1014
56 1100
56 1408
57 342
57 448
57 580
57 677
57 980
57 1061
57 1164
57 1488
59 78
59 154
59 450
59 539
59 766
59 986
59 1006
59 1094
60 415
60 536
60 561
60 640
60 721
60 757
60 808
60 830
60 903
60 1022
60 1221
60 1224
60 1343
61 998
62 221
62 358
62 480
62 518
62 1193
62 1289
62 1403
62 1443
63 604
63 778
63 824
63 939
63 978
63 1013
63 1232
63 1466
64 670
65 83
65 170
65 298
65 645
65 747
65 889
65 1076
66 102
66 162
66 229
66 263
66 353
66 355
66 362
66 472
66 473
66 488
66 517
66 563
66 758
66 842
66 892
66 1103
66 1118
66 1168
66 1169
66 1217
66 1219
66 1239
66 1241
66 1334
66 1423
66 1468
66 1480
67 686
67 767
67 1274
68 124
68 140
68 180
68 639
68 743
68 991
68 1112
68 1189
68 1302
68 1317
68 1350
68 1451
68 1489
69 108
69 309
69 316
69 378
69 566
69 743
69 913
69 1071
69 1317
69 1445
70 158
70 630
70 640
70 751
70 833
70 841
70 1396
72 268
72 660
72 675
72 939
72 1142
73 136
73 451
73 546
73 730
73 1040
74 113
74 136
74 313
74 315
74 430
74 520
74 593
74 671
74 690
74 729
74 802
74 1022
74 1128
74 1132
74 1201
74 1230
74 1292
74 1299
75 105
75 205
75 1314
76 161
76 223
76 263
76 496
76 655
76 886
76 987
76 1127
76 1204
76 1274
77 109
77 489
77 813
77 1093
77 1152
78 172
78 277
78 290
78 350
78 437
78 557
78 780
78 987
78 1031
78 1129
78 1309
78 1316
79 885
79 1047
80 169
80 228
80 473
80 478
80 673
80 1000
80 1192
80 1198
80 1371
81 691
81 1289
81 1315
81 1403
82 714
82 1181
83 170
83 187
83 246
83 298
83 372
83 390
83 436
83 582
83 703
83 747
83 853
83 889
83 1076
83 1120
83 1389
84 178
84 444
84 704
84 1176
84 1269
84 1416
85 535
85 988
86 731
86 788
86 1416
87 95
87 268
87 1391
87 1446
88 126
88 217
88 933
88 939
88 1333
88 1396
89 1117
90 127
90 534
90 888
90 979
90 1064
90 1148
91 716
91 758
91 1319
92 509
92 727
92 1058
92 1087
93 213
93 238
93 276
93 296
93 326
93 353
93 722
93 943
93 1103
93 1168
93 1403
93 1468
93 1470
94 369
94 692
94 711
94 712
94 727
94 740
94 784
94 898
94 1344
94 1349
94 1363
95 117
95 276
95 320
95 359
95 757
95 821
95 966
95 1103
95 1195
95 1282
95 1455
95 1470
96 505
96 595
96 652
96 877
96 922
96 1079
96 1481
97 210
97 758
97 772
97 910
97 1091
97 1175
98 140
98 431
98 680
98 1089
98 1346
99 266
99 307
99 372
99 390
99 468
99 703
99 874
99 942
99 976
99 998
99 1151
99 1192
99 1318
99 1381
99 1461
100 165
100 491
100 736
100 852
100 884
100 1279
101 1437
101 1443
102 162
102 229
102 362
102 422
102 488
102 863
102 1060
102 1118
102 1168
102 1169
102 1219
102 1317
102 1334
102 1480
103 1172
103 1394
104 870
104 983
104 1266
104 1442
105 205
105 859
105 1314
105 1474
106 565
107 140
107 301
107 379
107 443
107 1172
107 1196
107 1233
108 309
108 649
108 832
108 878
109 1023
110 199
110 346
110 545
110 629
110 649
110 828
110 992
110 1141
110 1215
110 1249
110 1436
111 478
111 598
111 641
111 805
111 809
111 856
111 881
111 1114
111 1139
111 1269
112 475
112 555
112 901
112 942
112 961
112 1275
112 1377
113 520
113 588
113 600
113 671
113 750
113 1094
113 1166
113 1269
113 1335
114 467
114 686
114 741
114 805
114 809
114 1102
114 1140
114 1413
115 154
115 539
115 826
115 1006
116 934
116 1457
117 227
117 276
117 281
117 320
117 353
117 359
117 461
117 1066
117 1103
117 1195
117 1325
117 1439
117 1470
118 388
118 406
118 750
118 1130
118 1139
118 1395
118 1490
119 169
119 187
119 261
119 344
119 374
119 408
119 838
119 881
119 986
119 1000
119 1375
121 451
121 732
121 733
121 1473
121 1477
122 262
122 293
122 597
122 605
122 645
122 807
122 924
122 933
122 961
122 984
122 1182
122 1290
122 1479
123 377
123 388
123 710
123 1238
123 1283
124 219
124 281
124 288
124 495
124 723
124 993
124 1032
124 1189
125 178
125 514
125 1223
125 1415
126 283
126 634
126 750
126 870
126 992
126 1167
126 1215
126 1436
126 1448
127 243
127 456
127 727
127 1231
127 1472
128 622
128 930
129 275
129 711
129 946
129 1456
130 336
130 1073
131 153
131 279
131 402
131 964
131 1203
131 1442
132 384
132 477
133 376
133 999
133 1428
134 160
134 702
134 875
135 405
135 908
135 1178
135 1349
136 204
136 671
136 690
136 705
136 1040
136 1319
137 158
137 369
137 627
137 720
137 806
137 929
137 1061
137 1193
137 1315
138 438
138 694
138 806
139 468
139 554
139 684
139 941
139 1127
140 495
140 680
140 769
140 780
140 839
140 967
140 1089
140 1172
140 1259
140 1350
140 1368
140 1378
141 963
142 166
142 231
142 479
142 946
142 981
142 1125
142 1174
142 1490
143 694
144 802
144 1150
144 1197
144 1247
144 1397
145 356
145 462
145 558
145 694
145 1150
145 1197
146 672
146 721
146 780
146 795
146 849
146 940
146 1009
146 1056
146 1066
146 1190
146 1486
147 222
147 309
147 520
147 601
147 905
147 1110
147 1112
147 1306
147 1368
147 1458
148 401
148 404
148 608
148 610
148 1173
148 1297
148 1473
149 262
149 901
149 961
149 1377
149 1388
149 1425
149 1463
150 891
151 186
151 379
151 400
151 595
151 614
151 848
151 1084
151 1110
151 1155
151 1437
152 224
152 423
152 536
152 547
152 698
152 896
152 1050
152 1471
153 410
153 964
154 394
154 828
154 858
154 986
154 994
154 1006
154 1479
155 604
155 1311
156 334
156 401
156 824
156 971
156 1262
157 771
158 500
158 640
158 833
158 929
158 960
158 1061
158 1162
158 1224
158 1342
158 1482
159 218
159 292
159 355
159 361
159 439
159 441
159 515
159 811
159 926
159 956
159 1123
159 1152
159 1234
159 1293
159 1332
159 1412
160 184
160 229
160 806
160 923
160 988
160 1351
161 263
161 329
161 496
161 771
161 886
161 1356
162 229
162 350
162 362
162 488
162 907
162 1060
162 1063
162 1118
162 1147
162 1168
162 1169
162 1204
162 1334
162 1468
162 1480
163 284
163 1414
164 204
164 452
164 702
164 1083
164 1226
164 1246
164 1302
164 1335
164 1476
165 368
165 608
165 878
165 1143
166 494
166 1128
167 445
167 513
167 731
167 777
167 793
167 963
167 1002
167 1052
167 1142
167 1372
168 625
168 765
168 836
168 1025
168 1350
168 1368
169 344
169 473
169 488
169 522
169 787
169 1000
169 1192
169 1198
169 1204
169 1371
169 1468
170 187
170 216
170 246
170 354
170 385
170 394
170 436
170 466
170 636
170 708
170 725
170 747
170 829
170 853
170 1076
170 1082
170 1086
170 1121
170 1321
170 1389
170 1414
170 1484
171 798
171 1139
171 1415
172 272
172 297
172 437
172 558
172 641
172 842
172 987
172 1031
172 1129
172 1396
173 331
173 364
173 425
173 646
173 647
173 726
173 1059
173 1282
173 1342
173 1420
173 1449
174 885
174 967
174 983
174 1113
174 1323
174 1464
175 490
175 646
175 672
175 683
175 698
175 857
175 924
175 1161
175 1190
175 1410
176 510
176 1001
176 1109
176 1457
177 383
177 495
177 505
177 595
177 839
177 922
177 956
177 993
177 1210
177 1350
177 1371
177 1452
177 1470
178 444
178 498
178 704
178 728
178 1176
178 1416
179 258
179 435
179 1126
180 213
180 235
180 454
180 892
180 896
180 1009
180 1133
180 1189
180 1245
180 1471
180 1489
181 184
181 369
181 492
181 908
181 1116
181 1197
181 1370
181 1460
181 1482
182 237
182 546
182 605
182 1386
183 394
183 631
183 826
183 986
183 1006
183 1479
184 300
184 762
184 883
184 934
184 938
184 946
184 981
184 1116
185 709
185 808
185 1339
185 1454
186 520
186 571
186 867
186 1022
186 1116
186 1292
187 216
187 293
187 298
187 354
187 372
187 436
187 645
187 703
187 799
187 853
187 874
187 976
187 982
187 1389
188 1338
189 814
190 524
190 634
190 1338
191 405
191 447
191 492
191 653
191 761
191 797
191 1226
191 1359
192 356
192 511
192 532
192 861
194 440
194 1156
194 1264
195 386
196 252
196 519
196 774
196 802
197 338
197 444
197 511
197 739
197 781
197 855
197 859
197 912
197 934
197 938
197 1473
198 241
198 264
198 481
198 589
198 794
198 917
198 959
198 1196
198 1217
198 1318
199 297
199 351
199 450
199 482
199 629
199 700
199 788
199 870
199 933
200 234
200 326
200 584
200 764
200 839
200 863
200 911
200 1033
200 1350
200 1354
200 1464
200 1469
201 358
201 579
201 738
201 819
201 833
201 1170
201 1343
201 1482
202 267
202 309
202 476
202 601
202 650
202 723
202 861
202 1260
202 1306
202 1433
203 213
203 318
203 382
203 622
203 643
203 928
203 952
203 1265
203 1320
204 407
204 1097
204 1335
205 875
206 1296
206 1298
206 1355
206 1467
207 310
207 1245
207 1263
207 1268
207 1376
208 260
208 347
208 486
208 722
208 1041
208 1108
208 1218
208 1258
208 1325
208 1470
210 331
211 1101
212 511
213 227
213 553
213 582
213 665
213 679
213 896
213 952
213 1180
213 1183
213 1265
213 1471
214 528
214 919
214 963
214 1182
214 1311
214 1425
215 341
215 876
215 1040
215 1230
215 1307
215 1440
216 293
216 372
216 497
216 638
216 829
216 1086
216 1321
216 1414
217 548
217 571
217 631
217 660
217 725
217 817
217 858
217 1094
217 1151
217 1321
217 1452
218 340
218 361
218 846
218 1152
218 1234
218 1306
219 254
219 286
219 379
219 709
219 769
219 846
219 861
219 1025
219 1032
219 1172
219 1285
220 784
220 1349
220 1493
221 434
221 518
221 653
221 954
221 1403
222 400
222 441
222 905
222 1110
222 1112
222 1251
222 1306
222 1368
222 1458
223 437
223 1031
223 1127
223 1244
224 393
224 637
224 753
224 888
224 1050
224 1096
224 1178
225 770
225 823
225 987
225 1154
225 1220
225 1262
225 1324
226 720
226 888
226 902
226 908
226 1050
226 1096
226 1108
226 1131
226 1349
227 286
227 320
227 326
227 476
227 606
227 723
227 861
227 1441
227 1471
228 311
228 599
228 673
228 758
228 766
228 995
228 1000
228 1273
228 1451
228 1494
229 346
229 350
229 362
229 452
229 482
229 863
229 907
229 1063
229 1091
229 1118
229 1169
229 1192
229 1356
229 1395
229 1468
230 1214
230 1340
231 1137
231 1297
232 275
233 262
233 310
233 360
233 449
233 878
233 1206
233 1322
234 372
234 549
234 942
234 1106
235 238
235 267
235 326
235 570
235 665
235 761
235 791
235 849
235 945
235 1035
235 1191
235 1212
235 1313
235 1471
236 261
236 272
236 297
236 503
236 517
236 624
236 695
236 747
236 780
236 881
236 907
236 1012
236 1091
236 1219
237 283
237 330
237 565
237 603
237 660
237 824
237 949
237 963
237 1156
237 1174
237 1236
237 1318
238 490
238 896
238 1001
238 1183
238 1313
238 1354
238 1471
239 342
239 564
239 755
239 950
239 1218
239 1470
239 1486
240 715
240 827
240 1127
240 1424
241 379
241 400
241 481
241 589
241 794
241 1217
242 265
242 339
242 435
242 467
242 573
242 1137
242 1203
242 1277
242 1286
242 1297
242 1465
243 813
244 848
244 884
244 982
245 326
245 391
245 486
245 1258
245 1376
245 1455
245 1470
246 304
246 351
246 390
246 436
246 466
246 506
246 573
246 828
246 889
246 1448
246 1492
249 310
249 331
249 1455
249 1467
249 1471
251 282
251 732
252 370
252 626
252 1188
253 309
253 503
253 589
253 595
253 683
253 877
253 979
253 1160
253 1234
253 1328
253 1449
254 559
254 601
254 639
254 709
254 846
254 959
254 1025
254 1071
254 1133
254 1210
254 1217
254 1255
254 1302
254 1350
254 1489
255 659
255 869
255 958
255 1200
255 1235
255 1427
255 1449
256 398
256 413
256 546
256 1386
257 1442
258 397
258 435
258 685
258 700
258 834
258 1085
258 1176
258 1250
258 1300
259 575
259 579
259 936
259 988
259 1178
260 347
260 757
260 957
260 1258
260 1325
260 1376
260 1441
261 478
261 503
261 515
261 881
261 951
261 1192
261 1274
261 1320
261 1321
262 293
262 317
262 372
262 428
262 551
262 676
262 763
262 901
262 961
262 963
262 1044
262 1377
262 1463
263 476
263 771
263 926
263 1123
263 1191
263 1248
264 361
264 763
264 917
264 959
264 1017
264 1037
264 1064
264 1111
264 1166
264 1318
264 1335
264 1350
265 750
265 807
265 910
265 1262
265 1277
266 293
266 475
266 497
266 703
266 853
266 874
266 976
266 998
266 1275
267 457
267 476
267 601
267 818
267 861
267 871
267 873
267 1191
267 1260
267 1416
267 1458
268 504
268 679
268 939
268 940
268 973
268 1045
268 1158
268 1208
268 1355
269 338
269 444
269 693
269 700
269 702
269 781
269 938
269 1085
271 1276
271 1344
272 293
272 297
272 363
272 472
272 874
272 1174
272 1388
273 385
273 573
273 631
273 858
273 1006
273 1167
273 1479
274 600
274 713
275 373
276 296
276 320
276 342
276 359
276 606
276 722
276 966
276 1191
276 1195
276 1218
276 1258
276 1263
276 1335
276 1376
276 1470
277 557
277 1316
279 304
279 410
279 807
279 837
279 1043
279 1203
279 1330
279 1438
280 302
280 313
280 388
280 406
280 729
280 912
280 1223
280 1283
281 284
281 286
281 288
281 461
281 495
281 682
281 723
281 839
281 841
281 993
281 1017
281 1025
281 1032
281 1350
282 491
282 519
282 578
282 912
282 1244
282 1409
283 380
283 660
283 735
283 801
283 942
283 1120
283 1174
283 1433
284 885
284 1047
284 1385
284 1414
285 329
285 496
285 624
285 886
285 1399
286 461
286 709
286 764
286 789
286 794
286 861
286 887
286 1032
286 1041
286 1189
286 1441
287 474
287 1303
288 307
288 317
288 391
288 515
288 759
288 869
288 1036
288 1060
288 1093
288 1169
288 1206
288 1322
289 414
289 864
289 1271
289 1440
290 681
290 856
290 904
290 1300
290 1426
291 1331
292 355
292 439
292 464
292 926
292 1123
292 1317
292 1366
292 1371
292 1481
292 1484
293 703
293 841
293 853
293 874
293 889
293 976
294 653
294 1247
295 430
295 672
296 326
296 391
296 476
296 1059
296 1191
296 1376
296 1441
297 629
297 700
297 1007
297 1044
297 1192
297 1219
298 304
298 629
298 828
298 951
299 672
299 698
299 940
299 1190
300 765
300 785
300 981
300 1033
301 523
301 1270
301 1437
302 527
302 615
302 1238
302 1283
303 340
303 613
303 890
303 950
303 997
303 1220
304 390
304 685
304 848
304 889
304 1300
304 1381
305 651
305 704
305 1005
306 879
306 1061
306 1203
306 1221
306 1224
307 317
307 472
307 649
307 701
307 713
307 759
307 766
307 1091
307 1169
307 1204
307 1263
308 778
308 786
308 977
308 978
308 1062
308 1082
308 1231
309 379
309 461
309 665
309 913
309 1010
309 1048
309 1110
309 1160
309 1172
309 1255
309 1354
310 757
310 1263
310 1268
310 1376
310 1439
311 318
311 567
311 599
311 673
311 995
311 1000
311 1451
311 1494
312 335
312 602
312 735
312 749
312 1088
312 1461
312 1466
313 400
313 406
313 571
313 583
313 600
313 718
313 729
314 437
314 514
314 550
314 681
314 910
314 1415
314 1450
315 593
315 819
315 1099
315 1135
315 1201
315 1474
316 566
316 868
316 1054
316 1071
316 1189
316 1317
317 472
317 1060
317 1322
317 1357
317 1362
318 382
318 493
318 567
318 643
318 952
318 1078
319 494
319 569
319 1230
319 1264
319 1354
319 1469
320 353
320 359
320 966
320 1191
320 1195
320 1218
320 1258
320 1282
320 1325
320 1455
321 661
321 803
321 1445
322 408
322 661
322 906
322 1042
322 1155
322 1339
323 546
323 1023
324 984
325 890
325 927
326 380
326 460
326 486
326 722
326 1041
326 1067
326 1211
326 1376
326 1441
326 1470
327 546
327 1373
328 413
328 484
328 1024
328 1204
328 1422
329 395
329 472
329 478
329 496
329 641
329 886
329 1198
329 1284
329 1399
330 407
330 468
330 599
330 603
330 759
330 817
330 959
330 1152
330 1494
331 391
331 425
331 506
331 523
331 1001
331 1048
331 1231
332 416
332 571
332 619
332 863
332 881
332 925
332 932
332 1064
332 1094
332 1116
332 1141
332 1239
332 1477
333 1009
333 1090
334 444
334 609
334 697
334 781
334 971
334 1036
334 1084
334 1166
334 1244
334 1474
335 749
335 940
336 640
336 1061
336 1073
336 1110
336 1221
337 344
337 360
337 478
337 503
337 842
337 852
337 1012
337 1129
337 1198
337 1274
338 700
338 781
338 836
338 938
338 1085
339 421
339 435
339 573
339 860
339 1286
339 1297
339 1448
340 415
340 897
340 950
340 997
340 1220
340 1304
341 1049
342 369
342 523
342 564
342 580
342 591
342 630
342 632
342 640
342 721
342 927
342 1061
342 1085
342 1164
342 1315
342 1364
342 1379
342 1447
342 1486
343 415
343 492
343 523
343 564
343 721
343 833
343 1022
344 383
344 395
344 472
344 881
344 1091
344 1356
345 440
345 546
345 921
346 548
346 728
346 1086
346 1216
346 1261
347 580
347 1368
348 951
348 1274
349 647
349 882
349 1186
349 1233
349 1255
350 374
350 501
350 1063
350 1091
350 1176
351 363
351 466
351 605
351 713
351 870
351 889
351 1007
351 1024
351 1333
351 1334
351 1492
352 587
352 704
352 750
352 875
352 983
352 1084
352 1434
353 359
353 892
353 966
353 1103
353 1168
353 1195
353 1325
353 1334
353 1468
353 1470
353 1480
354 357
354 499
354 638
354 799
354 874
354 978
354 1082
354 1086
354 1468
355 363
355 439
355 464
355 488
355 495
355 652
355 820
355 922
355 926
355 956
355 1123
355 1168
355 1332
355 1334
355 1366
355 1371
355 1480
356 1345
357 725
357 1003
357 1007
357 1057
358 405
358 434
358 579
358 653
358 691
358 1403
358 1428
359 391
359 722
359 966
359 1103
359 1195
359 1258
359 1325
359 1441
360 363
360 487
360 503
360 597
360 899
360 971
360 1129
360 1322
361 614
361 811
361 885
361 917
361 959
361 1017
361 1111
362 439
362 473
362 488
362 742
362 1060
362 1118
362 1168
362 1169
362 1468
362 1480
363 466
363 616
363 899
363 1015
363 1076
363 1167
363 1192
363 1248
364 506
364 540
364 969
364 1048
365 783
366 547
366 679
366 683
367 1005
367 1109
367 1301
367 1419
368 550
368 608
368 795
368 878
368 1453
369 525
369 579
369 784
369 908
369 1289
369 1460
370 519
370 822
371 582
371 616
371 1225
372 645
372 676
372 703
372 747
372 874
372 942
372 976
372 1120
372 1388
372 1484
373 470
373 694
373 883
373 914
373 1457
374 501
374 870
374 954
374 1492
375 654
375 742
375 954
376 883
376 1050
376 1249
377 388
377 554
377 702
377 715
377 1238
377 1283
378 537
378 559
378 709
378 732
378 913
378 983
378 1112
378 1240
379 706
379 1032
379 1110
379 1330
380 425
380 476
380 506
380 633
380 748
380 757
380 795
380 953
380 1048
380 1478
381 533
381 1203
381 1249
382 493
382 517
382 643
382 928
382 1116
383 395
383 821
383 989
383 1198
383 1248
384 1231
385 394
385 507
385 539
385 631
385 858
385 992
386 1287
388 406
388 554
388 854
388 1283
388 1395
389 405
389 543
389 560
389 591
390 582
390 889
390 1007
390 1076
391 425
391 443
391 540
391 630
391 722
391 943
391 969
391 993
391 1041
391 1071
391 1231
391 1325
391 1441
391 1455
391 1486
392 675
392 775
392 826
392 884
392 1117
393 442
393 532
393 533
393 819
393 1116
394 435
394 539
394 708
394 986
394 1006
394 1062
394 1076
394 1121
394 1479
395 418
395 478
395 503
395 641
395 770
395 807
395 951
395 1028
395 1072
395 1101
395 1147
395 1198
395 1274
395 1399
396 425
396 596
396 718
396 1009
396 1482
397 435
397 444
397 651
397 685
397 819
397 834
397 1005
397 1126
397 1250
398 1018
398 1386
399 1490
400 502
400 641
400 729
400 1054
400 1133
400 1318
400 1354
401 404
401 608
402 429
402 513
402 837
402 847
402 964
402 1043
402 1069
402 1202
402 1203
403 572
403 900
403 1257
403 1272
403 1357
403 1473
404 513
404 608
404 1312
404 1374
405 474
405 579
405 612
405 653
405 692
406 600
406 729
406 1283
407 774
407 1132
407 1188
408 452
408 505
408 701
408 922
408 971
408 975
408 982
408 996
408 1155
408 1339
408 1404
409 537
410 828
410 964
410 1129
410 1432
411 840
411 1131
411 1208
411 1335
411 1382
412 841
412 849
412 945
412 1288
412 1344
412 1410
412 1446
413 1023
413 1400
414 1483
415 627
415 712
415 1017
415 1041
415 1053
415 1220
415 1222
415 1343
416 970
417 505
417 871
417 937
417 1047
417 1133
417 1417
417 1435
417 1464
418 478
418 501
418 537
418 548
418 641
418 1012
418 1101
418 1198
418 1274
418 1399
419 453
419 565
419 1370
419 1435
420 740
420 937
420 1435
421 573
421 860
421 947
421 951
421 975
421 1192
421 1274
421 1454
422 468
422 657
422 1400
423 442
423 481
423 564
423 666
423 721
423 755
423 830
423 840
423 935
423 950
423 1009
423 1218
423 1281
423 1342
423 1420
424 807
424 827
424 1290
424 1406
425 727
425 969
426 448
426 675
426 680
426 815
426 847
426 991
426 997
426 1010
426 1294
427 634
428 551
428 676
428 901
428 963
428 1159
428 1377
428 1388
428 1433
428 1437
429 521
429 598
429 792
429 798
429 1312
430 672
430 782
430 1190
430 1398
431 448
431 580
431 745
431 980
431 991
431 1350
432 867
432 906
432 933
432 1155
432 1158
432 1160
432 1253
432 1407
434 927
434 931
435 507
435 573
435 622
435 651
435 745
435 930
435 1126
435 1250
435 1264
435 1300
435 1448
436 548
436 675
436 747
436 853
436 1120
436 1389
437 501
437 987
437 1031
437 1204
437 1357
437 1450
439 926
439 956
439 1123
439 1317
439 1371
440 688
440 766
440 899
440 1494
441 566
441 589
441 743
441 764
441 820
441 956
441 1071
441 1189
441 1234
441 1306
442 567
442 863
442 973
442 1148
442 1278
442 1281
442 1407
442 1485
443 682
443 873
443 991
443 1032
443 1223
443 1335
444 498
444 549
444 651
444 685
444 693
444 697
444 700
444 704
444 781
444 834
444 1070
444 1262
444 1272
444 1330
444 1416
444 1459
444 1473
445 775
445 801
445 865
445 977
445 1002
445 1052
445 1156
446 1370
447 492
447 797
447 1061
447 1226
448 720
448 745
448 980
448 991
448 1294
448 1488
449 453
449 728
450 487
450 766
450 1239
450 1241
451 719
451 1351
452 641
452 742
452 811
452 1395
452 1480
452 1481
453 565
453 672
453 753
453 1370
454 518
454 1108
454 1173
454 1352
455 835
455 1402
456 727
456 768
457 665
457 666
457 818
457 840
457 841
457 945
457 1211
457 1212
457 1267
457 1430
458 570
458 751
458 841
458 1001
458 1035
458 1134
458 1267
458 1335
459 585
459 642
459 648
459 1008
459 1170
459 1428
460 606
460 665
460 841
460 896
460 945
460 973
460 1067
460 1093
460 1183
460 1263
460 1439
461 559
461 723
461 861
461 1032
461 1071
461 1350
462 1037
463 732
464 655
464 803
464 922
464 926
464 956
464 1332
464 1371
465 483
465 848
465 955
465 1157
466 545
466 724
466 889
466 899
466 982
466 1007
466 1492
467 514
467 552
467 678
467 741
467 805
467 809
467 910
467 947
467 1102
467 1140
467 1416
467 1434
468 603
468 654
468 657
468 759
468 1036
469 717
470 806
470 866
470 1162
470 1363
471 611
471 617
471 672
471 698
471 987
472 503
472 517
472 776
472 1044
472 1060
472 1263
472 1480
473 1468
473 1480
474 774
474 1303
474 1434
475 899
475 901
475 961
475 998
476 606
476 969
476 1108
476 1121
476 1191
476 1248
476 1282
476 1441
477 504
477 819
477 1061
477 1080
478 503
478 641
478 860
478 881
478 951
478 1198
478 1274
478 1320
478 1356
478 1399
479 857
480 904
480 1193
480 1403
481 763
481 794
481 1196
481 1322
482 629
482 638
482 713
482 714
482 716
482 933
482 1007
482 1321
482 1388
482 1463
482 1492
483 533
483 799
484 567
484 1356
484 1422
485 973
485 1205
486 606
486 722
486 966
486 1041
486 1067
486 1376
486 1441
486 1470
487 1239
487 1241
488 515
488 703
488 771
488 1060
488 1118
488 1169
488 1204
488 1468
488 1481
489 1023
489 1060
490 683
491 611
491 767
491 809
491 1140
491 1279
491 1295
492 644
492 666
492 1061
492 1226
493 571
493 643
493 1078
493 1431
494 516
494 549
494 555
495 555
495 668
495 811
495 839
495 841
495 956
495 989
495 993
495 1332
495 1371
496 886
496 977
496 1322
496 1399
496 1422
497 499
497 643
497 708
497 786
497 961
497 1086
497 1270
497 1389
497 1414
498 514
498 685
498 848
498 1176
498 1312
498 1415
499 563
499 703
499 853
499 1086
499 1174
499 1248
499 1366
499 1389
500 583
500 845
500 879
500 897
500 908
500 927
500 929
500 1061
500 1252
500 1355
501 713
501 1243
501 1320
501 1333
502 567
502 609
502 617
502 729
502 730
502 736
502 782
502 820
502 956
502 1189
502 1255
502 1264
502 1398
503 624
503 641
503 951
503 1129
503 1198
503 1204
503 1356
503 1399
504 711
504 1200
504 1444
505 595
505 621
505 652
505 684
505 742
505 811
505 871
505 877
505 892
505 922
505 1055
505 1071
505 1115
505 1234
505 1306
505 1481
506 633
506 740
506 744
506 969
506 1022
506 1296
506 1392
507 548
507 848
507 858
507 1006
507 1249
507 1479
508 902
508 988
508 1061
508 1199
508 1254
508 1276
508 1419
509 1087
510 610
510 923
510 1053
510 1457
511 533
511 681
511 702
511 883
511 943
511 1178
512 1134
512 1208
512 1211
512 1212
512 1265
513 562
513 870
513 1160
514 750
514 834
514 1005
514 1203
514 1300
514 1415
515 1060
515 1293
515 1334
516 1300
517 907
517 1236
517 1468
518 653
520 588
520 677
520 925
520 1022
520 1132
520 1223
520 1269
520 1292
521 1286
522 554
522 827
522 1447
523 627
523 640
523 748
523 757
523 833
523 1224
523 1342
524 526
524 529
524 634
524 735
524 824
524 1088
526 788
527 783
527 941
527 1397
528 978
529 1281
530 739
530 851
530 1033
530 1072
530 1163
530 1459
531 699
531 761
531 1073
531 1207
532 567
532 1485
533 609
533 869
534 753
534 1037
535 866
536 564
536 627
536 764
536 902
536 1009
536 1061
536 1161
536 1233
536 1343
536 1467
537 548
537 597
537 801
537 881
537 1182
538 830
538 840
538 950
538 1343
538 1364
538 1486
539 1006
539 1121
539 1479
540 969
541 672
541 705
541 1183
541 1410
541 1471
543 1446
545 1436
546 1142
546 1483
548 603
548 899
548 982
548 1012
549 676
549 737
549 1416
550 678
550 1415
550 1477
551 676
551 963
551 1159
551 1388
552 741
552 1102
552 1140
552 1359
553 659
553 872
553 896
553 1045
553 1265
553 1342
553 1355
554 826
554 991
554 1145
554 1385
554 1450
555 569
555 820
555 821
555 926
555 961
555 989
555 1275
555 1377
556 1051
556 1405
557 945
557 1309
558 1185
559 709
559 732
559 1058
559 1112
559 1240
559 1417
559 1418
561 1067
561 1423
562 1097
563 1123
563 1317
564 618
564 666
564 684
564 721
564 1009
564 1122
564 1342
564 1379
565 676
565 883
565 1080
565 1174
565 1267
566 600
566 769
566 843
566 868
566 1054
566 1189
566 1196
566 1318
567 913
567 1278
567 1281
568 1141
568 1204
569 804
569 821
569 995
569 1273
570 751
570 962
570 1001
570 1061
570 1066
570 1114
570 1267
570 1276
570 1335
570 1441
571 643
571 928
571 932
571 1094
571 1121
571 1370
571 1399
571 1477
573 728
573 860
573 1114
573 1448
574 621
574 953
574 1144
575 699
575 727
575 914
575 936
575 988
575 1061
575 1178
576 752
576 1299
576 1457
577 621
577 1144
578 1125
578 1185
579 585
579 640
579 653
579 833
579 1055
579 1170
580 745
580 889
580 980
580 1061
581 608
581 738
582 616
582 889
583 718
583 1073
583 1170
583 1247
583 1252
583 1360
583 1420
583 1486
584 843
584 862
584 981
584 1398
585 630
585 642
585 648
585 653
585 1008
585 1170
585 1359
585 1428
586 797
586 843
586 934
586 1226
586 1472
587 703
587 750
587 875
587 983
587 1084
588 852
588 1028
588 1114
588 1274
588 1399
588 1459
589 1138
589 1217
589 1318
591 1164
592 1345
593 671
593 934
593 1128
593 1132
593 1201
594 715
594 827
594 851
594 947
594 1102
594 1107
594 1140
594 1454
595 877
595 922
595 979
595 1025
595 1054
595 1055
595 1366
595 1481
597 676
597 747
597 1015
597 1120
597 1159
597 1396
598 834
598 1038
598 1137
598 1341
599 673
599 766
599 995
599 1013
599 1273
599 1318
599 1423
599 1451
599 1494
600 729
600 1038
600 1166
601 650
601 723
601 905
601 1017
601 1032
601 1110
601 1112
602 738
602 759
602 779
602 1003
602 1070
602 1151
603 673
603 714
603 817
603 1115
604 1433
605 735
605 984
606 722
606 943
606 1041
606 1195
606 1441
606 1446
606 1470
607 876
607 1184
608 717
608 819
608 1173
608 1262
608 1297
608 1406
608 1473
609 869
609 1189
609 1255
609 1318
610 785
610 1179
610 1181
610 1329
611 686
611 805
611 910
611 1147
611 1279
611 1422
612 653
612 718
612 944
612 1226
612 1363
612 1446
613 682
613 705
613 796
613 830
613 845
613 873
613 950
613 1220
613 1343
613 1446
614 752
614 1084
614 1131
614 1155
614 1157
614 1437
616 1030
617 904
617 1040
617 1323
617 1416
618 624
618 625
618 783
618 1046
618 1488
619 1303
621 652
621 877
621 922
621 979
621 1025
621 1079
621 1144
621 1481
622 930
624 641
624 817
624 886
624 1086
624 1368
624 1389
625 783
627 630
627 684
627 791
627 897
627 1161
627 1180
627 1221
627 1263
627 1268
628 756
628 761
628 1165
628 1276
629 828
629 849
629 1007
629 1274
629 1322
630 726
630 732
630 828
630 897
630 1012
630 1022
630 1095
630 1112
630 1268
630 1306
631 852
631 858
631 986
631 1006
631 1167
631 1479
632 1211
633 666
633 718
633 1073
633 1237
633 1360
633 1392
633 1420
635 695
635 954
635 1415
636 708
636 1024
636 1076
636 1389
638 829
638 949
638 1433
639 743
639 959
639 1054
639 1286
639 1302
639 1317
639 1390
639 1489
640 833
640 879
640 1061
640 1224
640 1252
640 1342
640 1343
641 789
641 886
641 1115
641 1129
641 1198
641 1356
641 1395
641 1399
641 1450
641 1468
642 1008
642 1170
642 1289
642 1359
642 1428
643 928
643 952
643 1016
643 1084
643 1167
644 666
644 830
645 747
645 874
645 942
645 976
645 1120
645 1484
646 683
646 1161
646 1344
646 1410
647 882
647 1186
647 1449
648 1170
649 654
649 701
649 714
649 789
649 1115
649 1263
650 752
650 846
650 905
650 1112
650 1152
650 1350
650 1458
651 700
651 1005
651 1361
652 871
652 922
652 979
652 1079
653 774
653 1081
654 971
654 1036
654 1275
655 668
655 926
655 1172
655 1350
655 1394
657 1060
657 1169
657 1219
658 872
658 914
658 1021
658 1348
659 718
659 1245
659 1360
659 1475
660 1064
660 1070
660 1236
661 1315
663 840
663 990
663 1131
663 1379
664 721
664 1420
665 896
665 945
665 1067
665 1180
665 1191
665 1208
665 1439
665 1471
666 711
666 888
666 914
666 1009
666 1178
666 1363
666 1460
667 714
667 794
667 1404
667 1459
668 839
668 841
668 993
668 1332
668 1371
669 801
669 852
669 1028
669 1326
669 1442
670 955
670 990
671 690
671 733
671 797
671 1116
671 1128
671 1292
671 1319
672 756
672 761
672 857
672 1020
672 1035
672 1190
672 1245
673 766
673 995
673 1000
673 1273
673 1423
673 1425
673 1451
673 1494
674 753
674 785
674 815
674 913
674 919
674 937
674 963
674 1288
674 1425
674 1435
675 731
675 834
675 837
675 847
675 853
675 1010
675 1106
675 1430
675 1438
676 731
676 735
676 963
676 1023
676 1068
676 1125
676 1159
676 1377
676 1388
676 1412
677 732
677 1104
677 1151
677 1385
677 1418
678 686
678 715
678 741
678 809
678 827
678 910
678 947
678 1072
678 1107
678 1140
678 1434
678 1454
679 840
679 1158
679 1216
679 1233
679 1355
679 1467
680 745
680 769
680 1089
680 1112
680 1350
680 1378
681 709
681 852
681 856
681 886
681 888
681 1250
681 1280
681 1424
681 1458
682 743
682 820
682 830
682 873
682 1350
682 1354
683 1161
684 738
684 897
684 953
684 1160
684 1205
684 1221
684 1486
685 834
685 1126
685 1176
685 1250
686 805
686 809
686 827
686 910
686 1140
688 1167
690 729
690 1128
690 1178
690 1230
690 1292
691 1193
692 720
692 810
692 909
692 960
692 1178
692 1235
693 781
693 902
693 934
693 938
693 1085
693 1177
693 1474
694 711
694 1345
694 1403
695 1091
695 1114
696 727
696 914
696 969
696 1231
697 706
697 759
697 1262
697 1459
698 761
698 940
698 1190
699 761
699 1077
699 1165
699 1207
700 859
700 954
700 1085
700 1300
700 1488
701 881
701 1036
701 1091
701 1112
701 1115
701 1204
701 1487
702 1130
702 1133
702 1238
702 1490
703 747
703 874
703 976
703 1248
705 802
705 1180
705 1181
705 1199
706 801
706 971
706 1160
707 746
707 835
708 829
708 1076
708 1082
708 1086
708 1389
708 1414
709 808
709 861
709 1025
709 1032
709 1302
709 1305
709 1316
710 790
710 1254
710 1421
711 936
711 988
711 1065
711 1363
712 929
712 1017
712 1328
713 910
713 1243
713 1333
713 1492
714 759
714 1322
714 1494
715 741
715 827
715 910
716 758
716 776
716 1107
716 1129
716 1175
716 1375
716 1454
717 984
717 1080
717 1406
718 872
718 1056
718 1360
718 1420
718 1482
718 1486
720 755
720 929
720 991
720 1077
720 1193
720 1252
720 1289
720 1491
721 849
721 950
721 1343
722 808
722 943
722 966
722 1441
722 1470
723 728
723 861
723 1032
723 1095
723 1350
724 992
724 1007
724 1015
724 1241
724 1492
725 1013
726 756
726 791
726 1048
726 1059
726 1282
727 969
727 1231
727 1363
728 1119
728 1176
728 1216
728 1261
729 1128
729 1476
730 1175
730 1452
731 963
732 1095
732 1246
732 1417
732 1477
733 1477
734 761
734 1077
734 1207
735 792
735 793
735 824
735 1228
735 1264
735 1430
736 842
736 1012
736 1236
737 984
737 1029
737 1174
737 1337
738 1070
738 1119
738 1459
739 900
739 1163
739 1222
740 857
740 1205
740 1369
740 1427
741 756
741 827
741 833
741 1102
741 1140
741 1274
741 1276
741 1315
741 1434
742 854
742 877
742 907
742 922
742 1036
742 1356
743 873
743 913
743 967
743 1011
743 1054
743 1071
743 1302
743 1317
743 1489
744 857
744 1200
744 1369
744 1427
745 930
745 980
745 1350
745 1368
745 1488
746 882
747 799
747 874
747 942
747 1120
747 1484
748 757
748 897
748 1224
748 1313
749 964
750 1372
750 1415
750 1448
751 841
751 1001
751 1041
751 1267
751 1313
751 1441
752 846
752 905
752 926
752 1123
752 1306
752 1350
753 790
753 862
753 887
753 955
753 974
753 1138
755 1367
755 1491
756 1001
756 1190
756 1276
757 833
757 903
757 1224
757 1263
757 1376
758 776
758 1107
758 1175
758 1454
759 863
759 952
759 1494
760 1068
760 1148
760 1230
760 1449
760 1466
761 1165
761 1190
761 1195
761 1207
762 806
762 934
762 1490
763 899
763 901
763 917
763 919
763 1311
763 1463
764 1053
764 1152
764 1154
764 1210
764 1370
764 1408
765 836
766 778
766 978
766 995
766 1239
766 1423
766 1451
766 1494
767 913
767 1436
768 856
768 1081
769 839
769 1089
769 1112
769 1350
769 1378
770 940
770 1274
770 1367
770 1446
770 1467
771 774
771 784
771 1349
774 914
774 973
774 974
774 1188
775 884
775 1117
776 1175
776 1177
776 1198
776 1257
776 1447
776 1454
778 786
778 939
778 977
778 978
778 1082
778 1466
779 788
779 826
779 986
780 841
780 913
780 1111
780 1259
780 1378
781 934
781 938
781 1085
782 1255
783 787
783 1046
783 1361
783 1397
783 1488
784 898
784 923
784 1349
785 1231
786 977
786 1078
786 1270
786 1285
787 1115
787 1238
788 977
788 1052
789 852
789 881
789 1028
789 1038
789 1356
789 1387
791 1486
792 899
792 1264
793 824
793 942
793 1057
793 1159
794 871
795 878
795 910
795 1232
795 1283
795 1429
795 1478
795 1491
796 1121
797 834
797 1178
797 1226
797 1363
797 1475
798 1126
798 1277
798 1374
798 1415
799 996
799 1312
800 854
800 1280
801 852
801 870
801 971
801 1433
801 1442
801 1454
802 893
802 1040
802 1197
803 820
803 956
803 1115
803 1371
804 955
804 1043
804 1302
804 1398
805 910
805 1102
805 1167
805 1413
806 866
806 1227
806 1285
807 827
807 1277
807 1290
808 1025
808 1032
808 1339
808 1343
808 1452
808 1463
809 827
809 910
809 1102
809 1140
809 1413
810 909
810 1042
810 1372
811 846
811 887
811 989
811 1123
811 1155
811 1160
811 1332
811 1481
812 1283
813 1154
813 1264
813 1354
813 1469
814 1338
815 1255
815 1449
816 1131
816 1437
817 1151
817 1216
818 1235
819 934
819 1080
820 821
820 993
820 1094
820 1217
820 1255
820 1332
821 942
821 956
821 961
821 963
821 967
821 989
821 1182
821 1304
823 1194
824 1015
824 1247
824 1465
824 1466
825 1266
825 1434
826 848
826 986
827 910
827 1053
827 1072
827 1107
827 1140
827 1434
828 992
828 1141
828 1167
828 1448
829 949
829 1086
829 1206
829 1414
830 845
830 1343
831 1229
831 1265
832 878
832 1148
832 1266
832 1459
833 929
833 1061
833 1122
833 1224
833 1343
833 1441
834 847
834 888
834 1043
834 1151
834 1250
834 1416
835 1018
835 1402
836 1181
837 847
837 964
837 984
837 1479
839 928
839 958
839 1032
839 1067
839 1089
839 1302
839 1350
839 1373
839 1437
839 1439
840 914
840 1108
840 1131
840 1157
840 1467
840 1485
841 965
841 993
841 1122
841 1208
841 1211
841 1252
841 1260
841 1439
841 1471
842 1012
842 1129
843 1328
843 1437
844 1163
845 873
845 909
845 929
845 950
846 925
846 959
846 989
846 1048
846 1064
846 1217
846 1302
846 1458
847 1010
847 1043
847 1172
847 1438
847 1440
848 955
848 1312
848 1331
849 945
849 1009
849 1288
850 1445
851 947
851 1072
851 1253
851 1422
852 949
852 1028
852 1091
852 1216
852 1239
852 1280
852 1387
853 1389
854 1055
855 859
855 1029
855 1374
856 1280
857 864
857 1190
857 1205
857 1410
858 958
858 1006
858 1151
859 912
859 1474
860 986
860 1076
860 1141
860 1479
861 967
861 1025
861 1032
861 1172
861 1305
861 1464
862 937
862 1138
862 1410
862 1472
863 1060
863 1219
863 1281
863 1485
864 1271
865 1002
865 1052
866 1162
867 1116
868 1196
869 888
869 1130
869 1325
870 1442
871 1025
871 1095
871 1112
872 1136
873 1366
873 1464
874 976
874 1484
876 1230
876 1299
876 1440
876 1473
877 922
877 925
877 979
877 1025
877 1054
877 1079
877 1115
877 1366
877 1389
877 1481
877 1489
879 953
879 1004
879 1221
879 1224
881 910
881 951
881 1028
881 1091
881 1198
881 1320
881 1375
882 1186
882 1328
883 934
884 1057
884 1117
885 959
885 1323
885 1366
886 1198
886 1399
887 1037
887 1354
887 1398
888 1096
888 1162
889 1007
889 1167
889 1492
890 927
892 922
892 1103
892 1168
892 1239
892 1241
892 1334
892 1468
892 1480
892 1481
893 904
893 1225
893 1289
893 1292
893 1344
893 1454
895 1340
896 1067
896 1471
897 1022
897 1180
897 1220
897 1221
897 1446
897 1482
898 923
898 1051
899 949
899 961
899 1015
899 1433
901 917
901 961
901 1275
902 909
902 1065
903 966
903 1263
903 1376
904 946
904 1092
905 1112
905 1306
905 1368
905 1458
906 989
906 1155
906 1157
906 1158
907 1012
907 1160
907 1356
907 1408
908 1429
908 1460
910 1043
910 1114
910 1139
910 1140
910 1194
910 1257
910 1375
910 1422
910 1493
910 1494
913 1055
913 1302
913 1316
913 1464
914 924
914 936
914 1363
917 926
917 949
917 959
917 961
917 1234
917 1318
917 1417
919 949
919 1206
919 1239
919 1241
919 1322
919 1423
920 953
920 955
920 1367
922 925
922 1025
922 1389
922 1481
924 1181
925 959
925 1064
925 1071
925 1133
925 1302
925 1368
926 956
926 993
926 1123
926 1178
926 1191
926 1366
926 1371
926 1481
927 1482
928 952
928 1075
928 1084
928 1284
928 1350
929 1061
929 1122
929 1252
929 1482
931 1164
931 1384
932 1094
932 1141
932 1477
933 939
933 942
933 978
933 1365
934 973
934 974
934 981
934 1116
934 1135
934 1279
935 1009
935 1379
936 988
937 1021
937 1189
937 1370
937 1409
937 1435
938 1085
938 1130
938 1279
939 978
940 1132
940 1390
942 961
942 1024
942 1106
942 1332
942 1381
942 1433
942 1484
943 966
943 1258
943 1470
944 1065
944 1237
945 1067
945 1313
945 1471
946 981
946 1128
947 1175
947 1454
949 1206
949 1322
949 1433
950 997
950 1220
951 1101
951 1198
951 1274
951 1399
952 1265
953 1367
953 1486
954 1101
954 1424
954 1450
955 1058
955 1230
955 1407
956 1123
956 1234
956 1371
959 1064
959 1111
959 1302
959 1350
959 1368
960 1051
960 1252
960 1263
960 1342
961 1275
962 1035
962 1211
963 1002
963 1159
963 1174
963 1377
963 1388
963 1412
965 1237
966 1195
966 1455
967 1104
967 1113
967 1323
967 1354
967 1452
968 1090
969 979
969 1148
969 1221
969 1231
969 1455
971 1036
971 1274
971 1293
973 1439
973 1467
974 1080
974 1181
974 1186
974 1490
975 1396
975 1459
976 982
976 998
976 1381
976 1484
977 978
977 1056
977 1062
977 1461
977 1465
978 1009
978 1082
978 1466
979 1055
979 1128
979 1148
979 1367
980 986
980 1350
980 1488
981 1021
981 1080
982 1086
982 1120
982 1424
983 1017
983 1255
984 1163
984 1465
985 990
986 1006
986 1479
987 1031
987 1450
988 1344
988 1363
989 993
989 1273
989 1371
990 1233
991 1294
991 1493
992 1062
992 1101
992 1167
992 1320
992 1448
993 1123
993 1332
994 1279
995 1013
995 1273
995 1423
995 1451
995 1494
996 1312
997 1010
997 1343
998 1275
998 1381
998 1461
999 1053
999 1081
999 1328
1001 1035
1001 1183
1001 1208
1001 1267
1001 1313
1002 1052
1002 1159
1002 1377
1003 1459
1005 1300
1006 1121
1006 1479
1007 1015
1008 1170
1008 1359
1008 1428
1009 1180
1009 1379
1010 1172
1010 1445
1011 1112
1011 1294
1013 1273
1013 1451
1014 1100
1014 1408
1015 1120
1015 1373
1015 1484
1016 1038
1016 1202
1016 1262
1016 1266
1016 1328
1017 1458
1019 1065
1020 1190
1020 1254
1021 1135
1021 1189
1021 1370
1021 1435
1021 1457
1022 1056
1022 1276
1022 1392
1023 1129
1023 1373
1024 1137
1024 1350
1024 1433
1025 1032
1025 1055
1025 1064
1025 1305
1028 1091
1028 1194
1028 1387
1031 1450
1032 1172
1032 1452
1033 1130
1033 1390
1035 1211
1035 1296
1035 1298
1036 1204
1038 1202
1038 1286
1041 1268
1041 1313
1041 1441
1042 1266
1042 1330
1042 1487
1043 1438
1043 1440
1044 1357
1044 1362
1045 1220
1045 1281
1045 1288
1045 1355
1045 1471
1046 1179
1046 1336
1046 1361
1047 1104
1047 1315
1047 1464
1048 1172
1048 1445
1049 1491
1051 1074
1051 1226
1051 1235
1051 1358
1053 1133
1053 1210
1053 1305
1053 1328
1053 1378
1053 1452
1054 1217
1054 1317
1054 1489
1056 1094
1056 1218
1056 1247
1056 1360
1056 1420
1057 1137
1058 1233
1058 1407
1058 1491
1059 1108
1059 1282
1060 1169
1060 1204
1061 1073
1061 1164
1061 1166
1061 1224
1061 1259
1061 1467
1061 1482
1062 1141
1063 1192
1063 1248
1064 1071
1064 1178
1065 1363
1065 1390
1066 1068
1066 1159
1066 1265
1067 1268
1067 1304
1067 1439
1067 1471
1068 1159
1068 1278
1068 1299
1069 1351
1070 1465
1071 1210
1071 1317
1072 1434
1073 1364
1075 1284
1076 1086
1076 1121
1076 1141
1076 1192
1076 1270
1076 1321
1076 1389
1076 1397
1078 1270
1079 1397
1080 1374
1080 1456
1083 1144
1084 1139
1084 1244
1084 1245
1084 1284
1085 1144
1085 1171
1086 1389
1086 1414
1087 1229
1088 1117
1088 1151
1088 1232
1088 1461
1089 1346
1089 1350
1089 1378
1091 1198
1094 1274
1094 1477
1095 1097
1095 1328
1095 1350
1095 1385
1096 1305
1096 1316
1096 1363
1097 1476
1098 1493
1099 1201
1100 1408
1101 1325
1101 1412
1102 1140
1103 1168
1103 1195
1103 1334
1103 1455
1103 1468
1103 1470
1103 1480
1104 1197
1104 1230
1104 1323
1106 1430
1107 1175
1107 1297
1107 1400
1107 1434
1108 1121
1108 1122
1108 1246
1108 1342
1108 1420
1109 1419
1110 1251
1111 1417
1111 1464
1112 1255
1112 1260
1112 1306
1112 1357
1112 1417
1112 1458
1113 1323
1114 1269
1114 1274
1114 1280
1115 1274
1115 1395
1117 1249
1117 1373
1118 1169
1118 1219
1118 1468
1118 1480
1119 1176
1119 1261
1120 1484
1121 1270
1122 1342
1122 1360
1122 1421
1123 1366
1123 1371
1123 1470
1123 1481
1124 1432
1125 1185
1125 1186
1127 1357
1127 1424
1128 1292
1128 1299
1128 1457
1130 1390
1132 1201
1132 1207
1133 1172
1133 1323
1133 1398
1133 1453
1134 1212
1134 1267
1135 1139
1135 1292
1135 1435
1136 1348
1137 1203
1137 1277
1137 1297
1139 1163
1139 1395
1139 1415
1141 1436
1145 1392
1145 1394
1146 1338
1146 1393
1147 1194
1147 1216
1147 1274
1147 1290
1147 1326
1147 1357
1147 1386
1148 1200
1148 1294
1148 1449
1150 1197
1150 1457
1151 1216
1153 1338
1153 1393
1154 1354
1154 1370
1154 1469
1156 1377
1157 1407
1157 1437
1158 1467
1159 1322
1159 1377
1159 1463
1160 1328
1161 1410
1162 1221
1164 1252
1164 1303
1165 1207
1165 1342
1166 1335
1168 1219
1168 1239
1168 1243
1168 1334
1168 1366
1168 1455
1168 1468
1168 1480
1168 1492
1169 1468
1169 1480
1170 1428
1170 1482
1170 1486
1171 1476
1172 1317
1172 1394
1172 1445
1173 1476
1174 1338
1175 1454
1177 1257
1177 1409
1178 1460
1180 1183
1180 1191
1180 1195
1180 1315
1180 1471
1181 1193
1181 1197
1181 1457
1182 1377
1183 1265
1183 1355
1184 1197
1184 1240
1184 1476
1185 1406
1185 1490
1186 1255
1186 1350
1186 1435
1187 1303
1189 1255
1189 1398
1189 1489
1191 1248
1191 1282
1191 1470
1191 1471
1192 1248
1192 1320
1192 1321
1193 1274
1193 1375
1194 1400
1194 1422
1195 1258
1195 1455
1197 1397
1197 1457
1197 1476
1198 1274
1198 1320
1198 1356
1198 1399
1200 1259
1200 1369
1200 1449
1203 1249
1204 1422
1205 1221
1206 1236
1206 1322
1206 1334
1206 1423
1206 1433
1208 1211
1209 1211
1210 1246
1210 1328
1210 1452
1211 1265
1212 1367
1212 1477
1213 1214
1214 1340
1216 1261
1217 1302
1217 1318
1218 1258
1219 1334
1219 1468
1219 1480
1221 1478
1221 1482
1221 1486
1222 1372
1223 1283
1223 1440
1223 1457
1228 1430
1230 1383
1231 1255
1233 1355
1235 1358
1236 1450
1237 1440
1239 1241
1239 1334
1239 1423
1239 1480
1241 1423
1241 1480
1243 1333
1245 1304
1246 1420
1246 1442
1249 1465
1252 1482
1254 1493
1255 1259
1255 1398
1256 1405
1256 1440
1257 1450
1258 1325
1258 1455
1259 1449
1260 1289
1261 1455
1262 1277
1262 1459
1263 1268
1264 1354
1264 1386
1265 1471
1266 1316
1267 1313
1268 1441
1269 1447
1270 1414
1272 1473
1273 1423
1273 1451
1273 1494
1274 1320
1274 1321
1274 1356
1274 1396
1274 1399
1274 1494
1276 1344
1276 1376
1277 1297
1278 1281
1278 1485
1281 1407
1281 1485
1282 1376
1282 1455
1283 1419
1284 1422
1289 1359
1289 1421
1290 1447
1292 1305
1292 1421
1294 1346
1298 1407
1301 1347
1302 1313
1302 1417
1302 1458
1302 1489
1303 1304
1304 1391
1304 1467
1305 1316
1305 1354
1306 1368
1306 1417
1306 1458
1308 1422
1309 1382
1311 1451
1312 1331
1312 1406
1313 1317
1313 1441
1314 1432
1316 1362
1317 1370
1317 1378
1317 1489
1319 1423
1321 1414
1322 1433
1324 1326
1324 1357
1325 1455
1326 1357
1326 1362
1328 1452
1330 1450
1333 1492
1334 1468
1334 1480
1334 1492
1335 1391
1336 1337
1337 1361
1337 1473
1341 1397
1341 1443
1342 1343
1342 1420
1343 1379
1343 1420
1344 1410
1348 1462
1350 1378
1356 1387
1356 1423
1357 1362
1357 1424
1358 1478
1359 1384
1359 1428
1360 1420
1364 1379
1364 1486
1366 1371
1366 1464
1366 1480
1366 1481
1368 1458
1369 1390
1369 1427
1369 1449
1370 1435
1373 1386
1375 1454
1376 1446
1377 1388
1377 1463
1382 1462
1384 1428
1385 1418
1388 1463
1390 1427
1390 1493
1391 1446
1392 1478
1396 1424
1399 1450
1403 1443
1417 1464
1421 1493
1423 1480
1423 1494
1425 1432
1438 1442
1441 1470
1447 1448
1451 1494
1455 1480
1455 1486
1458 1464
1460 1479
1467 1471
1468 1480
1468 1492
1478 1482
1481 1801
1482 1488
1482 1491
1495 1556
1495 1643
1495 1843
1495 1900
1496 1566
1496 1604
1496 1634
1496 1638
1496 1771
1496 1772
1497 1573
1497 1580
1497 1626
1497 1746
1497 1768
1497 1826
1497 1837
1497 1854
1497 1857
1497 1901
1498 1815
1498 1866
1499 1514
1499 1542
1500 1542
1500 1568
1500 1599
1500 1602
1500 1721
1500 1731
1500 1732
1500 1734
1500 1767
1500 1802
1500 1853
1500 1855
1500 1920
1501 1519
1501 1533
1501 1587
1501 1624
1501 1686
1501 1728
1501 1860
1501 1880
1501 1911
1501 1918
1502 1739
1502 1745
1502 1774
1502 1796
1502 1806
1502 1907
1503 1531
1503 1599
1503 1679
1503 1680
1503 1685
1503 1760
1503 1838
1503 1843
1504 1567
1504 1592
1504 1602
1505 1588
1505 1689
1505 1738
1505 1768
1505 1894
1506 1726
1506 1807
1508 1513
1508 1617
1508 1644
1508 1831
1508 1855
1509 1587
1509 1749
1509 1769
1509 1918
1510 1600
1510 1633
1510 1725
1510 1809
1510 1876
1511 1534
1511 1546
1511 1557
1511 1694
1511 1740
1511 1781
1511 1810
1512 1543
1512 1548
1512 1665
1512 1686
1512 1692
1512 1720
1512 1747
1512 1767
1512 1801
1512 1811
1512 1864
1512 1890
1513 1552
1513 1617
1513 1677
1513 1710
1513 1734
1513 1784
1513 1831
1513 1894
1514 1618
1514 1662
1514 1692
1514 1747
1515 1529
1515 1612
1515 1616
1515 1682
1515 1808
1515 1921
1516 1534
1516 1626
1516 1629
1516 1632
1516 1640
1516 1646
1516 1694
1516 1711
1516 1764
1516 1786
1516 1805
1516 1813
1516 1832
1516 1861
1516 1888
1517 1566
1517 1570
1517 1604
1517 1741
1517 1849
1517 1869
1518 1563
1518 1571
1518 1723
1518 1741
1518 1744
1518 1800
1518 1892
1518 1901
1519 1860
1520 1556
1520 1587
1520 1628
1520 1769
1520 1836
1520 1843
1520 1844
1520 1904
1521 1546
1521 1585
1521 1613
1521 1697
1521 1832
1521 1895
1522 1543
1522 1613
1522 1661
1522 1695
1522 1783
1522 1895
1523 1623
1523 1684
1523 1711
1523 1742
1523 1765
1523 1922
1524 1593
1524 1614
1524 1685
1524 1838
1524 1896
1525 1548
1525 1564
1525 1710
1525 1736
1525 1798
1525 1799
1526 1574
1526 1616
1526 1638
1526 1707
1526 1777
1526 1784
1526 1794
1526 1795
1526 1893
1526 1895
1527 1561
1527 1628
1527 1677
1527 1679
1527 1790
1527 1811
1527 1855
1527 1890
1528 1657
1528 1662
1528 1682
1528 1700
1528 1725
1528 1819
1529 1687
1529 1808
1529 1903
1529 1919
1530 1675
1530 1680
1530 1751
1530 1755
1530 1780
1530 1798
1530 1801
1530 1863
1530 1873
1531 1822
1531 1920
1532 1540
1532 1737
1532 1896
1533 1603
1533 1735
1534 1553
1534 1585
1534 1601
1534 1620
1534 1629
1534 1640
1534 1646
1534 1694
1534 1714
1534 1741
1534 1772
1534 1786
1534 1810
1534 1842
1534 1861
1535 1579
1535 1582
1535 1622
1535 1744
1535 1800
1535 1817
1535 1866
1535 1877
1536 1594
1536 1688
1536 1796
1537 1621
1537 1628
1537 1631
1537 1676
1537 1735
1537 1760
1537 1822
1537 1836
1537 1842
1537 1843
1537 1845
1537 1920
1538 1725
1538 1767
1538 1803
1538 1809
1538 1927
1539 1564
1539 1647
1539 1686
1539 1692
1539 1770
1540 1570
1540 1818
1540 1819
1540 1896
1541 1550
1541 1571
1541 1715
1541 1833
1542 1615
1542 1628
1542 1649
1542 1897
1543 1593
1543 1685
1543 1801
1543 1822
1543 1904
1544 1660
1544 1681
1544 1807
1544 1892
1544 1913
1544 1926
1545 1637
1545 1710
1545 1754
1545 1773
1545 1779
1545 1799
1545 1872
1546 1557
1546 1585
1546 1711
1546 1712
1546 1772
1546 1805
1546 1832
1546 1888
1547 1597
1547 1835
1547 1905
1548 1665
1548 1689
1548 1720
1548 1736
1548 1738
1548 1754
1549 1593
1549 1633
1550 1563
1550 1576
1550 1590
1550 1622
1550 1727
1550 1744
1550 1768
1550 1833
1550 1837
1551 1598
1551 1632
1551 1663
1551 1874
1552 1565
1552 1696
1552 1734
1552 1839
1552 1841
1552 1894
1553 1590
1553 1620
1553 1623
1553 1711
1553 1715
1553 1723
1553 1740
1553 1891
1554 1628
1554 1631
1554 1680
1554 1839
1554 1842
1554 1887
1555 1576
1555 1650
1555 1764
1555 1856
1556 1628
1556 1788
1556 1802
1556 1836
1556 1842
1556 1887
1556 1900
1556 1920
1557 1661
1557 1740
1557 1832
1558 1653
1558 1663
1558 1816
1558 1859
1558 1874
1559 1605
1559 1758
1559 1825
1559 1829
1559 1847
1559 1850
1560 1673
1560 1687
1560 1753
1560 1825
1560 1829
1560 1847
1560 1895
1561 1628
1561 1677
1561 1811
1561 1843
1561 1855
1561 1917
1562 1583
1562 1738
1562 1753
1562 1870
1562 1924
1563 1727
1563 1744
1563 1763
1563 1768
1563 1833
1563 1861
1563 1862
1563 1866
1563 1892
1564 1678
1564 1738
1564 1751
1564 1858
1565 1648
1565 1841
1565 1878
1566 1698
1566 1741
1566 1861
1566 1869
1567 1575
1567 1636
1567 1721
1567 1732
1567 1826
1567 1834
1567 1841
1567 1853
1567 1857
1567 1880
1568 1584
1568 1626
1568 1731
1568 1732
1568 1803
1568 1836
1569 1609
1569 1631
1569 1788
1569 1899
1569 1919
1570 1580
1570 1709
1570 1763
1570 1823
1570 1883
1570 1915
1570 1917
1571 1620
1571 1694
1571 1698
1571 1702
1571 1741
1571 1771
1571 1772
1571 1866
1571 1926
1572 1669
1572 1672
1572 1720
1572 1902
1573 1626
1573 1744
1573 1764
1573 1768
1573 1826
1573 1837
1573 1854
1573 1901
1574 1619
1574 1634
1574 1715
1574 1717
1574 1794
1574 1795
1574 1818
1574 1877
1574 1889
1575 1721
1575 1730
1575 1732
1575 1746
1575 1759
1575 1857
1575 1861
1576 1715
1576 1727
1576 1741
1576 1744
1576 1764
1576 1833
1577 1663
1577 1708
1577 1781
1577 1804
1577 1810
1577 1821
1577 1824
1578 1679
1578 1884
1579 1582
1579 1622
1579 1738
1579 1777
1579 1793
1579 1817
1580 1737
1580 1768
1580 1826
1580 1837
1580 1854
1580 1857
1580 1862
1580 1883
1580 1901
1581 1607
1581 1649
1581 1656
1581 1688
1582 1622
1582 1634
1582 1793
1582 1817
1582 1835
1582 1857
1583 1706
1583 1715
1583 1771
1583 1777
1583 1795
1583 1826
1583 1828
1583 1910
1584 1602
1584 1654
1584 1720
1584 1731
1584 1790
1584 1879
1585 1634
1585 1702
1585 1705
1585 1712
1585 1740
1585 1762
1585 1765
1585 1772
1585 1816
1585 1824
1585 1888
1585 1896
1586 1610
1586 1616
1586 1637
1586 1664
1586 1700
1586 1908
1587 1591
1587 1680
1587 1686
1587 1728
1587 1749
1587 1769
1587 1880
1587 1918
1588 1599
1588 1615
1588 1628
1588 1631
1588 1844
1589 1594
1589 1683
1589 1875
1589 1887
1589 1908
1589 1919
1590 1620
1590 1698
1590 1723
1590 1727
1590 1883
1590 1888
1590 1917
1591 1686
1591 1726
1591 1774
1591 1864
1591 1880
1591 1911
1592 1636
1592 1786
1592 1789
1592 1790
1592 1887
1592 1920
1594 1722
1594 1747
1595 1599
1595 1606
1595 1639
1595 1658
1595 1729
1595 1787
1595 1788
1595 1790
1595 1925
1597 1608
1597 1638
1597 1651
1597 1690
1597 1813
1597 1824
1598 1663
1598 1707
1598 1835
1598 1850
1599 1628
1599 1631
1599 1785
1599 1788
1599 1789
1599 1802
1599 1844
1599 1845
1600 1683
1600 1693
1600 1696
1601 1670
1601 1693
1601 1736
1601 1844
1602 1636
1602 1789
1602 1853
1602 1865
1602 1916
1603 1631
1603 1789
1603 1844
1603 1845
1603 1920
1604 1632
1604 1668
1604 1877
1605 1753
1605 1783
1605 1825
1605 1829
1605 1835
1605 1928
1606 1609
1606 1754
1606 1787
1606 1925
1607 1649
1607 1656
1608 1623
1608 1668
1608 1684
1608 1702
1608 1711
1608 1742
1608 1771
1608 1804
1608 1805
1608 1832
1609 1641
1609 1746
1609 1754
1609 1779
1609 1872
1609 1906
1609 1913
1609 1919
1610 1665
1610 1675
1610 1726
1610 1770
1610 1771
1610 1815
1610 1906
1610 1918
1611 1656
1611 1665
1611 1831
1611 1841
1611 1845
1611 1880
1611 1894
1612 1673
1612 1727
1612 1905
1613 1660
1613 1681
1613 1813
1613 1832
1613 1895
1614 1635
1614 1654
1615 1678
1615 1716
1615 1751
1615 1773
1615 1779
1615 1882
1615 1919
1616 1706
1616 1795
1616 1905
1617 1644
1617 1894
1618 1633
1619 1666
1619 1704
1619 1823
1619 1889
1619 1896
1620 1626
1620 1629
1620 1640
1620 1677
1620 1694
1620 1698
1620 1781
1620 1888
1620 1891
1620 1917
1621 1628
1621 1735
1621 1760
1621 1769
1621 1785
1621 1836
1621 1843
1621 1844
1621 1845
1621 1904
1621 1920
1622 1750
1622 1798
1622 1831
1622 1841
1622 1857
1623 1630
1623 1646
1623 1660
1623 1661
1623 1684
1623 1702
1623 1708
1623 1711
1623 1712
1623 1713
1623 1723
1623 1724
1623 1742
1623 1771
1623 1804
1623 1849
1623 1889
1623 1891
1623 1892
1623 1922
1624 1728
1624 1752
1624 1846
1624 1904
1625 1906
1626 1652
1626 1715
1626 1741
1626 1765
1626 1800
1626 1823
1626 1833
1626 1855
1626 1901
1627 1757
1628 1631
1628 1785
1628 1836
1628 1839
1628 1843
1628 1844
1628 1845
1628 1855
1628 1887
1629 1640
1629 1694
1629 1772
1629 1786
1629 1814
1629 1824
1630 1632
1630 1668
1630 1684
1630 1711
1630 1724
1630 1742
1630 1771
1630 1804
1630 1821
1630 1833
1630 1893
1630 1921
1630 1922
1631 1679
1631 1731
1631 1760
1631 1769
1631 1785
1631 1788
1631 1836
1631 1842
1631 1843
1631 1904
1631 1920
1632 1674
1632 1711
1632 1723
1632 1833
1632 1861
1632 1888
1633 1657
1633 1659
1633 1757
1634 1715
1634 1818
1634 1819
1634 1857
1635 1675
1636 1721
1636 1732
1636 1734
1636 1853
1636 1900
1637 1734
1637 1745
1637 1751
1637 1773
1637 1779
1637 1830
1637 1872
1638 1690
1638 1792
1639 1722
1639 1787
1640 1694
1640 1705
1640 1810
1640 1814
1640 1824
1640 1861
1640 1893
1640 1928
1641 1664
1641 1675
1641 1678
1641 1745
1641 1779
1641 1807
1641 1831
1641 1872
1641 1879
1641 1906
1642 1846
1642 1848
1642 1911
1642 1912
1644 1685
1644 1880
1644 1906
1645 1739
1645 1796
1645 1829
1646 1650
1646 1652
1646 1661
1646 1708
1646 1712
1646 1713
1646 1723
1646 1740
1646 1781
1646 1814
1646 1832
1646 1835
1646 1893
1647 1665
1647 1686
1647 1710
1647 1820
1648 1878
1649 1830
1649 1872
1650 1702
1650 1723
1650 1737
1650 1764
1650 1771
1650 1772
1650 1849
1650 1883
1650 1892
1650 1926
1651 1727
1651 1772
1651 1833
1652 1655
1652 1698
1652 1764
1652 1771
1652 1772
1652 1786
1652 1861
1653 1663
1653 1765
1653 1859
1653 1874
1654 1720
1655 1698
1655 1786
1655 1816
1655 1926
1656 1725
1656 1809
1657 1722
1657 1876
1658 1729
1658 1871
1659 1757
1659 1799
1660 1661
1660 1827
1661 1681
1661 1708
1661 1712
1661 1713
1661 1740
1661 1832
1662 1700
1662 1747
1663 1800
1663 1874
1663 1921
1664 1746
1664 1779
1664 1908
1665 1701
1665 1720
1665 1788
1665 1790
1665 1831
1666 1753
1666 1859
1666 1896
1667 1706
1667 1774
1667 1793
1667 1806
1667 1850
1667 1881
1668 1684
1668 1711
1668 1742
1668 1771
1668 1772
1668 1922
1669 1872
1669 1908
1670 1693
1670 1725
1670 1736
1670 1801
1670 1841
1671 1870
1672 1897
1673 1795
1673 1829
1673 1907
1673 1909
1674 1759
1674 1804
1674 1861
1674 1869
1675 1757
1675 1780
1675 1899
1676 1761
1676 1785
1676 1789
1676 1843
1676 1863
1676 1887
1677 1855
1678 1745
1678 1751
1678 1779
1678 1906
1679 1685
1679 1728
1679 1822
1679 1836
1679 1838
1679 1843
1679 1904
1680 1726
1680 1728
1680 1734
1680 1760
1680 1838
1680 1880
1680 1918
1681 1895
1682 1711
1682 1752
1682 1794
1682 1795
1682 1859
1683 1722
1683 1745
1683 1754
1683 1879
1684 1694
1684 1708
1684 1711
1684 1724
1684 1742
1684 1765
1684 1768
1684 1771
1684 1891
1684 1893
1684 1917
1684 1922
1685 1721
1685 1791
1685 1822
1685 1904
1686 1692
1686 1770
1686 1820
1686 1880
1686 1904
1687 1719
1687 1745
1687 1823
1689 1720
1689 1738
1689 1773
1689 1819
1689 1868
1690 1792
1690 1810
1690 1824
1690 1895
1692 1747
1692 1755
1692 1767
1692 1798
1692 1801
1693 1736
1693 1756
1693 1841
1694 1714
1694 1741
1694 1764
1694 1810
1695 1786
1695 1871
1696 1803
1696 1894
1697 1704
1697 1707
1697 1772
1697 1793
1697 1797
1698 1741
1698 1810
1698 1833
1698 1849
1698 1926
1699 1707
1699 1771
1699 1804
1699 1824
1700 1725
1701 1738
1701 1819
1701 1834
1702 1714
1702 1723
1702 1724
1702 1741
1702 1744
1702 1833
1702 1891
1703 1909
1704 1717
1704 1772
1704 1784
1704 1793
1704 1835
1705 1717
1705 1733
1705 1893
1705 1928
1706 1806
1706 1881
1707 1717
1708 1712
1708 1714
1708 1723
1708 1740
1708 1753
1708 1771
1708 1772
1708 1804
1708 1889
1708 1891
1708 1915
1709 1759
1709 1763
1710 1734
1710 1782
1710 1798
1710 1799
1711 1724
1711 1742
1711 1771
1711 1804
1711 1816
1711 1849
1711 1922
1712 1713
1712 1805
1712 1832
1712 1891
1713 1740
1713 1781
1713 1832
1714 1741
1714 1772
1714 1800
1714 1813
1714 1849
1714 1888
1714 1926
1715 1727
1715 1741
1715 1764
1715 1800
1715 1828
1715 1833
1715 1856
1715 1889
1715 1891
1715 1892
1715 1901
1715 1910
1716 1732
1716 1857
1716 1906
1717 1829
1718 1719
1719 1739
1719 1756
1719 1814
1719 1921
1720 1730
1720 1754
1720 1788
1720 1790
1720 1830
1720 1865
1720 1880
1721 1732
1721 1801
1721 1802
1721 1853
1721 1900
1722 1876
1722 1879
1723 1737
1723 1759
1723 1763
1723 1800
1723 1861
1723 1866
1723 1892
1724 1742
1724 1768
1724 1772
1724 1786
1724 1804
1724 1821
1724 1833
1724 1917
1724 1922
1725 1809
1726 1807
1726 1906
1727 1741
1727 1744
1727 1764
1727 1833
1727 1926
1728 1749
1728 1769
1728 1880
1728 1904
1728 1918
1729 1739
1729 1774
1731 1807
1731 1920
1732 1802
1733 1740
1733 1762
1733 1835
1733 1874
1733 1907
1733 1928
1734 1784
1734 1841
1734 1853
1734 1878
1734 1880
1734 1894
1734 1904
1735 1769
1735 1789
1735 1836
1735 1839
1735 1844
1735 1845
1735 1887
1735 1920
1736 1798
1738 1858
1739 1756
1739 1796
1739 1871
1739 1903
1739 1921
1740 1781
1740 1816
1740 1832
1740 1835
1741 1744
1741 1810
1741 1823
1741 1849
1741 1866
1742 1804
1742 1805
1742 1888
1742 1922
1743 1790
1744 1763
1744 1854
1744 1866
1744 1892
1744 1926
1745 1754
1745 1774
1745 1776
1745 1779
1745 1872
1745 1875
1746 1776
1746 1857
1747 1767
1749 1801
1749 1846
1749 1880
1749 1904
1749 1918
1751 1754
1751 1779
1751 1798
1751 1799
1751 1801
1751 1872
1753 1756
1753 1781
1753 1825
1753 1847
1753 1870
1753 1924
1754 1779
1754 1872
1755 1767
1755 1801
1755 1864
1755 1919
1756 1903
1756 1921
1757 1885
1759 1781
1759 1896
1760 1769
1760 1802
1760 1836
1760 1839
1760 1842
1760 1843
1760 1845
1760 1920
1762 1907
1762 1910
1762 1915
1763 1768
1763 1866
1764 1768
1764 1800
1764 1833
1764 1892
1765 1816
1765 1888
1767 1890
1768 1786
1768 1826
1768 1837
1768 1854
1769 1843
1769 1844
1769 1900
1769 1920
1770 1880
1771 1772
1771 1821
1771 1828
1772 1815
1772 1821
1772 1892
1772 1893
1772 1922
1772 1926
1773 1779
1773 1830
1773 1872
1774 1778
1774 1806
1774 1881
1775 1898
1776 1799
1777 1889
1777 1910
1778 1862
1778 1867
1778 1881
1779 1830
1779 1872
1780 1863
1781 1783
1781 1804
1781 1832
1781 1914
1783 1870
1783 1909
1784 1795
1784 1825
1784 1910
1785 1836
1785 1839
1785 1843
1785 1844
1785 1887
1787 1925
1788 1803
1789 1807
1789 1838
1789 1844
1789 1906
1790 1887
1790 1920
1791 1822
1791 1911
1792 1821
1793 1797
1793 1862
1793 1877
1794 1795
1794 1828
1794 1889
1795 1828
1795 1889
1796 1871
1796 1921
1797 1823
1797 1850
1797 1898
1798 1799
1798 1801
1798 1828
1798 1883
1799 1855
1800 1833
1800 1866
1800 1901
1800 1926
1801 1831
1801 1919
1802 1844
1802 1887
1802 1920
1803 1890
1804 1808
1804 1891
1805 1832
1806 1881
1808 1830
1808 1872
1808 1903
1808 1905
1810 1821
1810 1883
1811 1846
1811 1855
1811 1907
1811 1918
1813 1829
1814 1824
1814 1890
1814 1893
1815 1846
1816 1835
1816 1874
1817 1826
1817 1910
1819 1834
1819 1855
1819 1868
1822 1838
1822 1904
1823 1917
1823 1926
1823 1928
1825 1850
1826 1837
1826 1854
1826 1861
1826 1901
1826 1914
1828 1857
1829 1847
1829 1870
1830 1872
1830 1875
1831 1841
1831 1855
1831 1860
1831 1887
1831 1894
1834 1839
1834 1841
1834 1842
1834 1857
1834 1913
1835 1891
1835 1907
1835 1914
1835 1915
1836 1838
1836 1839
1836 1842
1836 1843
1836 1844
1836 1845
1836 1878
1836 1887
1836 1904
1837 1901
1837 1913
1837 1914
1838 1842
1839 1842
1839 1843
1839 1844
1839 1887
1839 1920
1841 1869
1841 1878
1841 1880
1842 1878
1842 1920
1843 1844
1843 1845
1843 1904
1843 1920
1844 1845
1844 1853
1844 1887
1845 1887
1846 1855
1846 1904
1846 1911
1846 1918
1847 1924
1848 1912
1849 1869
1849 1877
1850 1876
1850 1898
1850 1903
1851 1852
1853 1887
1855 1890
1855 1894
1855 1911
1858 1913
1859 1921
1861 1895
1862 1877
1862 1926
1863 1925
1865 1918
1867 1881
1870 1924
1872 1923
1880 1918
1882 1919
1882 1923
1884 1899
1887 1904
1888 1917
1891 1914
1891 1915
1892 1926
1893 1928
1902 1908
1904 1918
1904 1920
1907 1915
1907 1928
1911 1912
1911 1923
1913 1919
1914 1915
1921 1922
1921 1924
