#num-nodes
790
#num-links
1669
#links
0 23
0 24
0 120
0 190
0 284
0 342
2 64
2 110
2 222
2 259
2 378
2 422
3 90
3 118
3 169
3 173
3 192
3 211
3 348
3 394
3 437
3 443
4 234
4 262
4 264
5 279
5 399
6 94
6 131
6 164
6 210
6 741
7 50
7 246
7 306
8 114
8 151
8 263
8 279
9 102
9 389
11 28
11 46
11 209
11 298
11 396
11 747
12 32
12 128
12 246
12 394
16 43
16 142
16 198
16 240
16 269
16 320
16 343
16 348
16 404
16 411
16 420
17 25
17 29
17 128
17 136
17 157
17 161
17 190
17 325
17 428
18 155
18 189
18 199
18 204
18 290
18 429
18 444
19 48
19 125
20 67
20 288
21 79
21 189
22 190
22 226
22 301
22 354
22 376
23 100
23 248
23 290
23 342
23 427
24 99
24 145
24 189
24 253
24 341
24 342
25 67
25 136
25 183
25 302
25 434
25 440
26 70
26 129
26 214
26 268
26 429
28 109
28 126
28 195
28 209
28 218
28 247
28 268
28 271
28 298
28 301
28 321
28 395
28 439
28 702
28 747
29 148
29 189
29 306
29 378
29 393
30 206
31 427
36 147
36 353
36 369
36 386
37 86
37 325
37 355
37 440
38 127
38 209
38 277
38 365
38 395
38 401
38 403
39 179
39 346
40 137
40 426
41 377
43 68
43 124
43 142
43 269
43 295
43 306
43 320
43 343
43 411
43 493
44 270
46 124
46 141
46 366
46 424
46 431
47 102
47 119
47 185
47 194
47 286
47 389
48 68
48 90
48 93
48 104
48 138
48 199
48 211
48 414
49 131
49 225
50 66
50 156
50 264
51 212
51 382
51 400
51 414
52 156
52 264
52 339
54 130
54 187
54 221
54 225
54 559
55 60
55 70
55 140
55 253
55 338
56 429
56 537
57 284
57 317
57 347
57 391
60 70
60 217
60 267
60 268
60 357
61 62
61 219
61 367
61 396
61 397
62 277
62 403
63 357
65 191
66 89
66 157
66 233
66 302
66 325
66 393
66 440
66 444
67 337
67 363
68 90
68 122
68 169
68 295
68 320
68 343
68 393
68 413
69 239
69 277
69 401
69 403
70 214
70 248
70 267
71 157
71 184
71 252
71 270
71 318
71 354
71 367
71 396
72 77
72 138
72 297
72 350
74 244
74 358
74 359
75 202
75 233
75 312
75 382
77 104
77 379
78 101
78 156
79 173
79 253
80 226
80 273
80 287
81 116
81 186
82 281
83 355
85 201
85 514
85 549
86 178
86 211
86 283
87 683
88 223
88 254
88 265
88 316
88 358
90 169
90 307
90 393
90 413
90 422
92 98
93 307
94 164
94 279
95 349
95 368
97 116
97 320
97 376
98 114
98 130
98 187
98 206
98 349
99 336
99 409
100 129
100 290
100 338
100 429
100 432
101 704
102 139
102 185
102 389
103 732
104 291
104 350
106 302
107 363
109 146
109 267
109 357
110 132
111 113
111 126
111 165
111 199
111 253
111 267
113 165
113 267
113 268
113 357
113 412
113 444
114 279
118 169
119 202
119 425
120 190
120 284
120 350
120 393
121 195
121 235
121 239
121 392
122 157
122 212
122 276
122 296
122 308
122 362
122 393
124 269
124 289
124 360
124 384
126 195
126 235
126 247
126 395
126 427
127 403
128 288
128 352
128 355
128 382
129 214
129 290
129 338
129 427
129 429
129 432
130 206
130 225
130 349
131 210
131 432
132 220
132 270
132 323
132 376
132 397
132 431
133 153
133 157
133 311
133 315
133 371
133 430
134 256
134 340
135 586
135 769
136 157
136 190
136 387
136 393
136 428
139 227
139 353
140 202
140 338
140 429
140 432
141 226
141 397
142 198
142 295
142 411
143 279
144 372
145 189
145 280
148 189
148 600
149 209
149 367
149 452
149 739
152 325
153 157
153 318
153 387
153 415
153 430
154 714
156 339
157 161
157 177
157 311
157 415
157 430
158 288
158 620
162 337
162 377
163 412
164 279
165 340
165 406
167 401
168 209
168 268
168 305
168 309
169 278
169 353
169 370
170 366
173 348
174 390
174 405
177 311
177 430
178 193
179 283
179 319
179 354
179 367
179 390
179 405
179 422
180 200
180 238
180 252
182 231
182 239
182 255
182 271
182 508
182 546
183 254
184 318
185 277
186 362
187 349
187 372
187 636
187 691
188 225
188 239
188 341
189 306
189 408
189 600
190 377
190 400
190 786
191 292
191 301
192 307
193 296
193 383
193 778
194 202
194 440
195 218
195 235
195 247
195 321
195 340
195 395
195 439
197 358
198 223
198 233
198 306
198 355
198 393
198 411
199 211
199 267
199 306
200 391
201 258
201 390
201 399
201 423
202 268
204 221
204 262
206 295
208 226
209 247
209 255
209 271
209 305
209 309
209 395
209 528
209 630
209 747
209 749
210 357
210 444
211 253
211 290
211 306
211 370
211 379
211 443
212 269
212 343
214 290
214 338
214 427
214 429
215 370
217 364
218 331
218 439
219 301
220 223
220 250
220 343
220 367
220 390
220 396
220 397
220 405
220 422
220 431
221 222
221 290
221 401
221 427
221 433
222 318
222 404
223 265
223 284
223 289
223 343
223 411
225 386
225 433
226 260
226 269
226 301
226 310
226 354
227 412
229 239
229 250
229 372
230 390
231 628
233 244
233 247
233 325
233 330
233 395
233 440
235 247
235 395
236 402
238 409
239 258
239 309
239 401
240 269
240 438
244 325
244 330
244 402
244 440
245 271
246 262
246 746
247 340
247 357
247 395
247 747
250 372
251 365
254 338
254 420
255 271
255 310
255 702
255 711
256 340
256 392
256 432
256 439
256 586
257 367
257 397
259 443
260 377
260 414
262 263
262 353
262 368
262 406
263 349
263 458
266 285
267 286
267 300
269 306
269 393
269 409
269 411
269 413
269 438
270 295
270 367
270 396
271 277
271 298
271 395
271 702
276 381
277 403
279 403
279 425
280 324
280 416
284 394
286 364
286 389
288 377
288 387
289 312
290 427
290 429
291 394
291 400
293 423
294 370
294 427
295 315
295 320
295 373
296 362
298 630
298 747
298 749
299 367
300 420
301 328
301 340
301 354
301 375
302 370
306 320
306 343
306 348
306 376
306 393
306 411
306 438
307 308
307 358
307 414
308 362
308 414
309 439
311 315
311 420
311 430
315 385
315 404
315 412
315 415
315 430
315 431
316 334
316 336
318 393
318 404
318 431
320 393
320 411
321 372
322 420
322 424
322 598
323 329
323 397
324 340
324 373
324 439
325 383
325 420
325 440
325 702
328 390
329 376
331 365
337 352
338 432
339 379
339 421
340 392
340 395
340 439
341 416
341 433
342 350
342 427
343 411
346 500
352 411
353 357
353 410
354 397
355 378
355 394
355 400
355 413
357 395
357 747
358 435
359 438
360 384
360 442
364 389
365 416
365 423
366 412
367 371
367 396
370 425
373 387
379 443
385 415
387 400
387 442
390 396
390 405
390 422
391 598
393 428
393 438
393 440
394 400
394 413
400 412
400 434
411 443
423 433
425 642
429 432
430 524
431 524
433 445
438 441
445 537
446 476
446 518
446 590
446 606
446 637
446 716
446 748
446 749
447 484
447 513
447 527
447 548
447 563
447 593
447 626
447 645
447 718
447 750
447 774
447 779
448 498
448 522
449 478
449 497
449 536
449 552
449 670
449 674
450 467
450 759
451 466
451 695
452 474
452 524
452 581
452 593
452 610
452 656
452 678
452 729
452 739
453 455
454 485
454 517
454 520
454 694
454 715
455 461
455 462
455 500
455 612
456 487
456 534
456 546
456 582
456 584
456 638
456 727
458 532
458 608
458 664
458 727
458 746
459 465
459 539
459 558
459 562
459 583
459 599
459 610
459 669
459 694
459 718
459 768
461 620
461 775
461 776
462 500
462 526
462 535
462 536
462 636
462 644
462 645
462 674
462 724
462 732
462 761
462 769
462 775
463 570
463 571
463 723
463 725
463 754
465 478
465 495
465 755
466 481
466 569
466 692
467 509
467 520
467 556
467 598
467 640
467 717
468 640
469 692
470 545
470 586
470 606
470 678
470 702
470 718
470 748
471 709
472 476
472 514
472 662
473 608
473 718
473 758
474 569
474 579
474 656
474 686
475 493
475 515
475 517
475 534
475 539
475 546
475 558
475 583
475 628
475 652
475 657
475 766
475 772
475 779
476 518
476 544
476 606
476 678
476 716
476 748
477 508
477 510
477 585
477 606
477 680
477 702
477 721
477 722
477 779
479 491
479 518
479 668
479 692
480 487
480 550
480 728
481 574
481 590
481 602
482 492
483 605
483 712
483 744
483 788
484 508
484 523
484 547
484 553
484 606
484 642
484 661
484 779
485 592
485 656
485 672
485 737
485 740
485 750
486 727
486 731
487 500
487 532
487 547
487 634
487 644
487 706
487 745
487 746
487 747
488 532
488 533
488 614
491 519
491 630
491 653
491 785
492 581
492 631
492 694
493 517
493 590
493 692
494 497
494 632
494 782
495 496
495 500
495 636
495 641
495 723
495 769
496 513
496 514
496 539
496 583
496 660
496 669
496 710
496 714
496 715
497 596
497 655
498 617
498 788
500 526
500 536
500 612
500 636
500 650
500 688
500 695
500 724
500 756
500 769
501 673
502 692
504 513
504 548
504 581
504 590
504 592
504 593
504 673
504 694
504 729
504 738
504 776
505 729
506 665
506 742
506 764
507 554
507 555
507 636
507 675
508 518
508 523
508 546
508 631
508 711
508 716
510 530
510 539
510 553
510 558
510 583
510 609
510 654
510 680
510 686
510 694
510 702
510 779
511 558
511 646
511 759
511 774
512 528
512 535
512 591
512 661
512 734
513 584
513 592
513 710
514 527
514 549
514 662
514 668
514 689
514 748
514 759
514 781
514 785
515 540
515 542
515 588
515 601
515 757
517 579
517 592
517 609
517 738
517 786
518 523
518 637
518 711
518 716
518 722
518 748
519 530
519 582
520 689
520 718
521 541
521 698
522 586
522 607
522 654
522 787
523 537
523 545
523 553
523 606
523 630
523 662
523 668
523 709
523 731
523 779
524 610
524 656
525 567
525 575
525 653
526 658
526 713
526 724
526 756
527 592
527 606
527 702
527 715
527 718
527 748
528 535
528 636
528 712
529 706
530 590
530 598
530 653
530 679
530 710
530 728
531 554
531 568
531 573
531 634
532 547
532 574
532 580
532 608
532 614
532 629
532 634
532 644
532 657
532 661
532 732
532 746
532 753
532 788
533 536
533 564
533 760
534 592
534 657
534 701
534 766
535 732
535 752
535 754
536 547
536 568
536 603
536 617
536 661
536 664
536 751
536 784
537 553
537 727
537 731
538 551
538 609
538 643
538 702
538 715
538 740
539 579
539 583
539 586
539 593
539 680
539 714
539 729
539 789
540 554
542 554
543 578
543 585
543 654
544 637
544 749
545 587
545 606
545 630
545 635
545 638
545 775
546 609
546 628
546 727
546 747
546 755
546 759
547 603
547 614
547 634
547 644
547 661
547 706
547 745
547 746
547 784
547 788
548 551
548 579
548 583
548 626
548 649
548 656
548 673
548 738
548 740
548 750
548 768
548 770
549 556
549 585
549 767
550 580
550 651
550 676
550 691
550 712
551 643
551 645
551 666
551 678
551 711
551 717
551 740
553 578
553 585
553 606
553 637
553 654
553 680
553 716
553 731
553 779
554 615
554 625
554 706
554 750
555 570
555 625
555 636
555 704
555 719
555 726
556 590
556 689
556 710
556 748
556 789
557 610
557 678
558 652
558 678
558 723
558 774
562 569
562 702
562 741
562 768
563 677
564 634
564 732
567 578
567 608
567 627
567 654
567 785
568 574
568 734
568 754
569 616
569 619
569 690
569 708
569 755
569 758
570 596
570 615
570 625
570 688
570 704
570 726
570 776
571 697
571 753
574 603
574 647
574 733
574 751
574 753
575 681
575 716
575 718
576 598
578 585
578 654
578 687
579 583
579 590
579 593
579 660
579 714
579 729
580 675
580 712
580 736
580 745
580 751
581 631
581 686
582 608
582 653
582 657
582 766
583 680
584 642
584 653
584 758
585 609
585 654
585 656
585 687
585 729
585 767
586 587
586 614
586 671
587 607
588 596
588 601
588 656
588 695
588 697
588 706
591 610
592 593
592 626
592 628
592 673
592 692
592 714
592 738
592 772
592 786
593 609
593 626
593 643
593 669
593 671
593 678
593 710
593 714
593 722
593 729
593 772
593 774
595 638
595 729
595 787
596 625
597 632
597 661
598 649
599 610
599 669
600 634
602 620
603 614
603 617
603 635
603 661
603 732
603 733
605 677
605 745
606 709
606 716
606 718
606 748
606 766
606 779
607 766
607 785
608 657
608 732
608 766
609 702
609 761
609 774
609 779
610 656
610 669
610 671
610 732
611 640
611 689
612 704
613 675
614 745
614 747
614 751
614 753
614 784
614 788
615 755
615 786
616 755
616 759
617 623
617 732
617 744
617 751
617 788
619 694
620 684
620 704
621 691
621 725
621 728
623 624
623 642
623 655
624 664
624 744
624 745
624 751
624 757
624 784
624 788
625 698
625 704
625 723
625 750
626 673
626 739
626 750
626 770
628 673
628 706
629 782
630 749
631 694
632 782
634 661
634 683
635 662
635 706
636 675
636 776
637 749
638 689
638 766
639 708
639 758
640 742
642 657
642 758
643 649
643 652
643 680
643 740
643 759
643 768
643 770
643 774
644 657
644 661
644 689
644 691
644 701
644 746
644 756
644 766
645 686
645 729
645 740
646 663
646 759
646 774
647 701
647 736
648 664
649 666
649 678
649 711
649 717
649 770
651 691
652 717
652 738
652 770
652 774
653 718
654 680
654 748
654 764
656 669
657 766
658 703
659 739
659 766
660 759
661 674
661 691
661 712
661 736
661 782
662 689
663 774
664 732
664 744
664 745
664 751
664 788
666 740
667 691
669 678
669 702
669 720
669 759
671 699
671 711
671 731
673 694
673 708
673 710
673 738
673 739
673 750
673 770
673 772
674 732
678 680
678 686
678 739
678 746
678 759
678 773
678 774
680 714
680 729
681 711
681 755
682 709
684 704
684 769
685 689
685 711
685 719
686 729
686 740
688 762
689 742
691 693
691 752
693 754
694 786
695 768
698 776
699 759
701 736
701 745
702 709
702 718
703 704
703 724
704 706
704 724
706 747
709 711
709 717
710 722
710 724
711 719
712 736
712 773
714 729
714 740
715 785
718 766
719 787
722 731
722 755
722 764
723 741
723 786
724 769
725 784
726 752
726 776
727 764
729 740
729 772
730 744
731 779
732 751
733 751
734 754
736 746
738 772
739 741
740 770
741 756
742 764
744 745
744 757
744 788
745 751
747 755
748 785
750 770
751 788
753 788
755 787
756 786
758 766
761 768
761 774
764 779
765 775
774 789
