#num-nodes
1007
#num-links
3341
#links
0 112
0 190
0 244
0 271
0 412
0 446
1 32
1 260
1 273
2 20
2 57
2 220
2 479
2 494
2 512
2 573
3 65
3 200
3 536
4 95
4 238
4 257
4 302
4 334
4 339
4 502
5 270
5 373
5 399
5 488
5 490
5 572
5 585
6 133
6 158
6 463
6 477
6 504
7 220
7 283
7 377
7 471
7 556
7 623
8 136
8 287
8 412
8 441
8 472
8 497
8 578
9 19
9 21
9 63
9 74
9 88
9 218
9 271
9 275
10 76
10 100
10 154
10 182
10 189
10 272
10 336
10 338
10 352
10 518
10 615
10 617
11 187
11 309
11 474
12 112
12 160
13 19
13 84
13 150
13 534
13 596
14 105
14 188
14 203
14 232
14 324
14 332
14 448
14 490
14 551
14 623
14 626
15 29
15 200
15 216
15 266
15 267
15 465
15 568
16 624
17 303
17 577
17 617
18 44
18 74
18 99
18 110
18 147
18 271
18 284
18 386
18 472
18 484
18 564
19 57
19 62
19 63
19 78
19 84
19 88
19 119
19 150
19 163
19 199
19 232
19 253
19 306
19 332
19 457
19 534
19 593
19 596
19 989
20 57
20 203
20 425
20 473
20 486
20 494
20 512
20 562
20 573
21 27
21 66
21 83
21 181
21 251
21 283
21 325
21 391
21 397
21 407
22 340
22 673
23 26
23 355
23 449
23 589
23 592
23 666
24 54
24 95
24 149
24 300
24 331
24 527
25 144
25 178
25 200
25 371
25 423
25 530
25 552
25 609
25 613
26 190
26 236
26 273
26 412
26 480
26 535
27 193
27 215
27 242
27 262
27 296
27 344
27 455
27 511
27 527
27 575
28 69
28 191
28 200
28 216
28 239
28 617
29 158
29 262
29 303
29 344
29 348
29 571
29 631
30 67
30 71
30 104
30 138
30 153
30 211
30 253
30 269
30 272
30 286
30 333
30 370
30 402
30 541
30 598
31 43
31 114
31 118
31 193
31 215
31 242
31 358
31 455
31 511
31 571
31 584
32 155
32 178
32 233
32 248
32 265
32 273
32 340
32 461
32 592
33 40
33 72
33 122
33 145
33 172
33 196
33 330
33 576
33 646
34 89
34 158
34 160
34 224
34 350
34 476
34 491
34 505
35 101
35 102
35 118
35 287
35 600
36 169
36 321
36 452
36 462
36 609
36 619
37 135
37 211
37 227
37 464
37 474
37 500
37 502
38 78
38 212
38 324
38 596
38 614
38 626
39 68
40 61
40 164
40 170
40 196
40 210
40 283
40 322
40 325
40 391
40 392
40 394
40 397
40 422
40 470
41 219
41 243
41 262
41 299
41 305
41 346
41 433
41 506
41 552
41 591
42 226
42 238
42 245
42 257
42 309
42 361
42 490
42 566
43 215
43 262
43 455
43 511
43 711
43 751
43 849
43 910
44 214
44 296
44 420
44 472
44 484
45 258
45 410
45 435
45 549
45 570
46 48
46 117
46 217
46 233
46 403
46 420
46 469
46 531
46 532
46 571
47 55
47 75
47 80
47 92
47 159
47 262
47 366
47 368
47 604
48 285
48 291
48 531
48 557
49 78
49 92
49 237
49 286
49 333
49 366
49 368
49 374
49 390
49 419
49 614
50 69
50 115
50 191
50 216
50 264
50 415
50 451
50 517
50 519
51 302
51 308
51 361
52 69
52 132
52 237
52 311
52 558
53 111
53 413
54 95
55 75
55 80
55 107
55 154
55 159
55 298
55 305
55 317
55 346
55 405
55 547
55 591
55 604
56 147
56 178
56 292
56 388
56 462
56 543
56 553
57 75
57 203
57 243
57 262
57 291
57 346
57 423
57 441
57 494
57 562
57 591
58 199
58 604
59 566
59 761
60 108
61 149
61 164
61 170
61 172
61 194
61 283
61 330
61 359
61 397
61 470
62 88
62 138
62 150
62 177
62 232
62 286
62 307
62 332
62 333
62 382
62 495
62 532
62 579
62 603
62 614
62 635
63 88
63 275
63 293
63 532
64 101
64 102
64 229
64 386
64 466
64 612
65 175
65 195
65 199
65 349
65 496
65 517
65 596
65 598
65 621
65 636
66 166
66 208
66 255
66 283
66 325
66 391
66 397
66 556
67 71
67 80
67 156
67 220
67 408
67 438
67 481
68 442
68 580
69 157
69 191
69 200
69 424
70 90
70 196
70 242
70 404
70 416
70 479
71 76
71 220
71 288
71 316
71 386
71 402
71 408
71 479
71 541
71 573
71 620
72 122
72 271
72 335
72 341
72 448
72 563
73 211
74 80
74 99
74 110
74 138
74 161
74 211
74 301
74 355
74 366
74 369
74 464
74 484
74 564
74 621
75 80
75 99
75 154
75 159
75 243
75 262
75 299
75 317
75 340
75 368
75 436
75 533
75 541
75 604
76 96
76 113
76 118
76 154
76 189
76 193
76 317
76 336
76 518
76 617
77 141
77 163
77 211
77 227
77 297
77 300
77 313
77 598
77 600
77 636
78 92
78 153
78 318
78 368
78 390
78 419
78 614
79 171
80 145
80 148
80 152
80 346
80 405
80 422
80 479
80 570
80 576
81 489
81 490
81 606
82 93
82 142
82 339
82 525
83 96
83 100
83 126
83 358
83 407
83 422
83 611
84 119
84 150
84 199
84 269
84 307
84 332
84 336
84 534
84 596
85 310
85 340
85 454
85 505
85 531
85 537
86 475
87 152
87 159
87 299
87 436
87 535
88 150
88 232
88 293
88 307
88 690
89 143
89 160
89 279
89 350
90 166
90 217
90 233
90 426
90 431
90 593
91 144
91 175
91 248
91 469
91 529
91 535
92 107
92 123
92 153
92 156
92 237
92 269
92 290
92 301
92 318
92 366
92 368
92 390
92 419
92 547
92 573
93 167
93 172
93 177
93 274
93 375
93 475
93 579
94 226
94 260
95 167
95 238
95 331
95 361
96 118
96 266
96 365
96 400
96 401
96 511
97 332
97 368
97 374
97 414
97 513
97 533
98 320
98 530
99 209
99 219
99 271
99 346
99 355
99 425
99 472
99 484
99 576
100 182
100 336
100 338
100 352
100 358
100 407
100 601
101 102
101 155
101 372
101 393
101 452
101 548
101 552
101 558
101 612
101 619
102 126
102 147
102 287
102 323
102 437
102 504
103 280
103 332
103 368
103 564
103 574
104 269
104 272
104 324
104 370
104 490
104 541
104 626
105 229
105 374
105 382
105 551
106 154
106 168
107 262
107 279
107 305
107 420
107 425
107 484
107 563
107 591
107 604
107 626
108 209
108 270
108 288
108 316
108 324
108 368
108 370
108 533
108 541
108 569
108 783
109 259
109 326
109 327
109 354
109 440
109 530
109 546
110 156
110 284
110 386
110 472
110 510
110 546
110 564
112 159
112 179
112 244
112 446
112 629
113 127
113 171
113 428
114 118
114 352
114 358
114 365
114 430
114 455
114 484
114 617
114 849
115 123
115 218
115 264
115 311
115 392
115 451
115 568
116 216
116 222
116 400
116 462
116 465
117 340
117 381
117 453
117 532
118 484
118 518
118 923
119 150
119 175
119 332
119 393
119 564
119 596
120 207
120 305
120 318
120 439
120 531
120 540
120 584
121 451
121 481
121 613
122 169
122 172
122 196
122 233
122 271
122 330
122 335
122 340
122 343
123 209
123 216
123 218
123 264
123 267
123 276
123 517
123 565
123 613
124 280
124 303
124 402
124 449
124 574
124 597
125 161
125 434
125 443
125 623
126 209
126 358
126 401
126 407
126 422
126 450
126 575
128 171
128 231
128 603
129 156
129 188
129 253
129 457
129 547
129 565
129 598
130 465
130 517
130 568
131 164
131 210
131 330
132 174
132 188
132 237
132 485
133 468
133 477
134 434
135 283
135 322
135 325
135 392
135 439
135 500
135 536
136 411
136 441
136 472
136 497
137 199
138 286
138 306
138 333
138 366
138 382
139 194
139 221
139 486
139 493
140 209
140 274
140 278
140 386
140 608
141 300
141 379
141 406
141 417
141 422
141 585
141 791
142 210
142 454
142 557
142 954
143 239
144 178
144 248
144 427
144 444
144 613
145 243
145 250
145 271
145 379
145 413
145 420
145 450
145 486
145 563
146 213
146 214
146 253
146 324
146 352
146 358
146 374
146 435
146 457
146 460
146 559
146 562
146 579
146 626
146 882
147 287
147 323
148 152
148 159
148 196
148 233
148 346
148 384
148 405
148 425
148 479
148 563
148 604
149 172
149 196
149 330
149 414
150 253
150 307
150 332
150 614
151 199
151 294
151 554
152 299
152 346
152 405
152 576
153 187
153 269
153 290
153 301
153 305
153 318
153 329
153 366
153 390
153 419
153 595
153 598
154 159
154 168
154 182
154 189
154 298
154 317
154 336
154 512
154 541
154 573
154 601
155 158
155 321
155 452
155 470
155 479
155 592
156 278
156 291
156 408
156 425
156 479
156 542
156 547
156 562
156 565
157 191
157 200
157 392
157 424
158 160
158 226
158 285
158 350
158 401
158 612
159 405
159 425
159 436
159 604
160 218
160 228
160 350
160 476
160 505
160 583
160 606
161 217
161 286
161 333
161 443
161 464
163 192
163 491
163 569
163 600
163 607
163 627
163 797
164 378
164 646
165 182
165 198
165 228
165 233
165 250
165 305
165 491
165 549
165 563
165 584
165 593
165 633
166 228
166 236
166 452
166 491
166 509
166 530
166 578
166 606
166 619
167 171
167 180
167 234
167 238
167 280
167 361
167 579
168 246
169 321
169 452
169 462
170 232
170 325
170 330
170 359
170 380
170 470
170 490
171 231
171 387
171 603
172 330
172 394
172 407
172 607
173 189
173 288
173 300
173 316
173 368
173 453
173 512
173 541
173 573
173 615
173 620
174 212
174 237
174 432
174 485
175 187
175 212
175 225
175 256
175 302
175 415
175 423
175 474
175 489
175 548
175 602
175 621
176 280
176 574
177 206
177 375
177 403
177 406
177 579
177 586
177 616
178 230
178 273
178 304
178 357
178 433
178 507
179 219
179 236
180 387
181 325
181 354
181 509
181 539
182 189
182 309
182 317
182 338
182 352
182 430
182 601
182 615
183 251
183 262
183 315
183 379
183 422
183 427
183 444
183 454
183 552
183 554
184 254
184 469
184 490
184 529
184 610
185 481
185 613
185 879
186 372
186 577
186 623
186 982
187 212
187 272
187 474
187 533
188 237
188 301
188 318
188 377
188 474
188 479
188 485
188 742
189 338
189 484
189 601
189 615
190 236
190 244
190 273
190 412
190 480
190 561
191 219
191 236
191 415
191 424
191 519
191 613
192 272
192 627
192 742
193 246
193 315
193 518
193 544
194 293
194 305
194 307
194 329
194 351
194 591
195 200
195 377
195 517
196 330
196 346
196 394
196 456
196 575
196 576
197 333
197 499
197 569
198 250
198 262
198 279
198 346
198 433
198 436
198 460
198 563
199 308
199 361
199 412
199 443
199 569
200 256
200 264
200 273
200 424
200 426
200 517
200 613
200 627
201 229
201 585
203 262
203 315
203 377
203 441
203 473
203 600
204 247
204 403
204 407
204 586
204 944
205 249
205 342
205 463
206 407
206 586
207 492
209 335
209 375
209 439
209 585
209 589
210 249
210 557
211 245
211 300
211 313
211 490
211 595
211 598
211 617
212 253
212 290
212 485
212 499
212 595
212 596
213 420
213 454
213 457
213 460
213 527
213 559
213 576
213 633
214 243
214 296
214 315
214 422
214 511
214 554
214 576
215 242
215 455
215 511
215 527
215 751
215 990
216 218
216 222
216 224
216 244
216 264
216 344
216 385
216 451
216 613
217 476
218 224
218 264
218 344
218 385
218 568
219 236
219 392
219 472
219 484
219 514
219 535
220 288
220 324
220 438
220 479
220 482
220 541
220 556
220 573
221 346
221 351
221 364
222 277
222 426
223 427
223 483
223 488
223 588
223 589
223 592
224 266
224 344
224 476
224 606
225 359
226 260
226 329
226 364
226 435
226 505
226 549
226 594
226 827
227 245
227 297
227 300
227 419
227 552
227 598
227 600
228 287
228 444
228 476
228 491
228 515
228 606
228 756
229 268
229 585
229 603
229 635
230 248
230 461
230 517
230 589
231 477
231 504
231 603
231 635
232 270
232 307
232 330
232 332
232 359
232 368
232 374
232 380
232 533
232 534
232 615
233 340
233 350
233 381
233 431
233 456
233 532
233 549
233 590
233 619
234 302
234 389
234 555
234 560
234 572
235 562
235 706
236 273
236 412
236 444
236 480
236 535
237 245
237 318
237 329
237 343
237 550
237 558
238 257
238 261
238 324
238 331
238 502
238 617
238 625
239 329
239 348
239 395
239 442
239 566
239 666
240 498
240 583
240 633
241 327
242 296
242 336
242 527
242 575
243 250
243 262
243 296
243 299
243 413
243 420
243 436
244 246
244 446
245 309
245 490
245 607
245 622
245 624
246 305
247 350
247 486
247 537
248 265
248 273
248 393
248 427
248 461
248 530
248 824
249 276
249 394
249 418
249 589
249 592
250 275
250 279
250 413
250 420
250 436
250 453
250 506
250 566
250 583
251 454
251 457
251 486
251 606
252 499
252 561
252 614
253 366
253 402
253 413
253 435
253 456
253 457
253 562
253 620
254 371
254 469
254 522
254 535
254 610
254 612
255 385
255 391
255 444
255 447
255 456
255 556
256 264
256 399
256 426
256 517
256 605
256 627
257 361
257 490
257 502
257 625
258 738
260 494
260 521
260 552
261 502
261 625
262 299
262 420
262 425
262 436
262 460
262 633
262 904
263 404
264 392
264 399
264 476
264 517
264 568
264 825
266 417
266 465
266 476
267 344
267 442
267 517
268 337
268 370
268 464
268 490
268 514
268 542
268 616
269 286
269 333
269 370
269 402
269 474
269 490
269 496
269 598
270 288
270 304
270 359
270 368
270 380
270 402
270 464
270 513
271 279
271 335
271 343
271 379
271 443
271 448
271 486
271 549
272 288
272 304
272 370
272 402
272 448
272 464
272 474
272 595
272 598
273 287
273 412
273 461
273 480
273 497
273 535
273 592
273 609
274 579
274 608
275 293
276 589
277 364
277 439
277 486
277 535
277 967
279 379
279 420
279 433
279 436
279 446
279 563
280 574
280 586
280 625
281 285
281 308
281 356
281 560
281 577
281 905
282 297
282 552
282 600
283 322
283 325
283 391
283 394
283 397
283 509
283 556
283 583
284 340
284 350
284 564
285 310
285 447
285 478
286 333
286 369
286 432
286 449
286 598
287 323
287 515
287 528
288 316
288 382
288 541
288 620
289 515
289 528
289 577
290 304
290 318
290 329
290 402
290 595
291 362
291 473
291 479
291 547
291 562
291 568
293 307
293 410
293 570
294 412
295 354
296 336
296 358
296 527
296 542
296 554
296 633
297 300
297 313
297 600
297 623
297 636
298 317
298 351
298 425
298 512
299 413
299 420
299 583
299 601
300 313
300 372
300 470
300 600
300 615
300 617
300 636
301 304
301 366
301 369
301 390
301 419
301 464
301 474
301 496
301 598
302 339
302 458
302 525
302 551
302 553
302 560
302 616
303 370
303 597
303 617
304 370
304 402
304 448
304 464
304 595
304 597
305 351
305 416
305 436
305 443
305 591
305 601
305 604
305 633
305 822
306 382
307 570
307 576
308 361
308 569
309 399
310 400
310 566
311 552
312 353
312 468
312 477
312 488
312 504
312 561
313 372
313 453
313 462
313 490
313 600
313 617
313 636
314 349
315 571
316 368
316 380
316 382
316 419
316 573
316 615
316 620
317 601
317 626
318 366
318 386
318 390
318 419
318 598
319 475
319 501
320 356
320 373
320 385
320 404
320 478
320 514
320 584
321 443
321 452
321 609
322 397
322 564
322 583
322 585
322 627
322 745
322 845
323 634
324 390
324 533
324 541
324 615
324 626
325 372
325 391
325 394
325 407
325 440
325 456
325 509
325 583
326 546
327 344
327 440
327 530
327 546
328 835
328 858
329 343
329 347
329 395
329 549
329 594
330 394
330 470
331 358
331 361
331 458
331 501
332 534
332 626
333 382
333 598
334 393
334 546
334 548
335 379
335 448
336 352
336 432
336 518
336 617
338 352
338 615
338 617
339 391
339 458
339 525
339 551
339 553
339 560
339 572
339 616
340 350
340 454
340 537
342 463
343 374
343 440
343 443
343 448
343 499
343 506
343 551
343 603
344 517
344 568
346 365
346 405
346 433
346 443
346 472
346 473
346 563
346 604
347 348
347 395
347 442
347 447
347 673
347 750
347 797
347 941
348 478
350 381
350 453
350 537
350 546
351 425
352 358
352 408
352 430
352 554
352 601
352 615
353 468
353 504
354 546
355 464
355 467
355 510
355 564
357 409
358 421
358 554
358 571
359 380
360 383
361 585
362 473
363 593
364 439
364 486
365 518
365 571
365 584
366 369
366 386
366 419
366 496
366 573
368 370
368 374
368 533
368 615
369 464
369 496
369 499
369 502
369 595
369 597
370 514
370 598
370 599
371 469
371 522
371 529
371 610
372 456
372 490
372 600
372 636
373 475
373 495
373 501
373 506
373 585
373 586
374 443
374 479
374 506
374 513
374 533
374 615
374 626
375 495
375 509
375 579
375 586
376 533
376 538
376 601
377 510
377 548
379 486
379 563
380 471
380 512
380 541
380 547
380 615
380 620
381 532
381 537
381 594
382 383
382 499
382 500
382 534
382 541
383 543
383 581
384 405
385 465
385 556
386 472
386 510
386 552
386 598
386 600
389 393
390 419
390 533
390 614
391 422
391 521
391 554
391 621
392 735
393 428
393 506
393 529
393 585
393 587
393 612
395 442
395 673
396 414
396 526
396 605
396 624
396 627
397 529
397 583
398 414
398 514
399 495
399 548
400 409
400 566
402 464
402 597
402 598
403 571
403 579
403 586
404 416
404 611
405 425
405 436
405 563
405 576
405 604
407 531
407 586
407 611
407 635
409 508
409 566
410 570
410 591
411 441
411 442
411 472
411 497
412 480
412 507
412 582
413 420
413 435
413 460
414 602
414 636
415 424
415 451
416 423
417 422
418 455
418 554
418 588
419 597
419 620
420 435
422 454
422 554
422 633
423 452
423 543
423 548
423 578
423 622
424 451
424 462
424 519
424 602
424 607
425 436
425 604
426 507
427 444
427 623
430 563
432 635
433 563
434 489
435 457
435 461
435 570
435 812
435 924
436 497
436 506
437 447
438 565
440 507
440 517
440 578
440 609
441 472
441 479
441 497
442 447
442 673
443 448
444 471
444 520
444 587
445 559
445 578
445 598
445 742
446 576
446 631
447 488
447 498
449 495
449 574
449 597
450 575
450 580
450 770
452 521
452 609
452 619
453 600
453 621
453 636
454 510
455 511
455 667
455 681
455 695
455 849
455 990
456 497
456 521
457 510
457 596
458 475
458 548
460 527
460 576
460 626
460 633
460 882
461 578
461 924
463 531
464 546
464 564
466 477
468 477
468 593
469 499
469 522
469 523
469 529
469 531
469 603
469 610
469 612
470 615
471 556
471 587
472 497
472 564
473 479
473 562
473 573
474 500
475 501
475 502
475 523
475 586
476 588
476 606
477 502
477 593
478 719
479 547
479 562
479 565
480 535
480 994
481 489
481 613
483 489
483 589
483 592
485 595
486 554
488 504
488 513
488 521
489 589
490 514
490 542
490 565
490 574
490 600
491 508
491 606
492 606
494 509
494 562
494 573
495 579
495 623
495 626
496 499
496 514
496 595
496 621
497 521
499 500
502 603
504 506
504 508
504 524
504 548
505 508
505 531
505 594
505 845
506 581
508 590
509 539
509 615
510 546
511 576
511 618
511 633
511 656
511 695
511 849
511 990
512 573
513 533
514 542
514 602
514 616
515 570
517 613
519 607
520 966
521 551
521 552
521 578
522 610
522 612
524 557
524 559
525 526
525 555
525 560
527 571
528 577
528 989
529 635
530 532
531 553
532 619
533 626
534 536
534 621
541 615
541 620
541 626
542 565
546 564
547 565
548 593
548 612
549 594
549 640
550 556
550 614
552 607
554 584
554 802
554 998
555 560
555 572
555 577
556 577
558 564
558 607
560 572
561 612
561 621
562 600
562 626
565 573
567 835
567 858
569 835
569 858
570 633
573 620
574 597
574 625
575 576
576 822
578 593
579 623
579 626
582 747
584 587
584 650
584 794
585 612
591 604
591 822
592 609
595 597
596 614
597 598
597 620
599 602
602 636
603 635
604 822
607 610
607 622
607 624
617 636
623 626
624 627
628 916
638 648
638 654
638 662
638 681
638 695
638 741
638 839
638 932
638 958
639 703
639 721
639 747
639 768
639 870
639 884
640 676
640 687
640 763
640 825
640 891
640 921
640 942
640 943
641 643
641 697
641 789
641 793
641 831
641 912
641 961
641 984
643 653
643 692
643 789
643 912
643 931
644 674
644 732
644 767
644 800
644 983
645 691
645 740
645 767
645 781
645 813
645 836
645 904
645 945
645 953
645 965
645 968
645 983
645 1006
646 726
646 739
646 880
646 968
646 999
647 671
647 934
647 938
647 995
648 681
649 717
649 777
649 924
649 1006
650 717
650 732
650 744
650 770
650 794
650 896
652 661
653 671
653 728
653 793
653 831
653 896
653 924
653 961
653 1006
654 719
654 741
654 835
654 996
655 769
655 889
655 951
655 988
656 701
656 770
656 794
656 817
656 854
656 871
656 917
656 978
657 687
657 881
657 894
658 667
658 682
658 695
658 711
658 849
658 873
658 923
658 925
659 752
659 834
659 908
660 786
660 1005
661 668
661 704
661 805
662 741
662 757
662 919
662 958
662 996
662 1001
663 775
663 822
663 886
663 898
663 902
664 687
664 690
664 705
664 872
664 1001
665 811
665 938
665 1006
666 751
666 873
666 910
667 682
667 695
667 714
667 799
667 844
667 849
667 923
667 964
667 974
667 990
668 784
668 841
668 901
668 978
668 987
669 707
669 803
669 813
669 827
669 880
669 957
669 1005
670 719
670 729
670 820
670 832
670 839
670 848
670 887
670 892
670 996
671 732
671 744
671 770
671 778
671 786
671 790
671 814
671 841
671 871
671 899
671 978
671 1005
673 699
673 750
673 763
673 797
673 886
673 941
674 677
674 702
674 812
675 747
675 829
675 884
675 985
676 825
676 890
677 698
677 721
677 739
677 791
677 855
678 708
678 984
679 911
680 717
680 722
680 813
680 823
680 827
680 948
681 695
681 711
681 788
681 790
681 847
681 868
682 706
682 839
682 842
682 868
682 923
683 708
683 715
683 784
683 806
683 876
683 921
684 763
684 934
684 943
684 1002
685 775
686 694
686 727
686 798
686 930
686 970
687 825
687 879
687 881
687 894
687 963
687 992
688 767
688 770
688 777
688 794
688 800
688 803
688 812
688 860
688 882
688 903
688 926
689 691
689 732
689 740
689 770
689 781
689 827
689 953
689 965
689 976
690 757
690 816
690 839
690 872
690 934
690 963
690 971
690 1001
691 833
691 939
692 713
692 760
692 789
692 912
693 717
693 726
693 752
693 783
693 953
693 968
693 1003
694 727
694 735
694 882
694 900
694 930
695 751
695 849
695 915
695 932
695 990
696 698
696 708
696 715
696 779
696 850
696 874
697 739
697 745
697 860
697 889
697 895
698 721
698 759
698 776
698 791
698 916
699 994
699 1001
700 802
700 1006
701 761
701 785
701 819
701 913
702 817
703 768
703 829
703 870
703 985
704 805
704 863
705 872
705 1001
706 862
706 867
706 884
706 900
707 710
707 739
707 983
708 715
708 739
708 866
708 895
708 1005
709 763
709 764
709 809
709 873
709 881
709 902
709 916
709 937
709 956
709 974
709 979
709 1001
710 844
710 883
710 889
710 968
710 969
710 988
711 751
711 788
711 910
711 923
711 975
711 998
712 746
714 960
715 739
715 850
715 874
715 906
715 989
716 804
716 806
716 906
717 726
717 744
717 781
717 800
717 896
717 904
717 944
717 965
717 1003
718 917
719 766
719 796
719 821
719 922
720 839
720 934
720 954
720 967
721 809
721 916
722 744
722 767
722 794
722 795
722 939
722 969
722 982
723 728
724 750
724 764
724 782
725 730
725 962
726 817
726 844
726 945
726 968
726 991
726 1003
726 1006
727 867
727 930
727 935
727 942
728 885
728 908
729 741
729 765
729 820
729 832
729 837
729 839
729 848
729 892
729 919
729 922
729 927
729 958
729 968
729 976
729 977
729 996
730 738
730 758
730 951
730 962
731 790
731 814
732 767
732 770
732 794
732 812
732 924
732 969
732 978
733 769
733 789
733 819
733 834
733 948
733 961
734 813
734 823
734 831
734 839
734 933
734 953
734 968
734 976
734 982
735 930
735 975
736 808
738 934
738 935
738 963
738 976
739 773
739 921
739 999
740 743
740 762
740 773
740 827
740 869
740 953
740 955
741 780
741 830
741 835
741 839
741 919
741 996
742 866
743 953
743 987
744 781
744 795
744 823
744 904
744 924
744 965
744 982
745 772
745 841
745 913
745 988
746 889
746 982
747 756
747 867
747 884
748 753
748 755
748 882
748 928
748 929
748 934
748 937
750 797
750 842
750 941
751 849
751 910
751 923
751 990
752 762
752 841
752 901
755 816
755 881
755 967
756 764
756 766
756 896
756 998
757 839
757 971
757 996
758 851
758 928
758 964
759 791
759 817
759 855
759 940
760 850
761 844
761 951
762 841
762 876
762 914
762 955
763 849
763 873
763 881
763 886
763 943
763 946
763 956
763 974
764 807
764 900
764 941
765 768
765 832
765 837
765 892
765 922
765 923
766 809
766 825
766 846
766 856
766 898
766 916
766 923
766 946
767 777
767 783
767 800
767 896
767 904
767 978
767 982
767 991
767 1006
768 819
768 870
768 928
768 929
768 985
769 819
769 986
770 794
770 803
770 812
770 926
770 978
771 907
772 790
772 863
772 986
773 783
773 955
774 923
774 959
775 884
775 886
776 809
776 888
776 916
776 994
777 781
777 783
777 813
777 880
777 904
777 973
778 786
778 883
778 899
778 924
779 810
779 814
779 833
779 850
779 911
779 945
780 835
780 858
780 868
780 916
780 974
781 783
781 813
781 869
781 880
781 903
781 904
781 965
781 980
782 788
782 792
782 799
782 975
783 800
783 878
783 892
783 904
783 945
783 968
783 976
783 980
783 991
783 1003
784 876
784 968
785 819
785 883
785 936
786 883
786 899
786 972
786 1005
788 792
788 799
788 975
788 998
789 793
789 912
789 928
789 961
789 983
790 814
790 918
791 855
791 944
792 799
792 975
792 998
793 831
793 844
793 896
793 931
793 950
793 961
793 976
793 980
794 978
795 904
795 982
796 885
797 825
797 832
797 879
797 886
797 898
797 941
797 946
797 1005
799 855
799 923
800 896
800 953
800 999
800 1003
801 893
801 913
801 983
802 860
802 864
802 918
803 827
803 860
803 864
803 869
804 817
804 866
804 871
804 940
805 852
805 893
805 913
806 911
807 849
808 822
808 902
808 979
809 898
809 916
809 923
809 946
809 956
809 974
810 828
810 831
810 882
811 938
812 827
812 983
812 991
813 823
813 827
813 898
813 903
813 935
813 939
813 963
813 968
813 976
813 980
814 918
814 1005
816 873
816 934
816 942
817 855
817 871
817 917
817 944
817 991
818 853
818 854
819 852
819 961
819 987
820 839
820 848
820 892
820 919
820 927
820 958
822 837
822 887
822 902
822 979
823 903
823 911
823 939
823 953
823 963
823 976
824 878
825 856
825 881
825 890
825 898
825 936
825 941
825 942
825 946
826 831
826 928
826 929
826 931
827 865
827 869
827 880
827 903
827 924
827 953
828 893
829 985
830 887
830 902
831 904
831 931
831 950
831 961
831 982
832 837
832 839
832 848
832 857
832 892
832 922
832 979
832 996
834 965
835 839
835 848
835 858
835 868
835 919
835 977
836 883
836 889
836 945
836 1006
837 839
837 976
837 977
838 900
838 1001
839 848
839 887
839 892
839 919
839 927
839 934
839 958
839 974
839 977
839 996
839 1001
840 901
842 846
843 969
844 889
844 968
844 989
845 912
846 898
847 894
847 909
847 943
848 886
848 892
848 919
848 966
848 996
849 910
849 915
849 966
849 974
849 990
850 880
850 983
851 964
853 995
854 995
856 898
856 946
860 931
860 944
860 948
860 991
862 887
866 895
866 935
866 987
867 884
867 900
867 951
869 904
869 924
869 939
869 953
869 957
872 998
872 1001
873 887
873 910
873 928
873 990
875 957
878 968
878 995
879 910
879 941
880 882
880 936
880 973
880 999
881 894
881 929
881 934
881 937
881 967
882 887
882 903
882 928
882 979
882 988
883 899
883 924
883 1005
886 994
887 900
887 996
888 1002
889 945
889 988
890 898
890 937
890 979
890 994
891 972
892 919
892 958
892 968
892 980
892 996
893 989
895 944
895 1005
896 944
896 950
896 1003
897 981
898 903
898 916
898 946
899 913
899 924
899 1005
902 925
902 979
903 935
903 939
903 968
903 976
904 935
904 982
906 972
911 963
914 955
915 923
915 990
916 923
916 946
918 924
919 927
919 928
919 956
919 958
919 966
919 976
919 996
921 935
921 995
922 979
923 958
923 974
923 998
924 935
924 957
924 1006
925 970
926 963
927 958
927 963
928 929
928 937
928 954
929 937
929 954
929 964
931 961
932 956
932 990
934 937
934 967
935 963
936 939
936 968
936 976
937 967
939 968
939 969
939 976
939 980
940 987
941 946
943 946
944 950
944 968
945 953
945 968
945 980
945 1003
950 961
953 955
953 980
954 977
956 958
956 974
956 985
956 996
957 1005
957 1006
958 977
963 973
963 976
968 976
968 980
968 982
968 983
969 978
969 989
969 999
973 999
974 975
975 998
976 980
976 982
980 999
983 989
991 1003
