#num-nodes
290
#num-links
1189
#links
1 45
1 211
1 212
1 238
1 247
2 19
2 39
2 41
2 49
2 77
2 152
2 221
2 240
2 289
3 66
3 71
3 125
3 205
3 213
3 242
3 258
4 14
4 23
4 24
4 28
4 54
4 109
4 183
4 232
4 281
5 13
5 63
5 102
5 104
5 121
5 282
6 12
6 24
6 48
6 69
6 140
6 147
6 177
7 40
7 63
7 94
7 169
7 202
7 208
7 241
7 282
7 289
8 53
8 131
8 134
8 198
8 245
8 276
8 280
8 286
8 288
9 14
9 18
9 161
9 211
9 233
10 18
10 133
10 140
10 172
10 179
10 200
10 243
11 51
11 238
12 24
12 27
12 38
12 46
12 52
12 96
12 238
12 245
12 275
12 280
13 79
13 117
13 165
13 198
13 283
14 37
14 70
14 120
14 127
14 161
14 177
14 188
14 195
14 241
14 279
15 61
15 66
15 98
15 138
15 173
15 248
16 41
16 113
16 213
16 234
17 20
17 26
17 47
17 75
17 161
17 184
17 216
17 244
17 270
17 273
17 277
17 281
17 283
17 288
18 68
18 107
18 110
18 128
18 182
18 187
18 211
18 248
19 20
19 47
19 70
19 103
19 106
19 169
19 202
19 219
19 221
19 240
19 261
19 267
19 289
20 47
20 57
20 79
20 126
20 139
20 175
20 193
20 217
20 221
20 225
20 254
20 283
21 23
21 31
21 32
21 102
21 120
21 128
21 188
22 129
22 163
22 187
22 274
22 284
23 31
23 32
23 83
23 90
23 119
23 143
23 146
23 271
24 46
24 48
24 99
24 166
24 238
25 41
25 77
25 84
25 120
25 152
25 159
25 261
25 289
26 47
26 67
26 75
26 124
26 139
26 184
26 186
26 216
26 225
26 254
26 270
26 281
27 31
27 37
27 38
27 63
27 144
27 159
27 178
27 181
27 192
27 268
27 287
28 48
28 95
28 124
28 139
28 217
28 220
28 253
29 37
29 131
29 159
29 177
29 206
29 268
29 277
29 286
30 214
30 269
31 32
31 102
31 120
31 121
31 131
31 253
32 52
32 69
32 96
32 110
32 113
32 118
32 119
32 122
32 143
32 144
32 160
32 181
32 183
33 135
33 141
33 162
33 188
34 64
34 66
34 73
34 76
34 87
34 114
34 116
34 224
34 265
35 41
35 200
36 50
36 97
36 102
36 281
37 115
37 231
38 63
38 144
38 178
38 192
38 195
38 196
38 267
39 66
39 93
39 237
39 258
40 49
40 94
40 155
40 161
40 194
40 224
40 234
40 259
40 266
40 277
40 282
40 286
41 77
41 84
41 92
41 115
41 169
41 210
41 213
41 240
41 259
42 43
42 49
42 54
42 74
42 79
42 126
42 175
42 213
42 215
42 243
42 259
42 266
42 283
43 61
43 70
43 126
43 131
43 133
43 170
43 183
43 243
43 245
43 273
44 78
44 203
44 227
44 251
44 271
45 64
45 73
45 124
45 138
45 215
45 238
45 262
45 265
46 102
46 147
46 155
46 166
46 178
46 229
46 238
46 249
46 276
47 57
47 103
47 139
47 175
47 193
47 221
47 225
47 254
47 277
48 126
48 146
48 187
48 238
49 103
49 107
49 133
49 142
49 172
49 179
49 197
49 209
49 219
49 266
49 283
50 90
50 111
50 166
50 216
50 229
51 55
51 65
51 146
52 110
52 160
52 163
52 181
52 183
52 210
52 228
52 238
52 263
52 275
53 78
53 117
53 159
53 165
53 198
53 215
53 276
53 280
53 288
54 65
54 95
54 107
54 109
54 117
54 126
54 133
54 136
54 167
54 180
54 202
54 209
54 213
54 219
54 233
54 271
54 286
54 288
54 289
55 65
55 126
55 140
55 171
55 172
55 187
55 195
55 213
55 252
55 269
57 79
57 117
57 204
57 230
57 243
57 283
58 60
58 122
59 136
59 193
60 181
60 275
60 287
61 70
61 95
61 103
61 133
61 138
61 179
61 197
61 214
61 288
62 148
62 167
62 187
62 214
62 230
62 244
62 278
63 192
63 196
64 66
64 73
64 76
64 95
64 114
64 124
64 138
64 170
64 237
64 242
64 245
64 258
64 262
64 265
65 92
65 126
65 140
66 71
66 73
66 76
66 81
66 87
66 135
66 158
66 258
67 83
67 184
67 231
67 244
67 245
67 257
68 71
68 77
68 84
68 92
68 93
68 110
68 115
68 152
68 207
68 234
69 228
69 252
70 94
70 119
70 126
70 195
70 221
70 243
70 245
70 267
71 82
71 87
71 93
71 125
71 152
71 158
71 207
71 242
72 220
72 225
73 135
73 168
73 258
74 266
74 273
75 78
75 184
75 186
75 199
75 216
75 223
75 259
75 270
75 273
75 281
76 135
76 237
76 258
76 265
77 87
77 92
77 115
77 152
77 169
77 180
77 240
77 273
78 80
78 119
78 133
78 164
78 198
78 223
78 243
79 133
79 175
79 179
79 197
79 223
79 243
79 273
79 283
80 91
80 164
80 165
80 168
80 239
80 253
80 258
80 260
80 272
81 211
81 212
81 268
82 93
82 207
82 242
83 90
83 100
83 101
83 108
83 201
83 211
83 212
83 231
83 257
84 109
84 233
84 240
84 241
84 264
85 269
85 274
86 96
86 163
86 174
86 228
86 237
87 95
87 114
87 125
87 207
87 242
87 250
88 161
88 166
88 217
88 220
88 253
89 92
89 94
89 106
89 115
89 133
89 179
89 180
89 195
89 224
89 240
90 111
90 166
90 194
90 201
90 229
90 255
91 124
91 199
91 239
91 256
91 272
92 94
92 106
92 115
92 152
92 289
93 114
93 125
93 164
93 207
93 213
94 115
94 161
94 176
94 194
94 224
94 259
94 261
94 266
94 273
94 286
95 114
95 124
95 137
95 153
95 205
95 215
95 217
95 228
95 237
95 265
96 160
96 177
96 228
96 252
97 124
97 125
97 165
97 199
97 250
97 254
97 262
98 153
98 157
98 199
98 253
98 283
99 100
99 111
99 146
99 166
99 179
99 220
99 259
99 269
99 274
99 282
100 101
100 248
100 274
101 108
101 166
101 206
102 104
102 121
102 159
102 201
103 119
103 142
103 176
103 179
103 183
103 195
103 197
103 209
103 219
103 232
103 267
104 121
104 243
105 130
105 160
105 215
105 220
105 227
106 115
106 169
106 180
106 221
106 226
106 267
106 283
106 289
107 109
107 126
107 169
107 179
107 180
107 209
107 226
107 232
107 233
107 267
108 166
109 117
109 133
109 163
109 179
109 180
109 233
109 261
109 264
109 271
110 128
110 141
110 181
110 211
111 146
111 166
111 194
111 201
111 216
111 229
111 244
111 250
111 257
111 259
111 263
112 147
112 190
112 260
113 118
113 122
113 196
114 151
114 153
114 154
114 157
114 265
115 152
115 176
115 180
116 285
117 126
117 165
117 175
117 191
117 198
117 204
117 271
117 283
117 288
118 160
118 194
118 210
118 227
118 263
119 170
119 195
119 221
119 223
119 226
119 283
120 159
120 187
120 212
121 268
121 286
122 143
122 160
122 174
122 181
122 252
122 263
123 126
123 177
123 187
124 137
124 138
124 154
124 164
124 199
124 223
124 253
125 207
125 213
125 242
126 175
126 187
126 191
126 288
127 177
127 279
128 279
129 234
130 246
131 134
131 166
131 183
131 198
131 231
131 245
131 248
131 271
131 280
131 282
132 139
133 179
133 197
133 200
133 219
133 266
133 283
134 155
134 245
134 248
134 249
134 276
135 170
135 250
135 262
136 165
136 193
136 198
136 225
136 277
136 288
137 190
137 228
138 151
138 250
138 262
138 272
139 193
139 220
139 239
139 259
139 260
140 141
140 177
140 200
140 202
140 234
140 236
140 252
141 162
141 182
141 188
141 196
141 246
141 269
141 274
141 284
142 179
142 197
142 209
142 243
142 244
142 273
142 283
143 181
143 192
143 228
143 252
143 271
144 178
144 224
144 268
146 234
146 252
147 149
147 181
147 203
147 235
147 276
148 209
148 230
149 171
151 153
151 157
151 253
152 180
152 207
153 157
153 205
153 213
153 218
153 239
153 242
153 253
154 164
154 260
155 159
155 166
155 248
155 276
156 215
156 246
157 164
157 207
157 253
157 262
157 272
158 163
158 272
159 198
159 212
159 276
160 181
161 224
161 266
161 270
161 273
161 286
162 188
163 193
163 213
163 243
163 271
164 173
164 239
164 253
164 254
164 256
164 258
164 260
164 272
165 198
165 254
165 276
165 288
166 201
166 220
166 229
166 244
166 259
167 244
167 278
168 239
168 250
168 285
169 180
169 205
169 209
169 221
169 289
170 221
170 226
170 250
170 283
171 279
172 174
172 183
172 206
172 224
172 246
172 279
173 188
173 258
174 192
174 215
175 191
175 198
175 211
175 254
175 283
176 209
176 216
176 244
176 281
177 279
178 194
179 180
179 197
179 200
179 214
179 219
179 232
179 243
179 286
180 209
180 232
180 233
181 227
181 238
181 271
181 275
182 188
182 196
182 246
182 284
183 197
183 198
183 266
184 186
184 199
184 225
184 254
184 259
184 270
184 273
184 281
184 288
185 245
185 280
186 216
186 225
186 254
186 259
186 270
186 281
187 236
187 278
187 279
188 218
188 240
190 228
191 193
192 196
193 244
193 283
193 288
194 224
194 229
194 259
194 263
194 282
195 197
195 208
195 218
195 229
195 232
195 234
195 241
195 267
195 282
196 271
197 209
197 219
197 232
197 283
198 276
198 280
198 288
199 256
200 226
201 224
201 229
202 234
202 286
203 235
203 271
205 237
205 261
206 268
206 282
207 213
207 234
207 242
208 229
208 241
208 286
208 289
209 226
209 230
209 232
209 261
209 267
210 261
210 263
211 234
212 248
213 241
213 242
214 269
214 278
215 223
215 246
216 223
216 259
216 270
216 281
217 220
217 221
219 261
219 283
220 244
220 253
220 255
220 257
221 226
221 240
221 261
221 289
223 281
224 241
224 259
224 273
224 282
225 254
225 272
226 236
226 278
227 251
229 278
229 279
231 245
231 257
232 267
232 282
233 261
233 264
233 271
234 236
234 268
235 286
236 278
237 265
238 247
239 256
239 260
239 272
239 285
240 284
241 267
242 258
243 273
243 283
244 257
244 270
244 278
245 280
245 282
246 284
248 249
248 282
249 269
249 274
249 276
250 254
250 258
250 270
252 269
252 274
252 284
253 272
254 288
255 259
255 263
256 260
256 272
260 272
262 285
269 274
269 284
270 281
270 283
273 283
276 288
277 282
283 288
