#num-nodes
436
#num-links
1334
#links
0 24
0 105
0 116
0 131
0 134
0 144
0 186
0 201
0 229
0 375
0 386
0 401
1 233
1 234
1 297
2 337
3 58
3 66
3 141
3 204
3 271
3 417
4 57
4 374
5 389
6 44
6 84
6 86
6 149
6 163
6 187
6 188
6 194
6 200
6 204
6 259
6 411
7 10
7 290
7 355
8 177
8 180
8 308
8 408
9 99
9 135
9 152
9 154
9 157
9 168
9 285
9 296
9 345
10 91
10 133
10 139
10 206
10 271
10 290
11 297
11 334
11 384
11 431
12 13
12 138
12 185
12 189
12 258
12 287
12 309
12 322
12 356
13 18
13 100
13 118
13 159
13 189
13 258
13 263
13 309
13 345
13 360
15 17
15 66
15 98
15 141
15 161
15 172
15 216
15 234
15 272
15 309
15 345
15 363
15 377
15 419
15 430
16 63
16 189
16 248
16 312
16 319
17 18
17 33
17 71
17 74
17 233
17 234
17 303
17 430
18 53
18 61
18 92
18 153
18 251
18 326
18 327
18 331
18 332
18 345
18 360
19 32
19 50
19 52
19 58
19 94
19 108
19 132
19 191
19 233
19 342
19 353
19 367
19 411
19 419
20 36
20 95
20 260
20 264
20 349
20 410
21 149
21 182
21 183
21 204
21 325
21 339
21 387
22 428
22 431
23 84
23 223
23 243
23 380
23 381
24 27
24 42
24 60
24 64
24 107
24 118
24 127
24 144
24 229
24 256
24 271
24 290
24 344
24 347
24 353
24 355
24 375
26 73
27 64
27 229
27 364
27 365
27 431
28 117
28 121
28 162
28 179
28 184
29 37
29 122
29 146
29 164
29 360
30 270
30 277
30 422
31 131
31 306
31 390
32 52
32 188
32 233
32 252
32 303
32 353
32 394
32 396
32 428
32 434
33 72
33 93
33 141
33 221
33 299
33 375
34 83
34 308
34 350
35 93
35 100
35 111
35 266
35 286
35 354
36 95
36 105
36 250
36 260
36 264
36 292
36 349
36 410
37 97
37 154
37 172
37 302
37 359
37 360
38 119
38 238
38 281
38 347
38 353
38 391
38 419
39 65
39 136
39 174
39 236
39 265
39 352
40 118
40 155
40 165
40 309
40 351
41 228
41 306
42 60
42 64
42 127
42 344
43 50
43 81
43 173
43 204
43 211
44 204
44 215
44 283
44 312
44 348
45 163
45 177
45 180
46 81
46 132
46 160
47 255
47 268
47 270
47 422
47 423
47 428
48 246
49 76
49 92
49 155
49 159
49 351
50 190
50 239
50 254
50 313
50 321
50 397
51 83
52 191
52 233
52 234
52 342
52 396
52 419
52 430
53 184
53 243
53 251
53 410
53 432
54 155
54 235
54 329
54 371
55 66
55 329
55 373
56 96
56 221
56 226
57 69
57 77
57 95
57 198
57 205
57 223
57 226
57 250
57 284
57 341
58 61
58 62
58 140
58 173
58 233
58 300
58 303
58 338
58 345
58 351
58 353
58 358
59 230
59 260
59 276
59 287
59 408
60 127
60 256
60 344
60 346
61 90
61 142
61 150
61 168
61 186
61 345
61 360
61 392
62 140
62 159
62 167
62 373
63 134
63 248
63 251
64 127
64 228
64 315
64 344
65 81
65 84
65 148
65 188
65 223
65 311
65 405
66 111
66 145
66 169
66 343
66 377
67 208
67 314
68 404
68 406
69 77
69 78
69 124
69 274
69 284
69 381
70 298
72 206
72 218
72 289
72 303
72 378
74 169
74 252
74 362
75 202
75 251
75 274
76 92
76 100
76 155
76 159
76 218
76 263
76 351
77 80
77 124
77 151
77 276
77 320
77 345
77 363
78 151
78 284
78 381
79 109
79 307
80 84
80 221
80 243
80 311
80 430
81 84
81 123
81 145
81 148
81 188
81 243
81 254
81 265
81 311
81 315
81 331
81 429
82 176
82 269
82 307
83 207
83 350
84 148
84 188
84 223
84 243
84 311
84 374
84 411
85 196
85 291
85 324
85 429
86 160
86 182
86 204
86 325
86 331
87 121
87 217
87 224
87 283
87 340
87 370
87 418
88 99
88 178
88 232
88 357
89 120
89 171
89 174
89 188
89 228
89 259
89 265
89 346
89 434
90 97
90 150
90 168
90 247
90 249
90 300
90 302
90 326
90 359
90 385
91 139
91 249
91 273
91 290
91 357
92 303
92 327
93 111
93 141
93 303
93 363
93 377
94 110
94 132
94 154
94 191
94 391
95 133
95 138
95 226
95 260
95 264
95 274
95 298
95 349
95 374
95 383
95 405
95 410
96 98
96 374
97 135
97 150
97 237
97 247
97 296
97 302
97 344
97 359
97 385
97 419
98 168
98 216
98 258
98 360
98 363
98 377
99 117
99 154
99 157
99 250
99 285
99 357
99 367
100 111
100 258
100 263
100 309
100 351
101 166
101 170
101 180
101 181
101 230
101 251
102 371
103 149
103 376
104 227
105 113
105 115
105 144
105 201
105 248
105 250
105 295
105 341
105 410
106 193
106 279
106 325
106 393
107 256
108 127
108 129
108 257
108 411
108 412
109 228
109 269
110 132
110 191
110 278
110 304
110 385
110 397
111 124
111 172
111 363
112 271
112 343
112 392
112 401
113 144
113 201
113 409
114 204
114 283
114 305
114 318
114 406
114 427
115 166
115 207
115 301
115 336
115 341
115 380
116 133
116 139
116 200
116 308
116 400
116 401
117 138
117 147
117 184
117 185
117 250
117 267
117 371
118 189
118 258
118 263
118 287
118 309
119 281
119 391
119 400
119 401
120 171
120 259
120 403
121 179
121 185
121 199
121 333
121 376
122 158
122 164
122 165
123 144
123 176
123 303
123 429
124 151
124 194
124 203
124 205
124 260
124 380
124 432
125 249
126 139
126 195
126 196
126 222
126 281
126 335
127 344
127 389
128 143
128 180
128 350
129 240
129 257
129 305
129 416
129 427
130 196
130 246
130 413
131 133
131 148
131 186
131 201
131 315
131 386
131 390
132 160
132 191
132 239
132 278
132 304
132 379
132 419
133 139
133 308
133 319
133 374
133 375
133 409
134 194
134 202
134 275
135 154
135 157
135 296
136 236
136 330
136 352
137 309
138 167
138 184
138 185
138 194
138 203
138 276
138 319
138 362
138 371
138 376
138 379
138 381
139 229
139 271
139 355
139 357
139 422
141 145
141 315
141 377
142 189
142 252
142 258
142 261
142 287
142 309
142 326
142 328
144 155
144 201
145 216
145 315
145 324
145 332
145 375
146 246
146 249
146 433
147 184
147 194
147 308
148 188
148 259
148 311
149 182
149 183
149 323
149 325
149 387
150 152
150 157
150 168
150 296
150 302
150 326
150 345
150 359
150 385
150 419
151 180
151 194
151 276
151 284
151 319
151 381
152 385
152 388
153 218
153 289
153 290
154 157
154 242
154 285
154 368
155 235
155 282
155 286
155 329
155 351
155 361
155 433
156 268
157 168
157 173
157 242
157 285
158 164
158 165
158 310
158 372
159 164
159 351
160 331
162 166
162 170
162 174
162 250
162 298
162 301
162 341
162 380
163 204
163 323
164 190
164 310
164 417
165 167
165 322
165 331
165 356
165 360
166 170
166 250
166 298
166 301
166 350
167 172
167 286
167 322
167 356
167 367
168 172
168 324
168 329
168 345
168 354
168 392
169 175
169 185
169 327
169 402
170 193
170 202
170 298
171 403
172 211
172 234
172 252
172 329
172 345
172 385
172 431
173 211
173 302
173 313
174 236
174 241
174 259
174 337
174 352
175 249
175 290
175 397
175 402
176 307
176 429
177 207
177 227
177 349
178 232
178 247
178 291
178 357
179 209
179 333
180 227
180 294
180 295
180 298
180 319
180 371
180 434
181 186
181 312
181 319
181 371
182 204
182 224
182 305
182 318
182 325
182 427
183 267
183 323
183 325
183 407
183 425
184 185
184 194
184 250
184 371
185 194
185 249
185 260
185 263
185 319
185 371
186 201
186 203
186 274
186 275
186 312
186 375
186 383
186 386
186 424
187 188
187 200
187 204
187 265
187 311
187 411
188 204
188 223
188 311
188 411
189 229
189 258
189 287
189 328
189 387
190 239
190 397
191 239
191 304
191 331
191 344
191 379
191 385
191 419
192 405
193 279
193 393
194 210
194 274
194 319
194 376
194 408
196 222
196 291
196 324
197 212
197 214
197 235
197 253
197 266
197 317
198 207
198 228
198 434
199 209
199 294
199 409
200 241
200 265
200 411
201 229
201 295
201 375
201 386
201 400
201 401
202 230
202 250
202 274
202 275
202 301
202 341
202 380
202 408
204 283
204 305
204 348
204 383
204 427
205 228
206 271
206 303
206 309
206 351
207 226
207 228
207 260
207 284
207 434
208 314
209 409
210 276
210 308
210 365
210 381
210 408
211 313
212 235
212 266
212 282
212 317
213 215
213 295
213 305
213 399
213 415
214 282
214 286
214 354
214 364
215 399
215 406
216 272
216 343
216 363
216 377
216 379
216 430
217 340
217 418
218 289
218 303
218 314
218 378
219 246
219 297
219 364
220 387
220 403
221 272
222 335
223 311
223 378
224 318
224 319
224 388
224 424
224 434
225 404
226 274
226 301
227 370
227 376
228 306
228 315
228 434
229 271
229 353
229 355
229 364
229 375
230 250
230 301
230 341
230 380
231 358
232 242
232 357
233 303
233 342
233 347
233 353
235 253
235 254
235 266
235 286
235 324
235 361
235 433
236 243
236 330
236 405
237 242
237 249
237 385
237 426
238 347
238 353
238 397
238 417
239 278
239 304
239 379
239 397
239 419
240 257
240 416
240 425
241 265
241 337
241 352
242 249
242 277
242 285
242 310
242 316
242 317
242 368
243 251
243 259
243 311
243 374
244 399
244 415
245 387
245 393
246 364
247 277
247 296
247 353
247 385
247 419
248 294
248 366
248 425
249 394
249 402
250 288
250 298
250 336
250 341
250 349
250 376
250 380
250 434
251 299
251 409
251 430
252 271
252 276
253 317
254 285
255 270
255 428
256 260
256 344
257 412
257 416
257 425
258 261
258 263
258 287
258 309
259 265
259 337
259 340
259 411
259 418
260 264
260 276
260 308
260 349
260 367
260 379
260 408
261 263
261 287
263 287
263 309
264 308
264 349
264 375
264 410
265 352
265 374
265 411
266 286
266 290
266 297
266 334
266 373
266 431
267 323
267 405
267 407
268 270
268 321
269 307
270 277
270 293
270 423
270 428
271 293
271 355
272 343
272 362
272 363
272 377
272 430
274 276
274 306
274 365
275 298
275 315
275 380
276 381
277 385
277 428
278 304
278 379
278 419
279 325
279 393
280 286
281 290
282 317
282 361
282 412
282 433
283 308
283 350
283 418
283 435
284 370
286 322
286 356
286 367
287 309
288 336
288 341
289 303
289 378
290 303
290 355
291 324
292 366
292 376
292 403
292 416
294 295
294 434
295 386
295 399
297 369
297 398
298 341
298 380
300 332
300 414
301 341
301 365
301 380
302 359
302 360
303 314
303 378
304 315
304 367
304 379
304 419
305 416
305 427
306 315
306 424
308 349
308 400
308 401
308 408
310 372
311 409
311 411
315 424
315 429
315 434
318 388
318 406
318 424
318 434
319 371
319 386
320 363
322 356
323 371
324 413
324 429
327 332
327 338
327 345
327 360
329 361
330 420
331 344
331 358
331 360
332 338
332 345
332 360
335 397
336 341
336 380
337 352
338 356
338 360
340 418
342 373
343 373
343 377
345 360
345 392
347 353
350 435
353 397
354 356
356 367
358 373
359 360
359 396
362 392
363 377
364 398
365 380
366 403
367 379
372 385
372 388
372 426
373 379
373 382
374 410
377 430
379 391
379 419
386 424
386 427
388 417
388 424
390 405
390 418
391 419
399 415
400 401
403 425
404 406
406 427
407 409
413 433
415 420
416 425
417 426
421 422
422 423
