#num-nodes
1898
#num-links
4419
#links
0 1243
0 1384
1 1243
2 882
2 1545
3 652
3 752
3 1131
3 1336
4 17
4 36
4 1001
4 1022
4 1052
5 600
5 695
6 390
6 496
6 767
6 896
6 1055
6 1188
6 1403
7 44
7 309
7 316
7 422
7 575
7 630
7 700
7 1289
8 372
8 557
8 578
8 855
10 159
10 168
10 189
10 533
10 652
10 858
10 1205
11 244
11 578
11 1212
11 1279
11 1312
11 1371
11 1406
11 1489
12 80
12 430
12 470
13 364
13 457
13 533
13 545
13 550
13 1069
13 1112
14 133
14 532
14 801
14 1113
14 1166
14 1251
14 1341
14 1342
14 1482
14 1483
15 409
16 18
16 173
16 240
16 359
16 415
16 463
16 917
16 1179
17 36
17 311
17 312
17 1162
17 1179
17 1442
18 177
18 249
18 479
19 554
20 82
20 167
20 1032
21 52
21 86
21 191
21 975
21 1157
21 1162
21 1179
21 1385
21 1442
22 93
22 190
22 788
22 1151
22 1185
22 1206
22 1364
22 1459
22 1469
23 275
23 297
23 302
23 414
23 473
23 526
23 623
23 994
23 1050
23 1385
23 1446
23 1473
24 454
25 102
25 423
26 647
26 1314
26 1415
26 1427
27 118
27 159
27 300
27 720
27 782
27 904
27 1024
27 1117
28 518
29 211
29 1253
30 166
30 927
30 931
30 1056
30 1060
31 86
31 495
32 293
32 725
32 924
32 998
32 1088
33 55
33 278
33 521
34 274
34 337
34 633
34 1119
34 1220
35 261
35 487
35 660
35 738
36 328
36 400
36 432
36 778
36 793
36 854
36 957
36 1122
38 94
38 97
38 367
38 419
38 831
38 969
38 976
39 1286
40 952
41 42
41 43
41 303
41 489
41 826
41 1307
42 43
42 489
42 826
42 1307
43 303
43 413
43 489
43 697
43 826
43 1307
43 1414
44 409
44 1078
44 1081
44 1206
45 226
45 305
45 449
45 852
45 867
45 1066
45 1070
45 1298
45 1499
46 275
46 597
46 1012
46 1016
46 1063
47 597
47 777
47 879
47 1063
47 1099
47 1217
47 1230
47 1236
47 1238
48 198
48 434
48 1146
48 1433
49 189
49 399
49 411
50 932
50 1005
51 161
51 220
51 464
51 1067
51 1181
51 1185
51 1287
52 312
52 1442
53 357
53 390
53 1032
54 1202
55 215
55 423
55 523
55 812
55 952
55 959
55 1318
57 424
57 481
57 617
57 623
57 687
57 891
57 1147
57 1264
57 1288
57 1329
58 577
58 1065
59 174
59 674
59 877
59 1198
60 537
60 804
60 1394
61 144
61 145
61 173
61 300
61 359
61 484
61 861
61 917
61 988
61 1404
62 357
62 542
62 790
62 907
62 1280
62 1349
63 540
64 282
64 643
64 966
64 1146
64 1178
64 1468
66 140
66 1286
66 1326
66 1418
67 140
67 325
67 378
67 1420
68 111
68 122
68 433
68 676
68 679
68 701
68 730
68 778
68 853
68 1380
69 120
69 170
69 174
69 398
69 703
69 1197
69 1221
69 1255
69 1321
70 184
70 789
70 1002
70 1168
70 1179
70 1356
70 1452
71 232
71 609
71 1163
71 1397
72 508
72 715
72 750
72 897
72 973
72 1213
72 1426
73 112
73 116
73 157
73 380
73 465
73 506
73 914
73 942
73 964
73 1385
74 585
74 979
75 995
75 1146
76 581
76 647
76 866
76 1028
76 1186
76 1415
77 606
77 822
77 1242
77 1885
78 290
78 642
79 357
79 766
79 1058
79 1263
79 1400
80 93
80 350
80 463
80 470
80 488
80 780
80 799
80 1396
81 231
81 250
81 392
82 277
82 404
83 101
83 173
83 1342
84 311
84 525
84 974
84 1002
84 1162
84 1179
84 1356
85 178
85 371
85 402
85 527
85 620
85 631
85 699
85 754
85 797
85 1342
86 479
86 503
86 524
86 663
86 804
86 908
86 1219
87 164
87 212
87 309
87 422
87 585
87 741
87 913
87 1130
87 1135
87 1392
88 712
88 842
88 1024
88 1144
88 1497
90 236
90 266
92 232
92 609
92 819
92 1306
92 1397
93 208
93 946
93 970
93 1206
94 97
94 367
94 419
94 831
94 976
94 1114
94 1379
95 709
96 936
96 1359
96 1422
97 107
97 367
97 419
97 976
97 1286
97 1379
98 855
98 877
98 1198
98 1481
99 304
99 694
99 718
99 968
99 1031
99 1353
100 256
100 403
100 450
100 753
100 761
100 886
100 906
100 933
100 1136
100 1373
101 313
101 374
101 402
102 238
102 423
102 787
102 1145
102 1262
103 1376
103 1481
105 387
105 584
105 624
105 853
105 980
105 1290
105 1301
106 108
106 112
106 416
106 662
106 803
107 244
107 419
107 520
107 866
107 868
107 1186
107 1286
108 166
108 1003
108 1278
109 112
109 398
109 416
109 476
109 1259
110 653
111 123
111 370
111 701
111 801
111 919
111 1151
111 1179
111 1482
112 380
112 416
112 465
112 662
112 681
112 803
112 843
112 844
112 849
112 964
112 1053
113 444
113 515
113 618
114 1190
114 1373
115 473
115 1247
115 1403
116 157
116 465
116 662
116 710
116 914
116 1363
117 339
117 393
117 652
117 714
117 778
117 790
117 1280
118 904
118 1129
118 1164
119 300
119 866
119 872
119 901
119 992
119 1141
119 1147
119 1151
119 1182
119 1199
119 1432
120 398
120 1197
120 1255
120 1258
121 324
121 705
121 722
121 757
121 975
121 1104
122 676
122 679
122 693
122 699
122 804
122 975
122 1380
123 369
123 1112
125 207
125 542
125 668
125 723
125 790
125 944
125 1470
126 184
126 219
126 232
126 311
126 474
126 525
126 568
126 609
126 789
126 899
126 1002
126 1024
126 1162
126 1163
126 1305
126 1346
126 1347
126 1356
126 1397
127 153
128 351
128 1154
128 1195
128 1585
129 325
129 351
129 377
129 399
129 523
129 883
129 954
129 1171
129 1350
129 1480
130 385
130 1475
131 407
131 482
131 1347
132 619
132 890
133 892
133 948
133 1078
134 426
134 427
134 580
135 834
137 278
137 1313
138 1136
138 1170
138 1229
140 636
140 641
140 827
140 883
140 1028
140 1279
140 1371
140 1374
140 1479
141 212
141 970
142 388
142 731
142 937
142 957
142 960
143 555
143 680
143 783
143 999
143 1316
143 1317
143 1480
143 1654
144 261
144 637
144 720
144 1041
144 1351
145 1303
146 170
146 186
146 292
146 516
146 552
146 638
146 640
146 755
146 1218
146 1304
147 236
147 365
147 516
147 586
147 909
148 304
148 589
148 721
148 941
148 1147
148 1294
148 1496
149 333
149 466
149 604
149 664
150 304
150 589
150 718
150 941
150 1448
151 393
153 359
153 418
153 598
153 1370
154 403
155 493
155 534
155 711
155 781
155 1102
155 1143
155 1282
155 1381
156 513
156 780
156 1239
156 1399
157 174
157 196
157 914
157 927
157 935
157 1009
158 300
158 305
158 647
158 937
158 1098
159 165
159 269
159 533
159 602
159 621
159 633
159 858
159 1117
159 1176
159 1336
160 161
160 205
160 220
160 257
160 333
160 1064
160 1349
161 464
161 602
161 756
161 876
161 1451
162 538
162 1048
162 1152
163 250
163 683
163 684
163 880
164 165
164 212
164 875
164 913
164 988
164 1125
164 1130
165 621
165 633
165 858
165 875
165 913
165 1261
165 1384
165 1798
166 864
166 927
166 931
166 1056
166 1060
166 1121
166 1794
167 750
167 766
167 800
167 805
167 1263
167 1382
168 399
168 555
168 1155
168 1317
170 186
170 506
170 516
170 686
170 755
170 1214
170 1218
170 1304
170 1321
171 1082
172 434
172 754
173 240
173 359
173 484
173 582
173 665
173 730
173 861
173 917
174 196
174 927
174 1051
174 1197
175 1013
175 1015
175 1093
175 1481
176 540
176 1041
176 1073
176 1117
177 1104
177 1249
177 1250
177 1402
178 371
178 797
180 1460
181 1302
181 1438
182 714
182 751
182 775
182 986
182 1076
182 1094
182 1265
182 1327
183 537
183 572
183 585
183 630
183 841
183 1392
184 665
184 789
184 1002
184 1179
184 1201
184 1356
184 1452
185 228
185 394
185 398
185 476
185 490
185 617
185 1086
185 1133
185 1284
186 292
186 398
186 476
186 516
186 552
186 638
186 677
186 1079
186 1304
187 232
187 348
187 510
187 890
187 1098
187 1128
188 206
188 246
188 270
188 449
188 481
188 541
188 687
188 779
188 867
188 1063
188 1339
188 1385
189 399
189 771
189 1155
190 633
190 927
190 1451
191 1381
192 957
193 809
193 836
193 891
193 941
193 943
193 1321
193 1450
196 441
196 914
196 935
196 1009
197 731
197 921
197 972
197 1065
198 274
198 337
198 536
198 1071
200 332
200 922
201 535
201 1485
202 204
202 561
203 459
203 1217
203 1340
203 1403
205 231
205 392
205 753
205 873
205 909
205 912
205 978
205 1059
205 1200
206 449
206 505
206 683
206 760
206 870
206 873
206 912
206 1230
206 1305
207 340
207 1252
207 1442
208 511
208 946
209 832
209 977
209 1032
209 1262
210 262
210 320
210 576
210 857
210 1110
210 1231
211 999
212 913
212 1000
212 1130
213 1314
213 1735
214 239
214 282
214 469
214 641
214 715
214 1391
214 1433
215 692
215 715
215 1055
215 1318
215 1375
216 839
216 1169
216 1382
217 478
217 522
217 564
217 940
217 1154
217 1190
217 1293
218 444
218 709
218 1360
218 1363
219 255
219 335
219 899
219 1076
219 1132
219 1360
219 1363
220 333
220 658
222 487
222 664
223 259
223 288
223 347
223 715
223 781
223 795
223 807
223 839
223 1273
223 1391
225 543
225 662
225 849
225 909
225 1004
226 228
226 306
226 414
226 608
226 794
226 812
226 825
226 1017
226 1121
226 1298
226 1337
227 235
227 604
227 988
228 390
228 569
228 611
228 891
228 1110
228 1193
228 1238
228 1498
229 387
229 834
229 929
229 991
229 1020
229 1068
229 1076
229 1265
229 1301
230 665
230 695
230 917
230 1162
230 1179
231 392
232 566
232 570
232 609
232 757
232 819
232 1162
232 1397
233 444
234 1042
235 1194
236 365
236 591
236 959
236 1200
237 1267
238 340
238 629
238 976
238 1229
238 1393
239 282
239 429
239 530
239 1263
239 1273
239 1433
240 651
240 725
240 904
240 917
240 1069
240 1129
240 1256
240 1346
240 1441
241 256
241 810
241 1123
241 1208
242 734
243 285
243 1192
244 248
244 377
244 399
244 454
244 555
244 642
244 952
244 1139
244 1183
244 1453
244 1654
246 247
246 270
246 382
246 424
246 449
246 481
246 687
246 847
246 867
246 1264
246 1499
247 297
247 383
247 569
247 595
247 1090
247 1110
247 1281
247 1385
248 488
248 939
248 1078
248 1267
249 789
250 611
250 677
250 909
250 912
250 1051
250 1216
250 1255
251 283
252 450
254 450
254 456
254 748
254 1311
254 1379
255 296
255 732
255 747
255 1363
255 1368
256 450
256 461
256 472
256 810
256 1311
257 451
257 632
257 684
257 912
257 978
257 1403
258 284
259 288
259 383
259 445
259 458
259 760
259 807
259 851
259 1055
259 1071
259 1273
259 1282
259 1391
259 1435
260 316
260 811
260 892
260 946
260 948
260 1215
261 637
262 305
262 493
262 1234
262 1292
263 434
263 1125
264 518
264 1422
267 275
267 827
267 1490
268 814
268 886
268 1308
269 602
269 642
269 858
269 1205
269 1336
270 449
270 481
270 687
270 779
270 832
270 847
270 867
270 1070
270 1264
271 1049
271 1054
272 602
273 309
273 349
273 364
273 421
273 534
273 1085
273 1178
273 1206
274 284
274 358
274 434
274 444
274 1071
274 1185
275 314
275 1383
275 1490
277 404
277 443
277 458
277 587
277 758
277 781
278 906
279 514
279 724
279 1525
281 436
281 670
281 727
281 1153
281 1279
282 715
282 1433
283 289
283 442
283 1028
283 1111
283 1138
283 1276
283 1374
283 1410
284 349
284 1469
285 1414
286 824
286 889
287 1036
288 339
288 383
288 493
288 781
288 1273
288 1299
288 1385
288 1391
289 680
289 1028
289 1029
289 1201
289 1352
290 295
290 771
290 955
290 1209
291 378
291 419
291 494
291 883
291 940
291 998
291 1114
291 1183
291 1299
291 1379
292 352
292 638
292 1304
293 300
293 546
293 663
293 1214
293 1233
293 1419
294 493
294 1143
294 1292
295 628
295 1526
295 1860
296 374
296 420
296 722
296 988
296 1092
297 305
297 1099
297 1240
298 666
298 1197
298 1221
299 350
299 513
299 961
299 1393
300 359
300 428
300 479
300 861
300 905
300 988
300 1348
300 1440
301 1080
302 473
302 526
302 798
302 966
302 1473
303 489
303 743
303 826
304 529
304 694
304 721
304 801
304 855
304 1147
304 1240
304 1496
305 493
305 1066
305 1098
305 1238
305 1292
305 1298
305 1341
305 1412
305 1498
306 362
306 414
306 794
306 1102
306 1337
306 1488
307 626
307 676
307 1128
307 1438
308 801
308 1306
309 575
309 1206
309 1289
310 420
310 534
310 538
310 875
310 1306
310 1346
310 1463
311 418
311 525
311 568
311 572
311 789
311 1162
311 1179
311 1232
311 1233
312 335
312 508
312 535
312 568
312 579
312 751
312 1163
312 1189
312 1270
312 1348
312 1442
313 1266
313 1472
314 924
314 1164
315 672
315 1160
316 511
316 515
316 705
316 948
316 1445
317 318
317 338
317 929
317 1055
317 1322
318 347
318 383
318 427
318 430
318 929
318 1385
319 402
319 827
319 830
319 942
319 968
319 1031
319 1124
319 1199
320 857
320 1231
320 1406
321 706
322 514
322 639
322 909
322 1231
323 965
324 574
324 705
324 977
324 982
324 1033
324 1270
325 378
325 523
325 1420
325 1473
327 508
327 923
327 1089
327 1096
327 1217
328 1438
329 487
329 1033
329 1266
330 667
330 1108
332 360
332 379
332 659
332 878
332 1053
335 899
335 1068
335 1076
335 1305
335 1436
337 884
337 1289
337 1494
338 769
338 816
338 896
338 1064
338 1398
338 1435
339 340
339 508
339 546
339 771
339 1217
339 1306
339 1413
339 1486
340 714
340 715
340 775
340 785
340 834
340 865
340 1096
340 1413
340 1463
341 430
341 558
341 590
341 595
341 634
341 1098
341 1262
341 1399
342 514
342 952
342 1429
343 626
344 925
345 388
345 625
345 960
345 1008
345 1048
346 430
346 594
346 1040
346 1086
346 1354
346 1365
347 753
347 798
348 503
348 524
348 1163
348 1168
349 1071
350 470
350 488
350 769
350 780
350 795
350 1300
350 1393
350 1396
350 1407
351 478
351 954
351 959
351 1154
351 1195
351 1585
352 441
352 849
352 994
352 1004
353 365
353 458
353 1319
354 730
354 865
354 994
354 1280
355 470
355 488
355 769
355 780
355 896
356 893
356 1408
357 1058
358 430
358 779
358 1146
359 665
359 917
359 1260
359 1363
359 1370
359 1440
362 414
362 467
362 554
362 561
362 595
362 608
362 622
362 623
362 746
362 765
362 1102
362 1193
362 1288
362 1298
362 1337
362 1343
363 1206
364 550
364 608
364 722
364 1098
364 1200
365 586
365 978
365 1437
366 576
367 831
367 1379
369 1135
369 1376
370 423
370 550
370 588
370 814
370 1025
370 1165
371 620
371 830
371 1182
371 1431
372 555
372 557
373 412
373 868
373 1313
374 547
374 997
374 1185
374 1289
374 1432
374 1452
375 453
375 566
375 890
377 399
377 520
377 581
377 671
377 787
377 1156
377 1171
377 1406
378 906
378 1183
379 465
379 635
379 703
379 845
379 1009
380 465
380 662
380 843
381 581
381 1137
382 438
382 867
382 1070
382 1264
382 1499
383 629
383 689
383 723
383 758
383 760
383 795
383 807
383 816
383 851
383 926
383 1435
383 1589
384 1113
384 1251
384 1483
385 1475
386 662
386 803
386 1278
387 596
387 903
387 924
387 1068
387 1076
387 1265
387 1290
387 1301
388 414
388 957
388 960
388 1042
388 1048
389 872
390 548
390 1032
390 1058
391 417
391 897
391 982
393 400
393 468
393 733
393 778
393 1023
394 490
394 710
394 914
394 1133
394 1284
395 742
396 570
396 603
396 704
396 853
396 1439
397 533
397 720
397 1117
397 1129
397 1176
397 1244
397 1256
397 1441
397 1497
398 476
398 1197
398 1259
398 1321
398 1590
399 771
399 783
399 1317
400 1052
401 1253
402 589
402 631
402 694
402 968
402 1291
403 588
403 989
403 1316
404 458
404 587
404 758
404 1273
404 1400
404 1433
405 409
405 961
406 521
406 770
406 784
406 883
406 1026
406 1314
407 512
407 1347
407 1407
408 1144
408 1246
409 961
410 872
410 1104
410 1249
411 771
411 1155
412 565
412 642
412 1313
412 1350
412 1408
412 1428
413 489
413 495
414 765
414 794
414 812
414 1017
414 1245
414 1288
414 1298
415 657
416 803
416 882
416 1079
417 538
417 828
417 923
417 1434
418 577
418 625
418 804
418 1162
418 1179
418 1370
419 831
419 976
419 1286
419 1379
420 1428
420 1432
421 1085
421 1178
422 544
422 572
422 575
422 700
422 1150
422 1196
422 1315
423 814
423 1086
424 449
424 554
424 617
424 779
424 847
424 867
424 1070
424 1288
424 1329
424 1331
424 1385
425 1165
425 1316
425 1410
425 1424
427 430
427 634
427 996
427 1322
427 1407
428 504
428 528
428 529
428 1033
428 1118
428 1202
428 1431
429 1148
429 1178
429 1263
430 510
430 1399
431 698
432 1020
432 1131
432 1246
432 1360
432 1363
433 775
433 834
433 1096
433 1189
434 585
434 1029
436 606
436 670
436 727
436 1077
436 1153
436 1326
436 1474
438 622
438 852
438 1245
439 1316
439 1317
439 1374
440 809
440 836
441 451
441 476
441 506
441 638
441 994
441 1304
441 1323
442 576
442 1210
442 1330
443 1360
443 1363
445 750
445 1032
445 1491
449 481
449 617
449 687
449 779
449 847
449 867
449 1264
450 748
450 780
450 933
450 959
450 1344
451 855
451 856
451 1334
451 1461
452 691
452 868
453 1045
454 1366
454 1427
455 1390
456 940
456 1286
456 1424
457 598
458 781
459 962
459 1307
460 519
461 671
461 989
461 1314
461 1428
462 746
462 913
462 1295
462 1405
463 661
463 828
463 905
463 1467
464 1049
464 1067
464 1181
465 662
465 703
465 843
465 844
466 745
467 513
467 515
467 967
467 1322
467 1343
468 579
468 713
468 790
468 1345
469 643
469 715
469 851
469 1435
470 488
470 590
470 780
470 799
470 855
470 1017
470 1393
470 1399
472 549
472 810
472 814
472 1111
472 1116
472 1318
472 1373
473 526
473 623
473 1017
473 1238
473 1488
474 652
474 794
474 1049
474 1387
475 743
475 1455
476 728
476 1074
476 1259
478 906
478 954
478 1055
479 524
479 1168
479 1172
479 1431
481 687
481 779
481 847
481 867
482 1369
483 823
484 717
484 722
484 861
484 905
485 1049
485 1451
485 1487
486 689
486 760
486 816
486 1273
486 1391
486 1403
487 620
487 750
487 858
487 907
487 968
487 1063
487 1342
488 799
488 1395
489 697
489 826
489 1307
490 718
490 820
490 1074
490 1133
490 1284
491 633
491 634
491 948
491 949
493 711
493 781
493 807
493 1072
493 1143
493 1273
493 1292
493 1391
494 814
494 1223
494 1393
495 1131
496 707
496 758
496 869
496 896
496 1008
496 1140
496 1188
496 1339
498 1430
499 1191
500 588
500 814
500 1418
501 996
501 1446
503 524
503 568
504 1202
505 507
505 629
505 870
505 873
505 1059
505 1230
505 1236
506 552
506 638
506 686
506 755
507 1195
507 1435
508 535
508 672
508 1096
508 1217
508 1486
509 1395
510 941
510 1088
510 1107
510 1401
511 896
511 996
511 1201
511 1225
511 1398
512 1347
512 1407
513 715
513 1322
513 1393
513 1407
514 639
514 787
514 1429
515 614
516 755
516 1302
516 1304
516 1340
516 1409
516 1494
517 606
517 679
517 805
517 1242
518 639
519 561
519 671
519 1417
520 1428
521 581
521 671
521 1171
521 1318
522 1126
522 1190
522 1692
523 839
523 954
523 1154
523 1326
523 1361
523 1408
523 1429
524 1168
525 789
525 1162
525 1356
526 966
527 699
527 754
527 815
527 1238
527 1240
528 604
529 1033
530 587
530 798
530 926
530 1016
530 1263
531 614
531 832
531 842
531 1161
532 1122
532 1492
533 652
533 782
533 880
533 1129
534 990
534 1336
534 1348
534 1439
535 579
535 582
535 928
535 1213
535 1327
535 1413
535 1486
536 1071
536 1348
537 593
537 630
537 841
537 1146
538 603
538 1152
538 1439
539 1204
540 1244
540 1256
541 597
541 617
541 746
541 1099
541 1284
542 591
542 723
542 790
542 944
542 1280
543 849
543 909
543 1004
544 700
544 908
544 1315
545 640
545 1069
545 1380
546 1419
547 709
547 1130
549 772
549 1477
550 588
550 814
550 1165
550 1196
550 1239
550 1253
550 1405
550 1473
550 1490
552 638
552 683
552 1216
552 1218
553 999
553 1424
554 794
554 825
554 1102
554 1288
554 1298
555 1406
556 577
556 713
558 590
558 634
558 1396
558 1399
559 647
560 995
561 642
561 671
561 770
561 997
561 1194
561 1352
563 650
564 1154
564 1293
564 1420
566 712
566 890
566 1395
567 1356
568 730
568 751
568 1162
568 1163
568 1305
568 1442
569 1110
569 1476
569 1492
569 1498
570 603
570 704
570 1092
570 1439
571 1448
572 575
572 732
572 1157
572 1162
572 1251
574 737
574 806
574 982
574 1033
574 1213
574 1451
575 1206
576 644
576 889
577 579
577 582
577 922
577 1287
578 1006
578 1174
578 1212
578 1279
579 1327
579 1348
579 1442
581 997
582 651
582 657
582 1092
582 1122
582 1248
583 827
583 1039
583 1408
585 979
585 1071
585 1084
585 1289
585 1392
585 1494
586 909
587 758
587 781
587 1007
588 814
588 1373
588 1410
588 1418
589 694
589 941
589 1147
590 967
590 1399
591 758
591 907
591 1344
591 1482
593 729
593 1138
593 1174
593 1276
593 1374
593 1410
593 1424
594 743
594 858
594 1110
595 765
595 820
595 847
595 867
595 1501
596 616
596 732
596 1265
596 1290
596 1297
596 1301
596 1434
597 611
597 1063
597 1099
597 1122
597 1238
598 728
598 1237
599 1366
600 695
600 893
601 778
601 1345
602 937
602 1204
602 1280
602 1336
602 1437
603 604
603 700
603 1080
603 1355
603 1439
604 797
604 988
605 828
605 945
605 972
605 1260
606 822
606 1242
606 1293
606 1477
607 610
608 765
608 794
608 812
608 825
608 1337
608 1473
608 1488
609 789
609 1163
609 1337
609 1397
609 1488
610 887
611 617
611 1099
611 1238
611 1240
611 1255
611 1258
611 1284
611 1473
614 1081
614 1358
615 1266
616 624
616 792
616 1438
617 847
617 1238
617 1284
617 1288
617 1473
618 621
618 773
619 890
620 1266
620 1431
621 633
621 858
621 1384
621 1798
622 1193
622 1245
622 1258
622 1343
622 1488
623 699
623 753
623 1331
623 1385
624 672
624 792
624 1484
625 695
625 814
625 1340
627 696
627 758
627 1055
628 692
628 998
628 1154
628 1361
629 795
629 1094
630 1276
631 754
631 949
631 1182
632 684
632 855
632 873
632 1333
632 1334
633 858
633 1384
634 929
634 961
634 1064
634 1393
634 1407
635 703
635 1447
636 1374
637 720
637 742
637 861
637 953
637 1041
638 1304
639 748
640 695
640 800
640 826
640 978
640 1000
640 1307
641 898
641 906
642 1428
642 1460
643 715
643 807
643 1196
643 1231
643 1444
643 1498
644 862
644 1525
647 784
647 1415
647 1453
649 1155
649 1418
651 1075
651 1128
651 1387
652 1049
652 1073
652 1117
652 1346
652 1460
653 708
654 753
654 763
654 1055
656 986
659 667
659 878
659 1053
659 1203
660 738
660 1402
661 665
661 905
661 988
661 1048
661 1179
661 1260
661 1389
661 1467
662 803
662 843
663 712
663 757
663 789
663 1219
665 917
665 1048
665 1179
665 1181
665 1370
665 1487
666 761
666 1096
666 1280
667 922
667 1021
667 1203
669 911
669 995
669 1201
669 1322
670 727
670 1153
671 1149
671 1838
671 1871
672 733
672 1160
673 773
673 931
673 1121
674 766
674 877
674 1098
674 1419
675 1366
676 699
676 804
676 1380
677 755
677 1051
677 1221
677 1304
679 1036
679 1380
679 1410
680 783
680 1480
682 1025
682 1208
683 686
683 873
685 805
685 882
685 1267
686 755
686 994
687 779
687 870
688 928
688 1056
688 1060
689 758
689 760
689 795
689 816
689 1282
689 1400
691 705
691 708
691 1287
691 1289
691 1360
692 783
692 1139
692 1191
692 1375
694 718
694 777
694 848
694 879
694 968
694 1031
694 1124
695 871
695 1492
696 834
696 842
696 1137
697 1002
698 1316
698 1437
699 919
699 1182
699 1294
700 740
700 930
701 778
701 1470
702 989
703 845
703 1009
703 1275
704 1092
704 1439
705 815
705 975
706 1116
706 1253
707 1100
709 1130
710 914
710 964
710 1278
711 1143
711 1234
711 1411
713 1044
713 1177
713 1487
714 775
714 834
714 982
714 1096
714 1265
714 1463
715 781
715 807
715 851
715 1055
715 1072
715 1442
715 1463
718 721
718 848
718 1353
718 1366
720 1041
720 1129
720 1221
721 901
721 1187
723 778
723 790
723 839
723 890
723 944
723 1280
723 1470
724 898
724 1634
726 1267
727 1077
727 1153
728 843
728 1074
729 1374
730 751
730 778
730 807
730 907
730 1237
730 1438
731 734
731 921
732 735
732 747
732 764
732 1287
732 1290
732 1432
732 1434
733 876
734 921
734 928
735 747
735 1287
735 1432
738 880
739 1003
742 756
742 859
743 784
743 826
743 838
743 1026
743 1211
743 1314
744 1345
745 974
745 1303
745 1696
747 764
747 903
747 939
747 1287
747 1432
749 945
749 1266
750 805
750 1032
750 1491
751 778
751 1100
751 1237
751 1466
752 1369
753 855
753 915
753 966
753 1016
753 1102
753 1331
753 1385
754 815
754 827
754 919
754 948
754 990
754 1071
754 1182
754 1238
754 1240
754 1331
754 1448
754 1557
755 1218
756 859
756 1492
757 1163
757 1397
757 1418
758 1007
758 1400
760 795
760 816
760 1481
761 870
762 1130
764 905
764 908
764 1132
764 1181
764 1287
764 1356
764 1360
764 1363
765 825
765 979
765 1098
766 877
766 1130
766 1198
768 1296
769 948
769 1393
770 1794
771 1155
771 1171
772 1359
774 1019
774 1188
774 1230
775 834
775 853
775 1007
775 1179
775 1219
775 1458
776 1006
776 1084
776 1151
777 830
777 879
777 968
777 1241
778 780
778 907
778 1438
779 832
779 867
779 1059
779 1161
779 1288
780 799
780 1081
780 1174
780 1335
780 1358
780 1396
780 1444
780 1498
781 1055
781 1391
783 867
783 1155
783 1453
783 1480
784 1026
784 1194
784 1314
785 1104
785 1463
786 1406
786 1489
787 857
787 1028
787 1654
788 1185
788 1459
788 1469
789 1002
789 1075
789 1162
789 1163
789 1356
790 907
790 944
790 1250
790 1280
790 1486
791 1306
791 1405
793 1438
794 812
794 825
794 1017
794 1102
794 1298
794 1473
794 1488
795 807
795 816
795 869
795 1072
795 1094
795 1236
795 1391
798 1473
799 1081
799 1396
801 1482
802 936
802 1374
803 843
803 1004
804 946
804 1052
804 1206
805 1302
806 982
806 1033
806 1260
807 1072
807 1435
808 945
808 1260
809 836
809 841
809 869
810 814
810 1116
811 892
811 949
811 1078
811 1225
811 1322
811 1396
811 1445
812 825
812 1102
812 1298
813 919
813 1448
814 1418
815 1078
815 1081
815 1227
815 1240
815 1397
816 1391
816 1481
817 1142
817 1187
818 1142
818 1187
818 1224
818 1353
820 856
820 977
821 1075
821 1185
822 1165
822 1242
822 1276
822 1410
823 1451
825 1017
825 1298
825 1337
825 1488
826 1307
827 840
827 968
827 1182
827 1371
827 1408
827 1474
828 905
828 1008
830 879
830 1241
830 1291
831 883
832 1385
832 1409
834 897
834 1250
835 1212
836 869
836 1087
836 1280
839 869
839 1169
839 1195
839 1217
839 1382
840 1039
840 1408
840 1472
841 869
841 1125
841 1392
842 1137
843 1074
844 1053
845 864
845 1009
846 1452
847 867
848 1031
849 909
849 1004
849 1057
849 1338
849 1425
850 1021
851 1055
851 1435
851 1481
852 901
852 943
852 1066
852 1298
852 1425
853 1380
854 922
854 1336
854 1465
855 856
855 975
855 1393
856 1247
856 1262
856 1501
857 1192
857 1231
858 1314
858 1336
858 1481
859 1089
860 1036
861 917
861 953
861 986
861 1266
861 1431
862 1279
862 1359
863 1326
863 1477
866 1186
866 1254
867 1070
867 1264
867 1419
867 1499
869 1086
869 1232
869 1233
870 873
870 1059
871 905
871 1458
873 909
873 912
873 1059
873 1200
873 1230
874 943
874 1051
874 1450
875 913
876 1027
876 1189
877 891
877 941
877 1198
877 1297
879 968
879 1230
879 1236
879 1241
880 1045
880 1457
882 1474
883 1170
884 951
884 1289
884 1494
885 1157
885 1217
885 1378
886 1308
887 1268
888 974
888 1360
889 1169
889 1372
889 1382
890 1402
890 1442
891 941
891 1238
891 1306
891 1450
893 1340
894 1190
896 1319
897 923
897 1213
897 1270
898 1114
898 1408
898 1414
901 1141
901 1182
901 1199
901 1425
903 1454
905 917
905 1048
905 1078
905 1161
907 1045
907 1280
907 1438
907 1466
908 1168
908 1363
909 1004
912 1200
913 1125
913 1130
913 1261
914 964
915 966
915 1339
915 1473
915 1488
916 1378
917 1161
917 1179
918 1342
918 1454
919 1081
919 1182
920 1206
922 1346
923 926
923 1096
924 1137
924 1164
926 1072
926 1096
926 1273
927 931
927 935
927 1056
927 1060
929 1064
929 1311
929 1335
929 1399
931 1056
931 1060
931 1121
933 952
934 1024
935 1003
936 1192
937 938
937 957
939 1024
939 1034
940 1154
940 1286
940 1293
941 1083
941 1198
941 1450
943 1450
945 1260
946 1047
946 1206
948 949
948 1229
948 1240
949 1322
951 979
951 1494
952 955
954 1126
954 1154
954 1195
954 1277
954 1585
956 1424
957 960
958 1350
958 1424
959 1195
959 1286
959 1344
960 1042
960 1048
961 1080
961 1102
961 1393
966 1010
966 1098
966 1102
967 1322
968 1199
968 1408
968 1501
969 1287
969 1317
970 1157
970 1185
970 1206
970 1357
970 1445
971 1113
971 1251
971 1483
973 1157
974 1034
974 1046
974 1303
974 1360
974 1363
975 1351
976 1008
976 1109
976 1379
977 1088
977 1330
978 1157
978 1330
978 1340
980 1265
982 987
982 1033
982 1430
984 1202
985 1100
986 1039
986 1266
989 1276
989 1415
990 1148
990 1182
992 1078
992 1081
992 1396
994 1003
995 1196
995 1358
996 1322
996 1335
996 1398
996 1446
998 1489
1001 1022
1002 1084
1002 1151
1002 1162
1002 1201
1002 1356
1003 1062
1003 1235
1003 1493
1004 1425
1004 1461
1006 1151
1006 1458
1007 1128
1007 1306
1007 1433
1008 1072
1008 1109
1010 1354
1011 1219
1014 1111
1015 1093
1015 1155
1015 1350
1015 1376
1016 1275
1017 1337
1019 1230
1020 1022
1020 1122
1020 1131
1021 1023
1021 1203
1024 1131
1024 1305
1024 1369
1024 1467
1025 1208
1025 1229
1026 1314
1027 1189
1028 1410
1028 1479
1029 1352
1030 1268
1032 1047
1032 1230
1032 1262
1032 1430
1034 1046
1034 1303
1036 1037
1036 1228
1036 1472
1036 1476
1039 1408
1040 1098
1040 1196
1045 1100
1045 1457
1046 1179
1046 1260
1046 1303
1046 1463
1047 1195
1048 1370
1049 1387
1049 1436
1050 1061
1050 1223
1051 1100
1051 1284
1054 1091
1054 1347
1055 1273
1055 1391
1056 1060
1057 1080
1057 1259
1057 1323
1058 1385
1058 1400
1059 1110
1059 1193
1059 1378
1061 1335
1062 1493
1063 1099
1063 1236
1063 1385
1066 1070
1066 1264
1066 1337
1066 1499
1067 1181
1068 1076
1068 1265
1070 1264
1070 1288
1070 1499
1071 1468
1074 1295
1074 1328
1074 1461
1076 1094
1076 1265
1076 1305
1076 1436
1077 1153
1078 1227
1078 1445
1079 1294
1081 1182
1081 1227
1081 1358
1081 1445
1083 1134
1084 1151
1084 1479
1086 1090
1087 1137
1087 1357
1087 1413
1087 1486
1090 1110
1090 1129
1090 1465
1090 1671
1091 1387
1092 1164
1092 1439
1093 1227
1094 1434
1102 1337
1102 1488
1104 1402
1107 1395
1108 1423
1108 1465
1109 1378
1109 1379
1111 1116
1111 1190
1111 1373
1112 1135
1113 1166
1113 1251
1113 1483
1114 1134
1115 1251
1116 1309
1117 1129
1117 1205
1120 1426
1121 1259
1122 1217
1122 1248
1125 1130
1126 1420
1129 1133
1129 1205
1129 1244
1129 1256
1129 1441
1131 1219
1131 1363
1131 1369
1132 1360
1132 1432
1133 1284
1134 1192
1135 1272
1136 1309
1136 1326
1137 1486
1138 1317
1138 1374
1138 1410
1138 1424
1139 1154
1139 1191
1139 1361
1139 1375
1140 1339
1141 1199
1142 1187
1142 1353
1142 1376
1143 1234
1143 1292
1143 1411
1144 1161
1146 1178
1146 1182
1146 1468
1147 1294
1147 1334
1147 1496
1148 1263
1149 1838
1150 1315
1152 1439
1153 1186
1154 1293
1154 1312
1154 1326
1155 1415
1156 1646
1157 1340
1157 1378
1157 1437
1157 1478
1158 1453
1158 1646
1159 1372
1160 1484
1162 1179
1162 1356
1162 1360
1162 1442
1163 1305
1163 1356
1163 1387
1163 1397
1164 1176
1165 1418
1166 1251
1168 1179
1168 1431
1169 1171
1169 1382
1170 1229
1170 1313
1173 1456
1174 1276
1174 1424
1175 1203
1176 1205
1176 1244
1176 1497
1177 1203
1177 1465
1178 1263
1178 1458
1182 1238
1182 1240
1182 1259
1183 1312
1183 1326
1186 1540
1187 1353
1187 1411
1187 1412
1189 1486
1190 1373
1191 1361
1191 1375
1193 1245
1193 1258
1193 1343
1195 1277
1196 1231
1196 1498
1197 1221
1197 1794
1199 1342
1201 1352
1204 1266
1205 1460
1207 1302
1212 1279
1212 1406
1214 1419
1215 1239
1215 1407
1217 1237
1217 1265
1218 1409
1221 1235
1223 1335
1223 1495
1227 1229
1229 1267
1230 1236
1230 1297
1232 1233
1235 1255
1235 1304
1238 1403
1239 1446
1240 1331
1241 1291
1245 1343
1247 1343
1247 1501
1249 1340
1251 1472
1251 1483
1252 1442
1253 1479
1255 1258
1258 1269
1258 1321
1259 1323
1262 1501
1263 1400
1264 1499
1265 1290
1265 1301
1266 1431
1267 1276
1273 1391
1276 1316
1276 1483
1277 1489
1277 1585
1279 1312
1280 1349
1281 1357
1284 1338
1286 1293
1286 1316
1287 1432
1288 1329
1288 1331
1289 1494
1290 1301
1290 1434
1293 1420
1295 1405
1298 1337
1299 1433
1305 1346
1305 1369
1305 1436
1306 1380
1306 1405
1310 1477
1314 1427
1316 1410
1317 1374
1317 1453
1317 1897
1324 1477
1326 1477
1329 1331
1329 1333
1329 1334
1330 1385
1331 1385
1331 1448
1333 1334
1333 1461
1334 1492
1335 1395
1337 1488
1339 1473
1341 1342
1341 1412
1341 1469
1344 1349
1346 1347
1346 1436
1350 1453
1353 1501
1355 1439
1358 1364
1358 1396
1358 1445
1359 1422
1360 1363
1360 1368
1361 1375
1361 1418
1363 1368
1363 1382
1363 1545
1374 1424
1376 1452
1378 1437
1378 1478
1385 1498
1386 1454
1387 1490
1388 1389
1389 1467
1393 1396
1396 1399
1398 1399
1398 1446
1400 1450
1403 1450
1406 1408
1406 1489
1406 1583
1406 1885
1410 1424
1413 1470
1413 1486
1416 1419
1418 1422
1422 1489
1423 1437
1432 1434
1440 1589
1444 1495
1444 1498
1448 1463
1457 1479
1459 1469
1480 1838
1498 1853
1502 1504
1502 1623
1502 1637
1502 1658
1502 1685
1503 1540
1503 1551
1503 1661
1504 1539
1504 1685
1504 1739
1504 1784
1504 1823
1504 1829
1505 1605
1505 1656
1505 1704
1505 1741
1505 1824
1505 1827
1505 1839
1506 1799
1507 1586
1508 1602
1508 1628
1508 1778
1508 1833
1508 1863
1509 1614
1509 1679
1509 1691
1509 1710
1509 1763
1510 1535
1510 1547
1510 1580
1510 1795
1510 1797
1511 1562
1511 1623
1511 1628
1511 1652
1511 1657
1511 1683
1511 1697
1511 1778
1511 1809
1512 1559
1512 1701
1512 1849
1513 1559
1513 1610
1513 1639
1513 1682
1514 1595
1514 1670
1514 1723
1514 1756
1514 1852
1515 1792
1515 1893
1517 1545
1517 1761
1517 1815
1517 1839
1518 1765
1518 1805
1518 1863
1519 1520
1519 1532
1519 1533
1519 1562
1519 1614
1519 1691
1519 1747
1519 1861
1520 1553
1520 1619
1520 1676
1520 1677
1520 1679
1520 1731
1520 1747
1520 1861
1521 1687
1522 1554
1522 1612
1522 1687
1522 1859
1523 1532
1523 1659
1523 1791
1524 1721
1525 1603
1525 1839
1525 1886
1525 1889
1526 1563
1526 1664
1526 1681
1526 1780
1526 1849
1526 1855
1527 1636
1527 1712
1527 1802
1527 1811
1528 1566
1528 1598
1528 1655
1528 1783
1529 1780
1531 1581
1531 1609
1531 1845
1532 1572
1532 1614
1532 1622
1532 1691
1532 1710
1532 1763
1532 1809
1532 1815
1533 1731
1533 1747
1533 1805
1533 1841
1533 1863
1534 1559
1534 1569
1534 1641
1534 1757
1534 1759
1534 1820
1534 1844
1534 1849
1534 1886
1535 1580
1535 1797
1535 1840
1535 1877
1537 1731
1537 1746
1537 1747
1537 1836
1537 1863
1539 1703
1540 1743
1540 1748
1540 1824
1540 1828
1541 1603
1541 1807
1541 1847
1541 1853
1541 1894
1542 1657
1542 1684
1542 1771
1542 1835
1542 1872
1543 1570
1543 1742
1543 1887
1544 1574
1544 1603
1544 1698
1544 1743
1544 1830
1544 1868
1544 1889
1545 1727
1545 1791
1545 1833
1546 1563
1546 1587
1546 1597
1546 1639
1546 1641
1546 1642
1546 1654
1546 1716
1546 1728
1546 1776
1546 1806
1546 1820
1546 1830
1546 1849
1546 1892
1547 1558
1547 1797
1550 1877
1551 1563
1551 1612
1551 1643
1551 1644
1551 1686
1551 1696
1551 1748
1551 1756
1551 1785
1551 1808
1551 1828
1551 1831
1551 1859
1551 1882
1551 1892
1552 1642
1552 1670
1552 1807
1553 1623
1553 1683
1553 1763
1553 1862
1554 1644
1554 1681
1554 1852
1554 1868
1555 1703
1555 1818
1555 1850
1556 1579
1556 1802
1557 1843
1557 1879
1559 1654
1560 1567
1560 1572
1560 1593
1560 1606
1560 1645
1560 1646
1560 1672
1560 1689
1560 1698
1560 1714
1560 1765
1560 1784
1561 1634
1561 1686
1561 1844
1562 1683
1562 1687
1562 1727
1562 1809
1563 1566
1563 1639
1563 1643
1563 1692
1563 1716
1563 1756
1563 1783
1563 1828
1564 1702
1564 1858
1565 1622
1565 1799
1565 1879
1566 1569
1566 1598
1566 1603
1566 1655
1566 1751
1566 1783
1567 1645
1567 1658
1567 1689
1567 1708
1567 1737
1567 1745
1567 1805
1567 1833
1567 1879
1569 1593
1569 1635
1569 1695
1569 1718
1569 1807
1569 1844
1570 1572
1570 1709
1572 1606
1572 1622
1572 1645
1572 1646
1572 1672
1572 1675
1572 1689
1572 1714
1572 1765
1572 1784
1572 1823
1573 1659
1573 1731
1573 1784
1573 1849
1573 1863
1574 1628
1574 1689
1574 1698
1574 1701
1574 1731
1574 1797
1574 1799
1574 1864
1576 1606
1576 1645
1576 1701
1576 1709
1576 1714
1576 1780
1576 1803
1576 1845
1577 1603
1577 1692
1577 1853
1578 1810
1579 1670
1579 1718
1579 1735
1579 1776
1579 1802
1579 1806
1579 1885
1581 1609
1581 1663
1581 1827
1583 1654
1583 1764
1583 1802
1583 1811
1584 1642
1584 1670
1584 1889
1585 1603
1585 1687
1585 1728
1585 1839
1585 1845
1586 1632
1586 1667
1586 1787
1586 1823
1586 1829
1586 1834
1587 1639
1587 1780
1587 1892
1588 1756
1588 1795
1588 1859
1588 1860
1588 1886
1589 1846
1589 1849
1591 1802
1592 1670
1592 1681
1592 1696
1592 1750
1592 1852
1593 1793
1593 1890
1594 1652
1595 1626
1595 1696
1595 1715
1595 1716
1595 1717
1595 1748
1595 1776
1595 1780
1596 1620
1597 1612
1597 1720
1598 1761
1600 1611
1600 1858
1602 1614
1603 1738
1603 1764
1603 1853
1604 1657
1604 1698
1604 1727
1604 1745
1604 1879
1605 1666
1605 1757
1606 1685
1606 1689
1608 1661
1608 1750
1608 1752
1609 1870
1610 1642
1610 1680
1610 1682
1610 1830
1612 1629
1612 1648
1612 1662
1612 1711
1613 1661
1614 1691
1614 1710
1614 1763
1616 1705
1616 1761
1617 1621
1617 1783
1619 1676
1619 1677
1619 1861
1621 1639
1621 1655
1622 1643
1622 1645
1622 1689
1622 1730
1622 1743
1622 1760
1622 1862
1623 1637
1623 1657
1623 1862
1625 1643
1625 1686
1625 1748
1625 1750
1625 1852
1625 1859
1625 1892
1626 1868
1628 1818
1628 1875
1629 1849
1630 1638
1631 1847
1631 1876
1632 1731
1633 1802
1634 1743
1634 1844
1634 1886
1635 1707
1635 1869
1637 1685
1638 1707
1639 1673
1639 1715
1639 1743
1639 1756
1641 1715
1641 1759
1641 1776
1641 1820
1641 1844
1641 1849
1642 1654
1642 1670
1642 1715
1642 1720
1642 1722
1642 1726
1642 1802
1642 1827
1642 1860
1643 1662
1643 1670
1643 1686
1643 1694
1643 1696
1643 1711
1643 1750
1643 1756
1643 1757
1643 1802
1643 1828
1643 1852
1643 1890
1644 1657
1644 1661
1645 1689
1645 1714
1645 1727
1645 1765
1645 1852
1645 1890
1646 1815
1648 1735
1648 1830
1649 1657
1649 1755
1651 1801
1652 1887
1654 1692
1654 1728
1654 1752
1654 1757
1654 1802
1654 1873
1655 1783
1655 1816
1656 1871
1657 1659
1657 1755
1657 1887
1658 1829
1658 1866
1659 1669
1659 1733
1659 1739
1659 1749
1659 1753
1659 1791
1659 1843
1659 1879
1660 1716
1660 1851
1661 1694
1661 1704
1661 1725
1661 1821
1661 1822
1661 1873
1662 1691
1662 1696
1662 1711
1662 1885
1663 1893
1664 1849
1666 1747
1666 1756
1669 1733
1669 1805
1669 1877
1670 1682
1670 1694
1670 1759
1670 1786
1670 1852
1670 1889
1671 1682
1671 1730
1671 1802
1672 1689
1672 1708
1672 1709
1672 1739
1672 1753
1672 1765
1672 1799
1672 1803
1672 1814
1672 1848
1672 1864
1673 1735
1676 1677
1676 1861
1677 1861
1678 1698
1680 1830
1681 1688
1681 1694
1681 1767
1681 1821
1681 1871
1681 1895
1682 1730
1684 1765
1684 1769
1685 1708
1685 1774
1685 1784
1685 1815
1686 1696
1686 1748
1686 1750
1686 1804
1686 1807
1686 1852
1686 1859
1686 1892
1687 1845
1689 1698
1689 1708
1689 1739
1689 1765
1689 1770
1689 1784
1689 1799
1691 1710
1691 1763
1692 1776
1693 1819
1694 1696
1694 1711
1694 1791
1694 1852
1694 1890
1695 1802
1695 1811
1696 1711
1696 1750
1696 1852
1697 1778
1697 1879
1698 1713
1698 1729
1698 1814
1698 1864
1698 1874
1699 1709
1699 1753
1700 1711
1700 1858
1702 1855
1703 1775
1703 1850
1704 1822
1705 1761
1705 1869
1708 1714
1708 1778
1708 1784
1708 1837
1708 1885
1709 1749
1709 1753
1709 1823
1710 1723
1710 1763
1710 1769
1710 1809
1710 1832
1711 1750
1711 1890
1712 1728
1713 1714
1713 1785
1716 1743
1716 1830
1718 1752
1718 1780
1718 1802
1719 1843
1720 1891
1721 1746
1723 1746
1723 1747
1723 1818
1723 1861
1724 1832
1724 1848
1724 1887
1727 1731
1727 1815
1727 1840
1727 1850
1729 1814
1729 1840
1730 1759
1731 1747
1731 1753
1731 1863
1733 1739
1733 1749
1733 1753
1733 1791
1735 1794
1735 1805
1735 1822
1736 1768
1737 1848
1738 1790
1738 1827
1738 1870
1739 1749
1739 1753
1739 1784
1739 1843
1740 1776
1740 1806
1742 1780
1745 1751
1745 1804
1745 1829
1745 1843
1745 1879
1747 1805
1747 1863
1748 1756
1748 1785
1748 1807
1748 1831
1748 1859
1748 1876
1749 1753
1749 1769
1749 1816
1749 1879
1750 1804
1750 1826
1750 1852
1750 1859
1751 1790
1751 1816
1752 1802
1752 1807
1752 1871
1753 1816
1753 1879
1756 1757
1756 1759
1757 1759
1757 1831
1757 1890
1759 1881
1760 1777
1761 1839
1761 1849
1761 1868
1761 1869
1762 1869
1763 1765
1763 1809
1763 1832
1764 1777
1764 1868
1764 1885
1765 1767
1765 1803
1765 1809
1765 1848
1767 1821
1767 1838
1767 1871
1768 1825
1768 1840
1769 1862
1770 1837
1772 1840
1772 1868
1774 1895
1775 1850
1776 1807
1776 1872
1777 1795
1777 1803
1780 1785
1780 1847
1780 1885
1784 1799
1784 1833
1784 1885
1785 1831
1789 1868
1789 1892
1790 1827
1790 1870
1791 1795
1791 1805
1791 1887
1795 1859
1797 1843
1797 1877
1799 1803
1799 1851
1803 1835
1803 1848
1804 1822
1804 1852
1804 1885
1805 1856
1805 1863
1807 1871
1814 1833
1814 1840
1815 1850
1818 1875
1818 1877
1818 1878
1822 1844
1823 1825
1823 1829
1826 1860
1827 1830
1827 1870
1830 1849
1831 1868
1831 1885
1832 1833
1832 1887
1833 1897
1836 1850
1838 1871
1838 1882
1838 1895
1843 1879
1844 1845
1847 1876
1848 1864
1849 1859
1849 1874
1852 1859
1852 1890
1854 1881
1855 1858
1859 1860
1867 1879
1871 1885
1872 1886
1875 1878
1883 1887
