#num-nodes
291
#num-links
1136
#links
0 60
0 62
0 138
0 142
0 146
0 164
0 170
0 206
0 231
0 245
1 57
1 75
1 111
1 130
1 138
2 18
2 131
2 161
2 252
3 47
3 51
3 196
4 26
4 34
4 38
4 39
4 55
4 85
4 99
4 102
4 155
4 159
4 165
4 194
5 19
5 24
5 26
5 35
5 68
5 118
5 135
5 162
5 173
5 203
6 30
6 32
6 111
6 140
6 161
6 185
7 38
7 72
7 132
7 147
7 166
7 174
7 203
7 234
8 12
8 47
8 55
8 56
8 63
8 64
8 68
8 77
8 92
8 103
8 107
8 113
8 135
8 186
9 18
9 26
9 41
9 53
9 86
9 100
9 107
9 132
9 139
9 148
9 163
9 182
9 184
9 201
9 252
11 36
11 40
11 54
11 77
11 84
11 100
11 116
11 178
12 77
12 113
12 121
12 135
12 172
12 202
12 233
13 160
14 17
14 19
14 23
14 42
14 47
14 56
14 122
14 134
14 151
14 167
14 205
14 227
15 24
15 28
15 30
15 38
15 69
15 97
15 112
15 174
15 188
16 40
16 82
16 131
16 164
16 198
17 24
17 206
18 41
18 71
18 72
18 86
18 100
18 117
18 131
18 132
18 139
18 147
18 161
18 166
18 178
18 198
19 25
19 146
20 49
20 110
20 139
20 155
20 173
20 184
21 24
21 63
21 133
21 153
24 26
24 34
24 55
24 68
24 102
24 123
24 127
24 133
24 134
24 153
24 165
24 183
24 195
24 239
25 37
25 39
25 42
25 55
25 74
25 76
25 106
25 196
25 205
26 43
26 63
26 123
26 162
26 194
27 29
27 36
27 47
27 155
28 30
28 38
28 41
28 52
28 60
28 71
28 97
28 140
28 145
28 154
28 164
28 174
28 180
28 183
28 188
28 192
28 203
29 56
29 81
29 97
29 114
29 119
29 140
29 159
29 172
29 202
30 86
30 97
30 154
30 164
30 183
31 42
31 45
31 54
31 55
31 104
31 109
31 110
31 115
31 128
31 134
31 160
31 175
31 190
32 39
32 51
32 54
32 75
32 80
32 108
32 185
33 87
33 117
34 55
34 63
34 102
34 133
34 153
34 165
34 192
35 160
35 192
36 77
36 84
36 89
36 125
36 144
36 153
36 195
37 52
37 70
37 83
37 90
37 99
37 108
37 115
37 140
37 160
37 165
37 175
37 186
37 190
38 51
38 69
38 71
38 73
38 82
38 85
38 93
38 112
38 130
38 142
38 154
38 174
38 185
38 188
38 191
38 194
38 203
39 76
39 92
39 101
39 103
39 108
39 116
39 165
39 180
39 182
39 185
39 188
40 88
40 140
40 144
40 154
40 181
41 53
41 55
41 77
41 84
41 100
41 107
41 117
41 132
41 139
41 201
41 285
42 45
42 56
42 66
42 127
42 141
42 165
42 167
42 205
43 87
43 89
43 136
43 147
43 166
43 201
44 92
44 97
44 101
45 102
45 110
45 115
45 128
45 134
45 156
45 202
46 65
47 56
47 86
47 122
47 151
47 167
47 169
47 190
47 205
47 237
49 198
50 141
50 148
50 181
50 198
50 247
51 111
52 81
52 140
52 144
52 149
53 77
53 84
53 86
53 89
53 107
53 163
53 178
53 182
53 184
53 201
53 272
54 80
54 101
54 173
54 184
55 63
55 64
55 68
55 78
55 109
55 110
55 118
55 210
56 93
56 96
56 98
56 113
56 167
56 169
56 175
57 116
57 138
57 192
57 239
58 194
58 237
59 173
59 184
60 71
60 112
60 140
60 145
60 154
60 174
60 231
61 87
62 78
62 91
62 123
62 137
62 159
62 186
62 206
63 66
63 94
63 110
63 115
63 133
63 153
63 164
63 165
64 70
64 83
64 107
64 138
64 151
64 178
64 199
65 98
65 105
65 142
65 146
66 74
66 94
66 99
66 115
66 141
66 162
66 165
66 195
67 70
68 86
68 118
68 133
68 135
68 182
68 196
69 85
69 112
69 181
69 188
69 203
70 82
70 102
70 199
71 85
71 90
71 137
71 138
71 142
71 181
71 193
72 100
72 117
72 139
72 163
72 178
73 93
73 105
73 113
73 206
74 99
74 110
74 115
74 158
74 162
74 196
76 83
76 91
76 120
76 128
76 155
76 170
76 190
77 107
77 118
77 201
77 227
77 250
78 79
78 113
78 121
78 123
78 145
78 154
78 159
78 194
79 123
79 139
79 187
79 196
81 91
81 107
81 114
81 140
81 144
81 154
81 160
81 172
81 174
81 183
81 190
81 237
81 287
82 114
82 117
82 124
82 125
82 130
82 174
83 104
83 138
83 169
83 192
83 205
84 89
84 134
84 147
84 163
84 182
84 198
84 201
84 285
85 90
85 142
85 203
86 121
86 124
86 129
86 140
86 164
87 107
87 166
88 136
88 140
89 100
89 107
89 114
89 147
89 163
89 166
89 182
89 198
89 201
90 137
90 195
91 151
91 159
91 168
91 186
91 188
91 206
92 101
92 108
92 110
92 117
93 105
93 123
93 144
94 96
94 102
94 115
94 128
94 165
94 168
94 195
95 187
96 110
96 134
96 195
97 112
97 114
97 125
97 140
97 154
97 183
97 191
97 210
98 201
99 109
99 110
99 128
99 175
99 190
100 132
100 139
100 152
100 163
100 173
100 178
100 191
100 201
100 285
101 108
101 198
102 115
102 165
104 110
104 115
104 116
104 134
106 109
106 155
106 178
106 196
106 226
107 135
107 140
107 182
107 201
107 280
108 109
108 161
108 165
108 170
108 185
108 188
108 259
109 128
109 145
109 158
109 190
109 196
110 115
110 116
110 120
110 128
110 134
110 158
110 160
110 205
111 118
111 188
112 124
112 154
112 174
112 181
112 191
112 194
112 203
113 121
113 145
113 150
113 202
114 130
114 154
115 157
115 175
116 117
116 154
116 155
116 183
116 190
117 132
117 139
117 148
117 176
118 125
118 133
118 135
118 153
118 164
118 176
118 178
119 141
119 144
119 162
119 164
119 174
120 192
121 157
121 164
121 194
121 202
122 151
122 167
122 169
123 158
123 159
123 170
123 174
123 206
124 160
124 174
124 181
124 191
124 228
126 164
127 153
127 195
128 175
128 190
129 183
130 239
130 288
131 139
131 161
131 163
132 139
132 173
133 153
134 157
134 202
134 237
135 156
135 186
135 252
136 166
136 185
136 201
137 153
137 170
137 178
138 164
138 192
139 161
139 163
139 285
140 149
140 154
140 159
140 162
140 165
140 186
140 194
140 239
141 150
141 162
141 165
141 187
141 199
142 181
142 214
144 183
145 157
145 164
145 180
146 152
146 159
146 172
146 186
146 206
147 163
147 166
149 183
150 187
150 190
151 167
151 169
151 205
152 168
153 183
153 195
154 174
154 250
154 287
155 159
155 163
155 184
155 194
155 198
157 272
158 206
159 186
159 194
159 206
160 175
161 167
161 188
162 165
162 187
163 166
163 178
163 193
164 195
164 228
165 194
167 205
168 172
168 179
168 180
169 202
169 205
172 202
173 193
174 191
174 194
174 203
176 197
181 191
181 203
182 195
182 198
182 201
183 186
183 191
183 196
183 231
184 185
184 272
186 206
188 191
188 268
191 203
193 197
193 204
194 203
197 204
201 210
201 285
207 216
207 242
207 247
207 258
207 280
207 284
207 288
208 230
208 231
208 234
208 239
208 257
208 259
208 260
208 266
208 277
208 280
209 215
209 220
209 224
209 242
209 260
209 262
209 274
209 277
210 215
210 216
210 225
210 227
210 250
211 234
211 261
211 277
211 280
212 216
212 226
212 241
212 265
212 281
213 220
213 222
213 228
213 245
213 264
213 265
213 279
213 281
214 247
214 272
214 282
215 216
215 220
215 224
215 227
215 231
215 246
215 250
215 252
215 260
215 273
215 277
215 280
215 285
215 287
216 225
216 227
216 231
216 232
216 245
216 247
216 250
216 272
216 288
217 228
217 249
217 256
217 283
218 230
218 231
218 238
218 247
218 263
218 268
218 277
218 286
218 287
219 242
219 244
219 258
219 267
219 279
219 283
219 284
220 224
220 229
220 232
220 236
220 260
220 262
220 266
220 274
220 276
220 277
220 280
221 223
221 242
221 243
221 245
221 248
221 252
221 258
221 267
221 273
221 278
223 225
223 241
223 242
223 243
223 244
223 248
223 258
223 265
223 267
223 272
223 273
223 284
223 288
224 229
224 234
224 246
224 260
224 263
224 268
224 276
224 277
224 280
224 286
225 244
225 250
225 254
225 289
226 243
226 248
226 260
226 264
226 278
226 279
226 289
227 250
227 253
227 285
227 287
228 231
228 249
228 256
228 258
228 264
229 263
229 268
229 276
230 231
230 234
230 255
230 257
230 280
231 232
231 234
231 236
231 239
231 246
231 247
231 259
231 275
232 233
232 235
232 259
233 247
233 251
233 255
233 261
233 276
233 290
234 246
234 260
234 274
234 280
235 236
235 260
237 241
237 261
237 269
237 273
237 278
237 279
238 286
238 287
239 245
239 248
239 251
239 277
239 280
241 243
241 245
241 248
241 261
241 264
241 269
241 273
241 278
241 281
242 244
242 248
242 249
242 258
242 267
242 279
242 284
242 288
243 248
243 264
243 267
243 279
244 253
244 258
244 264
244 265
244 267
244 281
244 288
245 258
245 269
245 279
245 288
246 260
246 287
247 260
247 277
247 280
248 256
248 258
248 269
248 278
248 281
248 282
249 252
249 264
249 279
249 280
250 253
250 284
251 253
251 290
252 256
252 258
252 288
253 290
255 276
256 266
256 269
256 279
258 273
258 279
258 283
258 284
258 288
259 275
260 262
260 263
260 267
260 268
260 276
260 277
260 287
260 290
261 273
261 281
262 275
262 280
263 268
263 276
263 286
264 267
264 278
264 279
265 267
265 284
266 272
266 274
267 272
267 273
267 279
267 283
267 284
267 288
268 276
268 277
268 286
268 287
269 273
269 278
271 273
271 278
272 279
272 281
273 278
276 281
276 286
276 287
277 280
279 280
279 283
280 286
280 288
282 285
283 284
286 287
