#num-nodes
569
#num-links
2688
#links
0 474
1 83
1 101
1 133
1 306
2 35
2 43
2 76
2 92
2 146
2 273
2 299
2 528
3 20
3 37
3 38
3 77
3 97
3 100
3 106
3 123
3 227
3 237
3 238
4 7
4 20
4 37
4 38
4 66
4 84
4 94
4 106
4 113
4 114
4 164
4 177
4 190
4 214
4 235
4 237
4 245
4 266
4 299
4 308
5 17
5 42
5 76
5 171
5 175
5 209
5 212
5 225
5 232
5 287
5 308
5 318
6 24
6 140
6 186
6 195
6 312
7 32
7 66
7 84
7 113
7 114
7 229
7 245
7 295
7 299
8 14
8 134
8 140
8 159
8 170
8 239
8 253
8 294
9 22
9 65
9 102
9 135
9 151
9 256
9 280
9 310
10 11
10 123
10 152
10 169
10 194
10 200
10 252
10 282
10 357
10 435
11 27
11 147
11 194
11 243
11 252
11 263
11 282
11 290
11 487
11 494
12 36
12 95
12 105
12 176
12 242
12 284
12 312
12 520
13 23
13 32
13 137
13 216
13 229
13 263
13 273
13 274
13 305
14 63
14 124
14 314
14 568
15 101
15 104
15 128
15 226
15 294
15 473
16 21
16 122
16 210
16 241
17 22
17 42
17 85
17 92
17 156
17 171
17 178
17 212
17 244
17 257
17 318
18 72
18 78
18 130
18 187
18 289
18 297
18 320
18 352
18 466
19 39
19 55
19 101
19 254
19 305
19 320
20 35
20 38
20 40
20 84
20 113
20 117
20 164
20 211
20 214
20 216
20 235
20 249
20 273
20 319
20 370
21 173
21 203
21 568
22 35
22 150
22 151
22 191
23 32
23 38
23 40
23 90
23 94
23 207
23 229
23 235
23 299
24 68
24 180
24 195
24 262
24 281
25 143
25 147
25 152
25 155
25 186
25 195
25 233
26 144
26 212
26 219
26 222
26 229
26 288
26 307
26 310
27 29
27 72
27 147
27 226
27 520
28 120
28 250
28 253
28 329
29 70
29 110
29 147
29 290
29 520
30 66
30 190
30 207
30 223
30 233
30 264
30 274
31 69
31 189
31 209
31 218
32 38
32 72
32 133
32 145
32 250
33 98
33 99
33 175
33 178
33 183
33 212
33 230
33 244
33 269
33 296
33 297
33 568
34 98
34 112
34 156
34 163
34 175
34 241
34 250
34 568
35 102
35 115
35 119
35 138
35 167
35 180
35 232
35 256
35 316
35 354
35 540
36 58
36 61
36 136
36 145
36 164
36 237
36 299
36 319
37 38
37 40
37 66
37 92
37 113
37 114
37 164
37 214
37 223
37 237
37 266
37 287
37 293
37 299
37 300
37 319
38 48
38 51
38 94
38 123
38 136
38 164
38 190
38 235
38 237
38 249
38 266
38 285
38 291
39 81
39 83
39 126
39 138
40 106
40 164
40 177
40 184
40 211
40 245
40 249
40 272
41 56
41 175
41 263
41 474
41 568
42 85
42 127
42 171
42 175
42 178
42 244
42 257
42 301
43 120
43 129
43 268
43 287
43 302
44 68
44 100
44 135
44 280
44 287
44 302
44 465
45 47
45 150
45 157
45 158
45 167
45 255
45 283
45 302
45 310
46 149
46 183
46 350
47 53
47 62
47 146
47 153
47 158
47 179
47 181
47 182
47 201
47 203
47 206
47 217
47 255
47 312
48 51
48 52
48 54
48 55
48 77
48 154
48 159
48 162
48 180
48 184
48 190
48 235
48 292
48 320
49 76
49 90
49 93
49 102
49 180
49 225
49 287
49 302
49 312
50 63
50 215
50 251
50 314
51 52
51 54
51 134
51 164
51 204
51 226
51 294
51 316
52 54
52 134
52 154
52 197
52 204
52 226
52 294
53 78
53 85
53 109
53 113
53 116
53 133
53 182
53 185
53 199
53 246
53 278
53 313
54 134
54 164
54 204
54 226
54 251
54 261
54 294
55 159
55 184
55 238
55 254
55 261
56 82
56 90
56 109
56 125
56 162
56 198
56 263
56 305
56 317
56 329
56 428
56 467
56 568
57 60
57 67
57 72
58 61
58 72
58 77
58 78
58 145
58 238
58 254
58 295
58 319
59 259
60 67
60 289
60 414
60 423
60 466
60 478
60 490
60 548
61 92
61 107
61 111
61 114
61 145
61 207
61 229
61 245
61 264
61 266
61 308
61 319
62 91
62 124
62 133
62 158
62 201
62 246
63 98
63 142
63 212
63 215
63 228
63 241
63 288
63 297
64 131
64 220
64 224
64 257
65 135
65 158
65 201
65 203
65 240
65 280
65 310
65 363
66 94
66 106
66 190
66 207
66 223
66 247
66 285
66 299
67 478
67 490
68 132
68 139
68 142
68 144
68 228
68 231
68 250
68 281
68 454
69 93
69 108
69 213
69 242
69 253
70 104
70 128
70 152
70 193
70 194
70 252
70 315
70 482
71 134
71 146
71 187
71 264
71 289
71 466
72 78
72 145
72 207
72 219
72 237
72 264
72 274
73 99
73 112
74 102
74 143
74 262
75 139
75 169
75 184
75 205
75 292
75 317
76 92
76 103
76 120
76 156
76 191
76 232
76 244
76 247
76 248
76 258
76 280
76 287
76 302
76 308
76 422
77 94
77 180
77 184
77 214
77 262
77 292
77 300
78 179
78 251
78 263
78 480
78 558
79 118
79 121
79 172
79 199
79 203
79 215
79 218
79 219
79 222
79 224
79 251
79 279
79 296
79 297
80 153
80 158
80 172
80 311
81 83
81 176
81 284
82 198
82 305
83 105
83 138
83 191
83 202
83 284
83 307
84 100
84 114
84 119
84 125
84 136
84 207
84 235
84 238
84 245
84 299
85 112
85 127
85 156
85 163
85 166
85 247
85 257
85 313
86 215
87 203
87 216
87 255
87 279
87 283
87 291
87 540
88 125
88 142
88 146
88 157
88 168
88 196
88 221
88 222
88 228
88 260
89 220
89 228
89 271
89 311
90 119
90 185
90 197
90 213
90 218
90 492
91 121
91 201
91 217
91 219
91 246
91 269
91 363
92 115
92 129
92 180
92 232
92 248
92 287
92 302
93 148
93 185
93 213
93 218
93 241
93 267
93 286
93 313
94 164
94 235
94 262
94 299
94 350
95 126
95 142
95 148
95 222
95 260
95 312
96 314
97 164
97 227
97 261
97 274
98 154
98 183
98 184
98 203
98 241
98 251
98 261
98 288
98 292
98 296
98 297
99 107
99 112
99 183
99 269
100 123
100 273
101 117
101 133
101 234
101 297
102 138
102 144
102 151
102 163
102 191
102 229
102 256
102 259
102 262
102 275
102 287
102 316
103 115
103 137
103 165
103 240
103 248
103 258
104 128
104 130
104 193
104 197
104 223
104 253
104 315
105 112
105 142
105 154
105 176
105 184
105 211
105 241
105 261
105 284
105 287
105 292
105 313
105 314
105 340
106 107
106 109
106 113
106 114
106 119
106 145
106 229
106 272
106 558
107 113
107 114
107 145
107 211
107 216
107 264
107 273
107 446
107 561
108 182
109 133
109 263
109 275
109 295
109 305
109 317
111 125
111 190
111 214
111 251
111 254
112 210
112 250
112 283
112 313
113 114
113 214
113 229
113 237
113 245
113 273
113 299
113 300
113 319
114 115
114 125
114 145
114 168
114 207
114 229
114 245
114 255
114 266
114 273
114 299
114 303
115 156
115 165
115 168
115 219
115 240
115 246
115 248
115 287
115 446
116 176
116 185
116 199
116 224
116 276
116 286
117 142
117 214
117 220
117 225
117 228
117 245
117 276
117 301
117 302
117 306
117 320
117 340
118 121
118 203
118 277
118 279
118 288
118 304
119 416
120 144
120 170
120 221
120 268
121 172
121 196
121 203
121 206
121 269
121 279
121 291
121 304
121 363
122 158
122 210
122 215
122 269
122 279
122 297
122 540
123 131
123 162
123 205
123 233
123 234
123 237
123 264
123 266
123 274
124 310
125 162
125 200
125 226
125 299
125 303
126 148
126 164
126 199
126 224
126 227
126 260
127 143
127 156
127 171
127 209
127 212
127 225
127 240
127 244
127 301
127 318
128 193
128 197
128 315
129 232
129 287
129 299
130 133
130 197
130 221
130 251
130 303
132 142
132 146
132 296
133 165
133 198
133 234
133 260
133 296
133 320
134 261
134 294
134 307
135 151
135 165
135 179
135 248
135 280
135 310
135 363
136 235
136 238
137 170
137 196
137 219
137 472
138 180
138 202
138 262
138 281
138 287
138 313
138 316
138 465
139 189
139 195
139 231
139 238
140 170
140 181
140 195
140 218
142 148
142 160
142 191
142 199
142 222
142 228
142 241
142 260
142 267
142 281
143 163
143 174
143 186
143 233
143 240
143 441
144 161
144 163
144 196
144 208
144 221
144 222
144 240
144 294
144 307
145 177
145 180
145 211
145 235
145 366
145 477
146 148
146 157
146 203
146 206
146 218
146 222
146 246
147 169
147 243
147 282
147 290
147 487
147 520
148 162
148 188
148 210
148 220
148 224
148 228
148 260
148 267
148 297
149 261
150 363
151 179
151 201
151 222
151 232
151 280
151 363
152 194
152 263
152 305
153 165
153 191
153 206
153 221
153 222
153 275
154 184
154 291
154 292
154 296
155 186
155 217
155 277
156 165
156 175
156 178
156 209
156 212
156 225
156 240
156 247
156 248
156 258
156 296
156 301
156 310
156 318
157 165
157 168
157 230
157 247
157 520
158 168
158 206
158 209
158 219
158 240
158 244
158 246
158 280
158 291
158 310
159 164
159 177
159 285
160 220
160 241
160 271
161 163
161 183
161 208
161 221
162 184
162 214
162 233
162 237
162 249
162 305
162 306
162 389
163 174
163 221
163 222
163 478
164 216
164 227
164 249
164 285
164 292
164 296
164 300
164 319
165 209
165 225
165 240
165 247
165 248
165 280
165 302
165 308
165 472
167 231
167 255
167 278
167 313
168 228
168 240
168 303
168 307
168 450
170 181
170 316
171 225
171 244
172 215
172 279
173 250
173 269
174 186
174 195
174 221
175 178
175 212
175 220
175 230
175 255
175 257
175 269
175 567
175 568
176 284
176 287
176 302
177 189
177 211
177 429
178 209
178 212
178 225
178 244
178 269
179 181
179 221
179 280
179 316
180 202
180 232
180 262
180 281
180 287
180 308
180 354
181 195
181 197
181 218
181 316
182 313
182 558
183 184
183 188
183 257
183 261
183 296
183 568
184 261
184 274
184 291
184 292
184 295
184 306
184 320
184 350
185 213
185 267
185 286
186 195
186 233
186 240
186 246
187 251
187 289
187 466
188 209
188 224
188 230
188 260
188 310
189 190
189 195
189 303
190 214
190 272
190 486
191 225
191 231
191 256
191 259
191 275
192 320
193 253
193 288
193 311
193 315
194 243
194 252
194 282
194 487
195 233
195 454
196 228
196 240
197 231
197 239
197 242
197 243
197 311
197 316
197 492
197 548
197 552
198 305
198 320
199 224
199 276
199 296
200 234
200 295
200 535
201 217
201 277
201 291
201 310
201 363
202 262
202 287
202 302
202 346
202 465
203 218
203 279
203 283
203 291
203 296
203 297
203 304
203 314
204 261
204 294
204 332
204 338
206 219
206 246
206 265
207 229
207 369
208 221
209 212
209 225
209 230
209 232
209 240
209 247
209 296
209 301
209 318
210 215
210 269
210 286
210 297
211 235
211 238
211 249
212 225
212 248
212 296
212 300
212 308
212 318
213 267
213 281
213 286
213 313
214 223
214 234
214 237
214 266
214 267
214 299
214 303
214 305
214 319
215 269
215 276
215 288
216 238
216 249
216 273
216 291
217 246
217 363
218 302
219 240
219 246
219 540
220 271
221 222
221 307
222 228
222 265
222 307
222 437
223 227
223 234
224 225
224 227
224 276
225 240
225 248
225 257
226 234
226 261
226 294
226 302
226 303
227 261
227 300
227 306
228 247
228 250
228 260
228 275
228 281
228 300
228 318
228 450
228 489
229 245
229 256
229 259
229 264
229 287
229 295
229 299
229 303
230 257
230 269
230 296
231 275
231 278
231 281
231 465
232 287
232 302
232 436
232 528
233 299
233 404
233 520
234 251
234 263
234 320
235 249
235 285
235 306
235 450
237 266
237 293
237 305
238 245
238 266
238 308
239 242
240 248
240 258
241 251
241 267
241 271
241 297
241 314
242 281
243 252
243 263
243 272
243 282
243 331
243 435
243 439
243 487
244 247
244 301
244 310
245 293
245 300
245 319
246 540
247 248
247 302
247 310
247 528
248 258
248 308
250 287
250 297
251 289
251 296
251 297
251 320
251 434
251 558
252 282
252 435
253 311
254 295
254 300
255 273
256 259
256 275
258 306
258 310
259 275
259 302
259 308
260 312
260 316
260 340
261 274
261 292
261 296
261 300
261 314
261 320
261 413
262 281
262 287
262 313
263 295
263 305
264 285
264 299
264 319
264 494
265 278
267 286
268 276
269 276
269 472
271 311
273 299
274 293
274 320
275 278
275 287
275 308
277 279
277 309
277 540
278 281
278 313
279 291
279 312
279 540
280 302
280 310
280 363
281 309
282 290
282 435
282 487
282 520
283 291
284 286
284 287
285 450
285 487
286 297
286 314
287 302
287 308
287 312
288 315
288 436
289 466
290 435
290 520
291 292
291 296
291 310
291 340
292 295
292 296
292 320
293 320
293 340
294 314
295 299
296 297
296 350
296 371
296 542
299 303
299 319
300 306
300 319
300 320
301 318
302 308
302 312
302 318
302 465
303 475
304 315
306 389
307 479
307 483
308 318
310 528
316 403
316 506
316 508
320 338
321 331
321 350
321 371
321 388
321 460
321 493
321 514
321 549
322 342
322 355
322 362
322 379
322 385
322 422
322 427
322 433
322 459
322 467
322 477
322 508
322 532
322 537
322 555
322 557
323 340
323 506
323 562
324 381
324 403
324 452
324 457
324 470
324 549
325 332
325 338
325 362
325 369
325 381
325 403
325 422
325 452
325 477
325 483
325 508
325 524
326 346
326 357
326 371
326 387
326 440
326 462
326 496
326 498
326 501
326 519
326 521
326 543
326 553
326 554
327 331
327 397
327 439
327 487
327 515
328 331
328 373
328 377
328 426
328 456
328 462
328 491
328 541
328 546
328 554
328 560
329 393
329 411
329 428
329 467
329 474
329 555
330 352
330 396
330 413
330 426
330 461
330 464
330 527
330 546
330 547
331 336
331 397
331 398
331 435
331 439
331 487
331 515
332 333
332 362
332 369
332 387
332 404
332 432
332 438
332 448
332 471
332 480
332 514
332 538
332 566
333 338
333 362
333 372
333 471
333 473
333 552
334 369
334 412
334 422
334 426
334 436
334 485
334 521
334 525
334 559
334 563
336 353
336 357
336 439
336 531
337 439
337 484
338 362
338 376
338 384
338 387
338 404
338 432
338 438
338 448
338 460
338 471
338 514
338 529
339 380
339 430
339 432
339 448
339 470
339 476
339 488
339 516
339 529
340 343
340 345
340 418
340 419
341 350
341 368
341 414
341 455
341 458
341 511
341 522
341 548
341 552
341 566
342 343
342 355
342 372
342 379
342 390
342 416
342 417
342 418
342 422
342 433
342 438
342 468
342 497
342 511
342 532
342 544
342 555
342 557
343 355
343 364
343 447
343 467
343 506
344 391
344 399
344 412
344 436
344 445
344 451
344 454
344 457
344 462
344 479
344 533
344 542
344 553
344 564
345 350
345 447
345 467
345 516
345 537
345 567
346 394
346 412
346 489
346 498
346 500
346 502
346 530
346 533
346 542
346 565
347 400
347 441
347 463
347 489
347 495
347 517
347 527
348 360
348 381
348 400
348 456
348 482
348 496
348 501
349 413
349 442
349 500
349 530
350 379
350 388
350 422
350 449
350 488
350 544
351 378
351 391
351 408
351 457
351 479
351 486
351 491
351 495
351 510
351 521
351 542
352 386
352 461
352 522
352 525
352 527
352 552
352 554
352 564
353 435
353 464
353 531
354 359
354 372
354 416
354 434
354 476
354 477
354 481
354 532
354 555
354 558
354 561
355 372
355 385
355 386
355 390
355 410
355 418
355 422
355 433
355 448
355 449
355 476
355 484
355 508
355 537
355 551
355 557
356 366
356 403
356 461
356 464
356 488
356 492
357 358
357 360
357 377
357 440
357 501
357 534
357 543
357 554
358 414
358 478
358 538
358 566
359 381
359 385
359 411
359 416
359 433
359 459
359 468
359 476
359 481
359 483
359 508
359 523
360 377
360 394
360 400
360 440
360 482
360 493
360 496
360 501
360 534
361 395
361 492
361 500
361 522
361 535
361 552
361 565
362 364
362 369
362 387
362 397
362 404
362 438
362 471
362 473
362 499
362 529
362 532
364 381
364 387
364 430
364 471
364 499
364 514
364 526
364 549
365 370
365 432
365 470
365 490
365 497
365 504
365 506
365 544
366 401
366 403
366 415
366 422
366 429
366 468
366 476
366 477
366 480
366 558
367 372
367 383
367 391
367 429
367 436
367 437
367 446
367 451
367 462
367 505
367 513
367 553
367 561
367 563
368 414
368 422
368 443
368 548
369 380
369 461
369 464
369 471
369 504
370 372
370 404
370 504
370 513
371 373
371 412
371 453
371 455
371 498
371 517
371 538
371 542
371 545
372 380
372 386
372 401
372 473
372 506
372 513
372 526
372 562
373 429
373 507
373 534
373 535
373 545
373 554
375 376
375 380
375 392
375 404
375 409
375 421
375 431
375 455
375 462
375 463
375 486
375 536
375 538
375 563
376 381
376 392
376 399
376 404
376 421
376 454
376 513
376 536
376 563
377 391
377 407
377 462
377 503
377 514
377 550
377 554
378 383
378 412
378 436
378 451
378 457
378 485
378 517
378 521
378 533
378 542
379 388
379 410
379 422
379 427
379 438
379 459
379 467
379 470
379 488
379 508
379 526
379 544
380 392
380 401
380 430
380 432
380 504
380 529
381 386
381 392
381 404
381 421
381 504
381 508
381 529
381 532
381 536
381 563
382 409
382 513
382 533
383 408
383 412
383 436
383 442
383 451
383 453
383 485
383 502
383 510
383 517
383 536
383 541
383 542
383 553
383 554
383 563
384 432
384 460
384 499
384 508
385 386
385 390
385 410
385 411
385 433
385 508
385 557
386 403
386 433
386 468
386 508
386 562
387 404
387 471
387 499
387 501
388 448
388 459
388 460
388 461
390 410
390 446
390 508
390 561
391 399
391 451
391 453
391 457
391 462
391 479
391 510
391 542
391 553
391 563
392 404
392 421
392 536
392 538
392 566
393 411
393 422
393 428
393 438
393 446
393 449
393 469
393 471
393 558
393 561
394 396
394 505
394 530
394 536
394 562
394 564
395 405
395 535
395 551
396 413
396 463
396 554
396 564
397 399
397 439
397 462
397 495
397 499
397 501
397 515
397 556
398 421
398 439
398 440
398 491
398 494
398 499
398 501
398 513
398 556
399 421
399 451
399 456
399 462
399 479
399 491
399 495
399 510
399 519
399 534
399 553
400 412
400 413
400 436
400 440
400 441
400 456
400 482
400 493
400 496
400 501
400 510
400 517
400 519
400 542
401 448
401 474
401 476
401 516
401 566
402 460
402 486
402 524
402 558
403 411
403 460
403 461
403 464
403 562
404 438
404 471
404 472
404 499
404 514
404 529
404 537
404 552
405 406
405 476
405 511
405 535
405 551
405 552
406 445
406 448
406 476
407 456
407 472
407 494
407 495
407 505
407 512
407 541
408 409
408 412
408 422
408 436
408 445
408 453
408 467
408 513
408 514
408 533
408 541
408 542
408 559
409 412
409 421
409 453
409 485
409 494
409 521
409 536
409 542
410 411
410 422
410 433
410 508
410 509
410 539
410 542
410 557
411 417
411 418
411 422
411 428
411 433
411 459
411 468
411 532
411 555
411 561
412 421
412 431
412 436
412 451
412 453
412 457
412 485
412 521
412 533
412 542
412 559
412 563
413 453
413 500
413 502
413 517
413 523
413 554
414 476
414 478
414 488
414 538
414 548
414 566
415 434
415 474
415 480
415 492
415 516
415 552
415 558
416 476
416 481
416 508
416 532
416 536
416 539
416 557
417 422
417 433
417 476
417 477
417 497
417 508
417 517
417 532
418 419
418 427
418 434
418 446
418 449
418 473
418 561
419 434
419 449
421 437
421 451
421 454
421 462
421 486
421 519
421 536
422 427
422 433
422 436
422 448
422 459
422 468
422 470
422 476
422 477
422 483
422 485
422 508
422 513
422 516
422 526
422 532
422 555
422 557
422 559
423 486
423 490
424 482
424 515
425 527
426 527
426 546
427 433
427 468
427 477
427 508
427 526
427 557
428 467
428 474
428 555
428 567
429 463
429 498
429 507
429 523
429 545
429 561
430 529
430 555
431 436
431 451
431 457
431 485
431 510
431 513
431 536
431 542
431 563
432 434
432 462
432 471
432 497
433 450
433 459
433 477
433 488
433 508
433 509
433 532
433 537
433 557
433 561
434 480
435 477
435 484
436 444
436 451
436 457
436 468
436 479
436 485
436 513
436 517
436 523
436 528
436 532
436 533
436 542
436 559
436 563
437 463
437 509
437 510
437 525
437 554
437 564
438 464
438 471
438 514
438 529
439 487
439 515
440 445
440 501
440 519
440 530
440 534
440 543
441 445
441 454
441 463
441 485
441 491
441 521
441 525
441 534
441 542
441 563
441 564
442 510
443 452
443 455
443 503
444 451
444 457
445 507
445 530
445 533
445 560
445 563
446 449
446 477
446 481
446 508
446 561
447 467
447 544
447 567
448 474
448 488
449 460
449 469
449 470
449 504
449 527
449 544
450 509
450 537
450 562
451 457
451 462
451 479
451 491
451 513
451 523
451 528
451 533
451 542
451 559
451 563
452 529
453 485
453 489
453 494
453 495
453 510
453 521
453 533
453 542
454 460
454 462
454 463
454 486
454 502
454 513
454 514
454 524
454 528
455 478
455 521
455 548
456 515
456 533
456 534
456 554
456 556
457 462
457 479
457 485
457 517
457 521
457 533
457 542
457 543
457 556
457 559
457 563
458 533
458 542
458 554
459 485
459 505
459 508
459 555
460 464
460 493
460 497
460 535
460 552
461 464
462 479
462 486
462 543
462 550
462 553
463 516
463 525
463 563
463 564
464 499
464 506
464 513
467 509
467 537
467 539
467 567
468 476
468 485
468 509
468 532
469 544
470 544
470 548
471 477
471 499
471 514
471 529
472 489
472 505
472 512
472 533
472 542
472 565
473 492
473 497
474 567
475 493
476 516
476 555
477 480
477 481
477 483
477 504
477 508
477 557
477 558
477 561
479 494
479 495
479 517
479 528
479 533
479 542
479 559
480 558
481 483
482 496
482 501
483 532
484 487
485 523
485 542
486 494
486 495
486 514
486 536
488 529
488 544
488 555
489 500
489 512
489 513
489 533
489 542
490 548
491 510
491 518
491 519
491 525
491 536
491 543
491 563
492 516
492 522
492 552
492 562
494 495
494 510
495 510
495 514
496 501
497 506
498 500
498 507
498 534
498 543
498 545
500 502
500 512
500 562
500 565
501 525
501 550
501 553
502 514
502 541
503 565
504 506
504 526
504 536
504 544
504 555
504 562
505 507
505 545
506 562
507 528
507 545
507 554
508 509
508 532
508 537
508 539
508 557
508 561
508 562
509 537
509 539
509 549
509 567
510 517
510 521
510 536
510 542
513 515
513 519
513 530
513 543
513 563
513 567
514 525
514 529
515 519
515 550
515 556
516 557
516 561
517 521
517 533
517 541
517 542
517 543
517 559
519 567
521 527
521 541
521 542
522 536
522 552
523 533
523 547
525 542
525 547
525 564
526 547
526 549
526 562
527 546
529 532
529 552
530 533
530 554
530 564
533 542
533 565
534 543
534 554
535 551
536 563
537 539
537 567
538 549
538 566
539 567
541 542
541 554
542 550
542 559
543 554
543 564
544 562
546 547
553 554
554 556
555 557
555 561
555 562
559 563
