#num-nodes
357
#num-links
803
#links
0 18
0 106
0 117
0 120
0 248
1 93
1 137
1 145
1 245
1 315
1 318
2 51
2 80
2 84
2 192
2 223
2 332
3 14
3 33
3 118
3 286
3 288
4 34
4 321
4 323
4 339
5 18
5 179
5 181
5 319
6 91
6 217
6 339
7 119
7 156
7 228
7 234
7 239
7 257
7 296
7 303
7 309
7 346
8 51
8 82
8 84
8 86
8 108
8 148
8 169
8 326
8 334
8 336
8 339
9 65
9 201
9 220
9 228
9 346
11 53
11 72
11 297
12 93
12 310
13 274
14 37
14 77
14 177
14 261
15 59
15 182
15 189
15 234
15 328
16 18
16 180
16 228
16 239
16 281
16 313
17 29
17 37
17 73
17 177
17 197
17 201
17 259
17 266
17 328
18 41
18 106
18 117
18 248
19 50
20 80
20 193
20 225
21 25
21 135
21 190
21 215
21 231
22 41
22 57
22 62
22 98
22 180
22 220
22 306
22 313
23 94
23 316
23 330
24 209
25 58
25 115
25 190
25 204
25 231
27 62
27 64
27 77
27 100
27 117
27 122
27 254
27 258
27 290
27 319
27 320
28 105
28 156
28 228
28 234
28 239
28 309
28 313
28 340
28 346
29 31
29 41
29 70
29 201
29 322
31 38
31 47
31 62
31 78
31 98
31 182
31 220
32 292
34 114
34 128
34 217
34 232
34 320
34 321
34 323
35 37
35 220
35 255
35 269
35 292
35 334
36 49
36 52
36 172
36 296
37 41
37 70
37 129
37 177
37 289
37 330
37 339
38 78
38 98
38 150
39 288
40 92
40 190
41 105
41 112
41 145
41 177
41 201
41 239
41 281
41 287
41 289
41 292
41 309
41 340
42 92
42 180
42 309
42 346
43 90
45 83
45 104
45 264
45 300
46 65
46 76
47 53
47 79
47 189
47 277
47 331
48 299
49 71
49 234
49 249
49 262
49 342
50 260
51 80
51 82
51 84
51 136
51 143
51 154
51 226
51 230
51 293
51 312
51 323
51 339
52 296
53 97
53 101
53 109
53 150
53 250
53 277
53 306
53 354
53 356
55 96
55 152
55 198
55 323
57 123
57 277
57 322
57 354
58 112
58 177
58 231
58 251
58 289
58 309
58 340
59 104
59 189
59 196
59 238
59 264
60 65
61 72
61 83
61 182
61 238
62 72
62 175
62 182
62 234
62 254
62 258
62 347
63 81
63 112
63 135
63 239
63 289
64 290
64 348
65 94
65 168
65 201
65 220
65 311
66 122
66 146
66 203
68 86
69 139
69 161
69 299
70 77
70 282
70 284
71 124
71 134
71 150
71 182
71 186
71 234
71 245
71 249
71 250
71 253
71 255
71 262
71 318
71 319
72 83
72 143
72 175
72 182
72 331
73 143
73 189
73 325
73 331
74 212
75 200
75 252
75 268
75 344
76 183
76 251
76 302
77 112
77 146
77 153
77 204
77 261
77 275
78 98
78 150
79 189
79 304
80 82
80 193
80 225
81 281
81 290
81 340
82 86
82 169
82 193
82 225
82 230
82 334
82 339
83 143
83 175
83 182
83 234
83 238
83 264
83 328
84 86
84 193
84 225
84 226
84 293
85 103
85 138
85 334
85 350
86 323
86 327
88 95
88 142
88 143
88 353
89 310
90 185
90 325
90 326
90 329
91 108
91 149
91 174
91 235
91 267
92 105
92 190
92 289
92 309
92 340
92 346
93 130
93 349
94 283
94 298
94 330
94 333
95 104
95 142
95 155
95 208
96 128
96 152
96 173
96 237
96 323
97 101
97 109
97 150
97 155
97 167
97 170
97 181
99 246
99 264
100 112
100 145
100 259
100 309
101 206
101 250
101 306
101 354
101 356
102 135
102 196
102 207
102 274
102 320
104 179
104 238
104 264
104 319
105 156
105 239
105 289
105 346
106 120
106 136
106 304
107 116
108 162
108 173
108 235
108 341
109 142
109 150
109 240
109 250
109 280
109 306
109 322
110 319
111 119
112 135
112 197
112 259
112 287
112 289
112 309
113 298
114 227
114 232
114 317
114 321
114 327
115 190
115 207
115 275
116 224
116 325
117 136
117 248
118 125
118 184
121 164
121 210
122 146
122 160
122 218
122 304
122 312
123 144
123 166
123 295
123 307
123 331
124 159
124 165
124 167
124 255
125 195
127 246
127 263
128 166
128 173
128 232
128 323
128 327
129 177
129 326
129 339
130 311
130 349
131 154
131 298
131 311
131 333
131 351
133 178
133 275
134 167
134 171
134 249
135 183
135 219
135 231
135 302
136 226
136 256
136 293
137 202
137 213
137 245
137 315
138 169
139 157
139 195
139 240
139 299
139 307
140 238
140 240
140 242
140 246
141 173
142 246
142 322
143 205
143 221
143 300
143 310
144 224
144 315
144 325
144 353
145 169
145 259
145 282
145 334
146 203
146 218
146 283
146 312
147 342
148 169
148 301
148 334
149 173
149 308
150 189
150 250
150 277
151 162
152 237
153 203
153 239
153 309
154 298
156 228
156 239
156 257
156 287
156 303
156 309
156 340
156 346
158 159
158 263
161 195
161 344
162 173
163 174
163 214
164 200
164 210
164 304
164 344
165 222
165 253
166 171
166 173
166 241
166 252
166 323
166 327
167 170
168 190
168 215
168 220
168 231
168 311
169 219
169 326
169 334
169 339
169 350
171 199
171 240
171 249
171 299
171 307
172 296
172 320
173 235
173 241
173 308
173 335
174 211
174 235
174 267
175 295
175 300
175 310
175 322
175 325
178 337
179 238
179 322
180 183
180 309
180 313
181 222
182 234
182 328
183 251
183 302
184 305
184 345
185 326
185 329
186 278
188 272
188 300
189 245
190 231
190 311
192 193
192 219
192 220
192 223
192 332
193 225
193 226
193 293
195 240
195 307
197 270
197 287
197 338
198 300
199 294
200 252
200 268
201 220
201 266
201 289
202 315
203 275
205 342
206 264
207 275
208 229
209 263
210 232
210 252
210 335
210 344
212 296
215 231
215 311
217 276
218 226
218 312
219 223
219 332
220 223
220 234
220 284
220 292
220 311
220 332
221 310
221 349
222 253
222 354
223 332
224 325
224 353
225 226
225 293
226 229
226 293
227 232
227 321
228 272
228 303
228 340
228 346
230 312
231 287
231 311
232 244
232 317
232 321
232 323
232 327
232 336
232 339
233 320
234 238
234 239
234 309
234 318
234 322
234 328
236 292
237 244
238 264
239 281
239 287
239 309
239 340
240 306
240 307
241 308
242 276
245 249
245 253
246 306
248 326
249 253
249 318
250 277
252 268
252 308
252 344
253 318
253 354
254 300
255 318
255 335
255 356
257 347
257 348
259 292
261 266
262 273
262 342
263 324
268 344
271 284
271 355
273 347
274 282
274 284
274 294
275 280
275 326
276 321
278 286
278 288
278 306
278 307
279 291
280 339
281 287
281 289
281 290
281 313
281 320
283 330
283 333
284 332
285 304
285 327
286 288
289 340
293 332
295 331
298 333
298 351
299 307
303 346
306 307
309 346
310 325
310 331
311 351
318 319
318 354
320 348
321 341
323 327
326 329
326 339
326 341
335 356
354 356
