#num-nodes
159
#num-links
730
#links
0 26
0 27
0 37
0 66
0 89
0 124
0 133
1 21
1 31
1 34
1 40
1 45
1 46
1 54
1 64
1 91
1 114
1 118
1 123
1 128
1 129
1 133
1 137
1 155
2 17
2 24
2 40
2 42
2 49
2 56
2 79
2 83
2 86
2 87
2 99
2 105
2 108
2 109
2 118
2 120
2 145
3 14
3 130
3 146
4 28
4 54
4 60
4 74
4 81
4 108
5 8
5 18
5 29
5 30
5 41
5 42
5 47
5 70
5 89
5 93
5 96
5 99
5 101
5 111
5 112
5 122
5 139
5 156
6 7
6 14
6 48
6 53
6 55
6 64
6 70
6 94
6 108
6 140
6 147
6 157
7 21
7 28
7 136
8 18
8 27
8 29
8 30
8 41
8 47
8 110
8 122
8 133
8 139
8 156
9 13
9 32
9 34
9 39
9 70
9 73
9 98
9 107
9 114
9 134
9 142
9 143
9 154
10 33
10 36
10 38
10 64
10 115
10 147
10 155
11 12
11 16
11 44
11 50
11 52
11 66
11 71
11 132
11 135
11 149
12 16
12 39
12 50
12 59
12 125
13 39
13 52
13 56
13 69
13 70
13 90
13 98
13 102
14 48
14 53
14 58
14 80
14 108
14 126
14 145
14 151
15 78
15 116
16 19
16 43
16 50
16 92
16 113
16 115
16 125
16 132
16 149
17 24
17 30
17 31
17 40
17 49
17 56
17 76
17 79
17 80
17 83
17 87
17 102
17 105
17 109
17 114
17 123
17 130
17 140
17 146
17 156
18 29
18 41
18 47
18 60
18 96
18 110
18 114
18 115
18 122
18 133
18 139
18 156
19 34
19 42
19 70
19 84
19 97
19 106
19 118
19 129
19 148
19 157
20 48
20 108
20 145
20 146
20 157
21 23
21 30
21 45
21 64
21 77
21 84
21 91
21 109
21 123
21 128
21 129
21 137
21 155
22 43
22 135
23 27
23 46
23 74
23 121
23 128
23 133
23 137
23 151
24 30
24 40
24 49
24 64
24 65
24 79
24 83
24 86
24 87
24 105
24 108
24 120
24 123
24 127
24 146
25 57
25 68
25 82
25 100
25 132
25 142
26 27
26 30
26 93
26 110
26 111
26 115
26 121
26 122
26 156
27 39
27 41
27 93
27 109
27 115
27 121
27 122
27 127
27 133
28 35
28 37
28 49
28 67
28 81
28 128
28 130
29 32
29 41
29 122
29 133
29 152
30 32
30 40
30 41
30 54
30 64
30 65
30 99
30 101
30 114
30 122
30 123
30 143
31 40
31 81
31 97
31 105
31 109
31 118
32 47
32 72
32 92
32 96
32 101
32 106
32 143
32 155
33 47
33 70
33 107
33 112
33 115
33 119
33 124
33 136
33 154
33 157
34 39
34 54
34 63
34 69
34 70
34 73
34 98
34 102
34 106
34 132
34 142
34 157
35 67
35 128
35 145
36 38
36 59
36 64
36 76
36 85
36 108
36 131
36 147
36 155
37 106
37 124
37 136
38 105
38 141
39 69
39 98
39 121
39 132
39 134
40 49
40 56
40 79
40 83
40 86
40 87
40 109
40 114
40 118
40 120
40 130
40 131
40 145
41 42
41 60
41 110
41 121
41 122
41 139
41 156
42 72
42 93
42 96
42 99
42 110
42 122
43 44
43 46
43 50
43 66
43 78
43 87
43 113
43 116
43 132
43 149
43 158
44 50
44 66
44 78
44 88
44 116
44 125
44 132
44 149
45 46
45 47
45 119
45 123
45 126
45 129
45 151
46 56
46 74
46 84
46 85
46 87
46 97
46 133
47 93
47 119
47 121
47 122
47 133
47 152
48 55
48 64
48 76
48 85
48 94
48 140
48 147
48 157
49 83
49 86
49 87
49 102
49 105
49 130
49 131
50 52
50 56
50 102
50 149
50 154
51 71
51 135
52 69
52 73
52 90
52 100
52 153
52 154
53 58
53 59
53 76
53 85
53 123
53 126
53 128
53 140
53 144
53 148
54 56
54 63
54 73
54 90
54 102
54 109
54 131
54 136
54 142
54 157
55 60
55 81
55 83
55 94
55 109
55 150
56 102
56 107
56 114
56 129
56 135
56 154
56 156
56 158
57 98
57 100
57 134
58 59
58 64
58 77
58 81
58 123
58 126
58 144
59 64
59 91
59 144
59 155
60 77
60 81
60 128
60 133
60 137
60 139
61 76
61 118
61 140
61 144
63 70
63 71
63 90
63 95
63 101
63 142
64 118
64 123
64 131
64 147
64 152
64 155
65 120
65 130
65 146
65 148
66 135
66 149
66 153
67 138
68 102
69 90
69 98
69 107
69 132
70 73
70 98
70 100
70 106
70 132
70 134
70 142
70 148
70 157
71 92
71 95
71 135
71 149
72 96
72 98
72 101
72 106
72 143
72 157
73 98
73 100
73 107
73 134
73 142
73 153
74 81
74 129
74 130
74 133
74 137
74 151
74 152
76 97
76 126
76 131
76 140
76 144
76 157
77 81
77 97
77 123
77 128
77 131
78 103
78 104
78 116
78 122
79 87
79 105
79 120
79 131
79 140
79 146
80 127
80 145
81 97
81 123
82 93
82 111
82 112
82 115
82 145
83 102
83 109
83 131
84 85
84 87
84 105
84 108
84 114
84 123
84 131
84 141
84 148
85 97
85 118
85 141
85 146
85 147
85 148
85 152
85 158
86 87
86 120
86 127
87 105
87 120
87 131
87 146
88 103
88 153
88 158
89 93
89 112
90 102
90 103
90 107
90 158
91 129
91 151
92 119
92 125
92 128
92 143
92 149
92 158
93 111
93 121
96 99
96 101
96 111
96 122
96 156
98 100
98 107
98 134
98 142
98 154
99 101
99 111
99 144
100 134
101 111
101 112
101 115
101 129
102 107
102 114
102 122
102 154
102 158
103 117
103 158
105 108
105 109
105 127
105 129
106 124
106 133
106 136
106 143
106 157
107 112
107 113
107 154
108 130
108 141
108 157
109 118
109 127
110 122
110 139
110 152
110 156
111 144
112 115
112 133
112 154
113 132
113 154
114 122
114 131
114 146
116 117
117 153
117 158
118 124
119 124
120 130
120 146
122 124
122 139
122 152
123 129
123 152
124 138
125 149
126 140
126 144
126 151
127 146
129 137
129 148
130 146
130 148
130 152
131 141
131 147
132 134
132 142
132 149
133 136
133 139
133 152
134 142
134 152
134 154
139 156
140 144
140 147
140 155
141 155
144 155
147 155
148 157
152 156
153 158
