#num-nodes
1383
#num-links
3795
#links
0 462
0 678
0 957
0 1088
0 1164
1 94
1 270
1 325
1 331
1 587
1 633
1 663
1 1002
1 1065
2 167
2 248
2 254
2 372
2 387
2 478
2 578
2 761
2 1134
2 1135
2 1164
3 10
3 128
3 875
3 1188
5 131
5 1320
6 179
6 397
6 567
6 629
6 726
6 900
6 1045
6 1173
6 1346
7 165
7 341
7 784
7 828
7 952
7 969
7 970
7 1188
8 311
8 403
8 483
8 597
8 960
8 1218
9 77
9 400
9 1189
10 266
11 17
11 779
12 40
12 198
12 486
12 603
12 742
12 1097
12 1253
13 215
13 248
13 1043
14 19
14 296
14 529
14 789
14 947
14 995
14 1138
14 1253
14 1364
15 53
15 100
15 321
15 730
15 757
15 797
15 1084
16 48
16 198
16 223
16 227
16 425
16 478
16 603
16 931
16 1039
16 1151
16 1356
16 1368
18 41
18 294
18 446
18 926
19 190
19 296
19 316
19 319
19 505
19 768
19 789
19 823
19 947
19 1253
20 27
20 38
20 148
20 258
20 501
20 538
20 991
20 994
20 1198
20 1208
20 1274
21 28
21 337
21 433
21 1310
22 26
22 151
22 276
22 585
22 673
22 994
22 1068
22 1123
22 1198
22 1208
23 264
23 454
23 659
23 719
23 952
23 1003
23 1118
24 46
24 98
24 215
24 228
24 331
24 343
24 383
24 475
24 527
24 610
24 627
24 714
24 845
24 876
24 934
24 1049
24 1288
24 1319
24 1363
25 734
25 948
25 1327
26 178
26 645
26 1151
26 1192
26 1253
27 80
27 538
27 544
27 760
27 1094
28 325
28 474
28 610
28 718
28 937
28 1057
28 1149
29 338
29 340
29 622
29 1003
30 311
30 649
30 717
30 725
30 796
30 819
30 877
30 1158
31 1224
31 1365
32 216
32 298
32 776
32 904
32 1180
32 1203
32 1374
33 179
33 251
33 566
33 954
33 1022
33 1031
33 1098
34 146
35 80
35 347
35 682
36 637
36 862
37 287
37 349
37 1173
38 312
38 411
38 470
38 499
38 733
38 927
38 1234
39 123
39 277
39 1025
40 166
40 475
40 486
40 705
40 742
40 748
40 1066
40 1097
40 1177
41 294
41 335
41 593
41 1309
42 852
42 1382
43 1138
44 215
44 580
44 668
45 537
45 550
45 623
45 915
45 1093
46 331
46 343
46 681
46 827
46 934
46 1349
47 545
47 550
47 623
47 915
47 993
48 300
48 378
48 450
48 801
48 907
48 1039
48 1150
48 1242
48 1313
49 105
49 259
49 831
49 980
49 1082
50 374
50 778
50 891
50 1163
50 1199
50 1212
51 367
51 499
51 541
51 556
51 608
51 609
51 672
51 711
51 1028
51 1181
51 1371
52 85
52 365
52 722
52 1001
53 255
53 582
53 663
53 757
53 1095
53 1195
53 1375
54 169
54 205
54 440
54 525
54 648
54 704
54 763
54 946
54 1343
55 365
55 432
55 459
55 725
55 784
55 1048
56 654
56 894
57 319
57 358
57 584
57 631
57 713
57 1012
57 1042
57 1115
57 1138
58 390
58 497
58 634
58 639
58 658
58 1323
58 1351
59 72
59 188
59 195
59 295
59 536
59 743
59 754
59 825
59 904
59 957
59 1018
59 1074
60 297
60 346
60 697
60 743
60 843
60 850
60 1003
61 364
61 405
61 465
61 681
61 785
61 916
61 983
61 991
61 1241
62 326
62 392
62 918
62 1156
62 1323
62 1361
63 756
63 986
63 1063
64 378
64 450
64 460
64 570
64 579
64 801
64 996
64 1065
64 1150
64 1177
65 125
66 520
66 555
66 580
66 633
66 668
66 944
67 111
67 179
67 201
67 398
67 756
67 1038
67 1170
67 1173
68 642
68 1329
69 280
69 354
69 453
69 482
69 499
69 503
69 718
69 734
69 949
69 1156
70 683
70 861
70 1063
70 1375
71 72
71 188
71 194
71 210
71 352
71 527
71 559
71 997
71 1018
71 1112
72 178
72 227
72 811
72 942
72 1018
72 1254
72 1273
73 818
73 836
74 102
74 260
74 592
74 626
74 654
74 867
75 450
75 957
75 1015
75 1262
76 254
76 573
76 709
76 801
76 820
76 1008
77 600
77 625
77 1189
77 1376
77 1379
78 242
78 836
79 210
79 851
80 161
80 325
80 344
80 610
80 633
80 878
80 1110
80 1288
81 699
82 105
82 460
82 575
82 789
82 980
83 483
84 569
84 1142
85 493
85 586
85 810
85 869
85 1017
85 1247
85 1358
86 140
86 143
86 225
86 286
86 341
86 422
86 569
86 661
86 798
86 854
86 965
86 1016
86 1289
87 311
87 521
88 105
88 436
88 521
88 662
88 1186
88 1234
88 1380
90 102
90 713
90 720
90 725
90 806
90 851
90 993
90 1121
90 1159
91 93
91 167
91 1123
92 361
93 119
93 248
93 557
93 774
93 785
93 1123
93 1207
93 1217
93 1336
93 1342
94 497
94 835
94 1040
95 736
95 760
95 1213
96 1130
96 1358
97 226
97 903
98 134
98 298
98 321
98 328
98 460
98 474
98 735
98 805
99 232
99 955
100 146
100 220
100 241
100 388
100 757
100 1376
102 107
102 252
102 263
102 973
102 1015
102 1030
102 1159
103 148
103 608
103 690
103 1193
103 1234
104 393
104 1130
104 1359
105 259
105 743
105 828
105 871
105 980
105 1010
105 1021
105 1118
105 1330
106 173
106 185
106 814
106 822
106 973
106 998
106 1372
107 485
107 496
107 581
107 720
107 981
107 1078
107 1334
108 114
108 163
108 247
108 574
108 604
108 671
108 1332
109 958
109 1186
110 435
110 678
110 809
111 398
111 447
111 596
111 1329
112 436
112 524
112 591
112 1215
113 244
113 450
113 474
113 559
113 798
113 963
113 1059
113 1096
113 1180
114 313
114 764
114 1015
114 1056
114 1100
115 570
115 932
115 1135
116 279
116 282
116 898
116 909
116 1290
116 1335
116 1357
117 478
117 602
118 444
118 607
118 677
119 570
119 578
119 774
119 797
119 1123
119 1195
119 1285
120 1205
120 1327
121 272
121 344
121 440
121 798
121 949
122 218
122 632
122 707
122 714
122 750
122 1056
122 1059
122 1196
123 277
123 353
123 471
123 673
123 920
123 1032
124 134
124 455
124 593
124 727
124 863
124 1119
124 1165
124 1343
125 178
125 218
125 917
125 1032
125 1238
125 1319
126 647
126 693
127 198
127 223
127 297
127 308
127 551
127 804
127 1054
127 1161
127 1362
128 248
128 691
128 1093
128 1304
128 1367
130 216
130 474
130 759
130 1203
130 1335
130 1367
131 133
131 459
131 631
131 695
131 1124
131 1254
131 1353
132 736
132 990
132 1246
133 1124
133 1344
133 1353
134 353
134 989
134 1034
134 1119
136 376
136 519
137 165
137 338
137 745
137 854
137 971
137 1083
137 1092
137 1269
138 466
138 467
138 503
138 534
138 617
138 904
138 916
138 1094
138 1174
138 1234
138 1238
139 286
140 143
140 286
140 569
140 576
140 745
140 1248
141 152
141 236
141 480
141 610
141 736
141 1057
142 371
142 575
142 1239
143 286
143 1365
144 337
144 528
144 665
144 761
144 925
144 1047
144 1102
144 1232
145 678
145 697
145 1084
145 1256
146 1084
147 473
147 704
147 1192
147 1339
148 202
148 275
148 312
148 723
148 782
149 412
149 995
149 1371
150 547
150 634
150 793
150 795
150 809
150 905
151 374
151 592
151 799
151 981
151 1155
151 1306
152 364
152 458
152 544
152 633
152 826
152 983
152 1227
152 1271
152 1274
152 1374
153 175
153 390
153 668
153 744
153 849
153 969
154 777
155 225
155 982
155 1087
155 1098
156 604
156 713
156 993
156 1239
158 348
158 878
158 1345
159 281
159 492
159 638
159 1014
159 1248
160 241
160 272
160 471
160 534
160 675
160 949
160 955
160 966
160 1054
160 1209
161 333
161 337
161 360
161 644
162 362
162 394
162 520
162 836
162 1128
162 1140
162 1249
162 1259
163 247
163 648
163 674
163 1056
164 696
164 984
164 989
164 1034
164 1090
164 1186
164 1188
165 324
165 983
165 1104
166 280
166 322
166 326
166 392
166 535
166 646
166 750
166 797
166 1032
166 1144
168 419
168 722
168 869
168 1240
168 1244
168 1334
168 1377
169 309
169 310
169 380
169 505
169 605
169 717
169 763
169 1012
170 253
170 385
170 880
170 1144
170 1149
170 1246
170 1328
171 476
171 691
171 698
171 969
171 1019
171 1161
171 1164
171 1215
172 323
172 663
172 875
172 880
172 1294
172 1335
172 1361
173 1015
173 1319
174 648
174 717
174 741
174 799
174 946
175 177
175 370
175 411
175 540
175 1201
176 289
176 593
176 721
176 1026
177 549
177 560
177 897
177 1357
178 218
178 248
178 524
178 615
178 618
178 651
178 752
178 774
178 785
178 917
178 1032
178 1041
178 1120
179 201
179 571
179 874
179 1006
179 1022
179 1090
179 1153
180 325
180 360
180 921
180 1006
180 1206
180 1372
181 345
181 422
182 251
184 355
184 1182
185 194
185 257
185 344
185 405
185 439
185 661
185 970
185 1272
185 1372
186 468
186 762
187 242
187 384
187 413
187 1157
187 1200
188 195
188 313
188 321
188 754
188 811
188 825
188 939
188 957
188 977
188 1010
188 1073
188 1347
190 276
190 319
190 1138
192 381
192 547
192 972
194 344
194 405
194 800
194 974
194 1254
194 1277
195 521
195 754
195 825
195 1273
195 1335
196 374
196 839
196 841
196 848
196 1199
196 1262
196 1268
197 797
197 820
197 907
197 943
197 1166
197 1241
198 223
198 297
198 551
198 603
198 676
198 710
198 796
198 1157
198 1355
198 1368
201 477
201 694
201 756
201 1153
202 312
202 415
202 699
202 715
202 723
202 781
210 223
210 415
210 801
210 1363
212 670
212 1054
213 787
215 514
215 527
215 535
215 616
215 652
215 1029
215 1180
216 227
216 300
216 474
216 776
216 939
216 1203
216 1367
217 712
218 289
218 721
218 1032
218 1306
220 388
220 659
220 662
220 1021
220 1369
223 315
223 378
223 425
223 506
223 603
223 1355
223 1356
223 1368
224 566
224 574
224 642
224 874
224 883
224 1031
224 1071
224 1072
224 1103
225 576
225 758
225 965
225 968
226 737
226 923
226 1086
226 1128
226 1308
226 1311
227 283
227 378
227 383
227 472
227 474
227 516
227 532
227 579
227 785
227 1018
227 1023
227 1113
227 1203
227 1341
229 230
229 306
229 962
230 402
230 719
230 1006
230 1083
230 1333
231 433
231 594
231 1149
231 1324
232 237
232 241
232 265
232 426
232 638
232 668
232 883
232 1014
233 441
233 895
233 947
234 663
234 1144
235 422
235 642
235 1016
235 1255
235 1289
236 480
236 682
236 1227
237 1179
238 246
238 278
238 506
240 310
240 410
240 674
240 1101
241 265
241 375
242 369
242 433
242 583
242 727
242 1029
242 1276
242 1310
242 1355
243 651
243 991
243 1164
243 1234
244 467
244 534
244 931
244 1097
245 1030
245 1128
246 254
246 295
246 424
246 437
246 1039
246 1182
246 1355
247 380
247 463
247 695
247 783
247 841
247 1038
247 1056
247 1305
248 997
248 1032
248 1164
248 1367
249 1060
250 1209
251 338
251 340
251 422
251 522
251 576
251 922
251 1072
251 1092
252 867
253 323
253 542
253 827
253 1149
253 1331
254 709
254 907
254 943
254 1039
254 1100
254 1330
255 482
255 582
255 825
255 1057
257 316
257 416
257 427
257 531
257 548
257 998
257 1004
257 1026
257 1243
258 384
258 476
258 727
259 952
259 1003
259 1010
260 523
260 767
260 813
260 1243
261 676
261 930
262 314
262 400
262 406
262 706
262 953
262 1282
262 1283
262 1350
263 905
263 1015
264 870
264 950
264 1118
265 286
265 349
265 755
265 986
266 1207
267 494
267 537
267 621
267 939
267 1086
267 1095
267 1265
268 483
269 719
272 724
272 728
272 798
272 852
272 903
273 702
273 766
273 1160
273 1194
274 641
274 716
274 827
274 880
275 715
275 956
275 1274
275 1344
276 615
276 941
276 978
276 1017
276 1163
276 1237
276 1275
276 1314
277 441
277 446
277 471
277 791
277 1024
277 1036
277 1060
277 1282
277 1291
278 954
278 1098
278 1100
279 468
279 1060
279 1214
280 392
280 835
280 908
280 1061
280 1116
280 1144
280 1156
280 1165
282 505
282 615
282 728
282 1017
282 1079
283 378
283 383
283 399
283 472
283 579
283 1113
283 1238
283 1341
284 476
285 787
285 1062
286 362
286 569
286 745
286 883
286 1248
287 1022
287 1078
288 436
289 721
289 1212
289 1252
290 717
290 763
290 851
290 1270
290 1292
291 1169
291 1177
291 1242
292 617
292 852
292 876
292 1215
293 405
293 420
293 623
293 839
293 1093
293 1104
293 1266
293 1286
294 926
295 381
295 547
295 969
295 1288
296 319
296 947
297 392
297 603
297 652
297 673
297 792
297 1157
298 300
298 378
298 450
298 776
298 904
298 907
298 943
298 964
298 1096
298 1150
298 1313
300 378
300 460
300 465
300 904
300 907
300 1150
300 1191
300 1313
301 756
301 1154
302 305
302 1133
304 712
304 1132
305 442
305 1132
305 1154
308 551
308 603
308 676
308 796
308 1338
309 380
310 505
310 592
310 605
312 329
312 363
312 411
312 470
312 499
312 540
312 541
312 609
312 631
312 672
312 699
312 711
312 868
312 923
312 927
312 949
313 374
313 626
313 713
313 739
313 764
313 993
313 1196
314 1283
315 354
315 399
315 425
315 1177
315 1215
316 427
316 441
316 812
316 892
316 963
316 1026
317 1284
317 1358
318 373
318 482
318 859
318 939
318 1207
319 539
319 585
319 768
319 771
319 823
321 494
321 521
321 779
321 825
321 939
321 974
321 977
321 1010
321 1095
321 1254
322 681
322 761
322 967
322 1061
322 1144
322 1165
323 328
323 661
323 798
323 809
323 856
323 1096
323 1205
324 476
325 1110
325 1149
325 1288
326 392
326 761
326 918
327 1104
328 735
328 759
328 798
328 800
328 816
328 825
328 939
329 552
330 656
330 993
330 1196
331 588
331 827
331 845
331 863
331 1208
332 589
332 730
333 616
333 685
333 761
333 1162
333 1205
333 1277
334 425
334 1213
335 1172
336 483
336 659
336 688
336 730
336 949
336 998
336 1200
336 1267
337 360
337 390
337 639
337 644
337 658
337 665
337 753
337 839
337 1012
337 1043
337 1047
338 491
338 576
338 922
338 1022
338 1261
339 540
339 730
339 1276
340 389
340 576
340 756
340 850
340 922
340 1003
340 1187
341 491
341 661
341 759
341 848
341 977
341 1022
342 538
342 583
342 760
342 882
343 399
343 705
343 800
343 967
343 1156
343 1234
343 1246
343 1341
344 405
344 535
344 800
344 839
344 1113
344 1119
345 696
345 857
346 531
346 759
346 963
346 1056
346 1096
348 969
348 1006
348 1197
348 1352
349 397
349 1322
350 414
350 651
350 721
350 981
350 1041
350 1120
350 1306
351 630
352 388
352 519
352 1082
353 357
353 1305
354 524
354 641
354 742
354 918
354 1119
354 1215
354 1226
354 1356
355 364
355 1169
356 930
356 1139
357 444
357 511
357 518
357 604
357 607
357 701
357 738
357 1106
357 1204
357 1316
358 359
358 584
358 703
359 789
359 864
360 392
360 497
360 579
360 616
360 639
360 644
360 752
360 1043
360 1136
360 1236
361 430
361 565
361 1063
362 716
362 836
362 1128
362 1249
363 470
363 560
363 631
363 672
363 692
363 873
363 927
363 1028
363 1059
363 1115
363 1148
363 1163
364 455
364 487
364 528
364 634
364 863
364 928
364 1196
364 1234
364 1323
364 1351
365 374
365 518
365 660
365 973
365 1222
366 383
366 516
367 737
367 996
367 1148
367 1181
369 433
369 612
369 736
369 1068
369 1276
369 1310
370 788
370 1128
370 1201
370 1204
370 1249
371 458
371 576
371 629
371 660
371 837
371 968
371 1146
372 381
372 602
372 705
372 1143
372 1157
372 1328
373 1290
374 777
374 856
374 958
374 998
374 1163
374 1199
374 1314
375 391
375 393
375 795
375 906
376 1146
377 641
377 716
378 450
378 466
378 478
378 488
378 497
378 570
378 579
378 681
378 1313
379 437
379 558
379 715
380 650
380 1038
380 1042
380 1175
381 402
381 408
381 602
381 801
381 972
381 1065
381 1066
381 1191
382 414
382 475
382 644
382 658
383 472
383 516
383 542
383 579
383 616
383 838
383 916
383 983
383 1113
383 1277
384 433
384 480
384 718
384 916
384 983
384 1029
384 1151
384 1234
385 477
385 512
385 540
385 561
385 956
385 1144
385 1169
385 1355
386 433
386 682
386 1363
387 1065
388 936
388 1021
389 1261
390 433
390 682
390 686
390 690
390 849
391 491
391 795
391 832
391 869
391 1022
391 1247
391 1358
392 410
392 514
392 561
392 761
392 786
392 801
392 835
392 918
392 1047
392 1102
392 1119
392 1144
392 1156
392 1349
392 1355
394 953
394 1030
394 1302
395 400
395 903
395 1090
395 1186
395 1369
396 757
397 495
397 571
397 572
397 586
397 679
397 802
397 900
397 976
397 1045
398 566
398 872
398 874
398 1153
398 1170
398 1244
398 1329
398 1359
399 466
399 472
399 714
399 748
399 1054
399 1096
399 1177
399 1267
399 1341
400 743
400 903
400 904
400 957
400 1083
400 1090
401 936
402 602
402 659
402 757
402 942
402 1018
402 1322
402 1348
403 1112
404 743
404 843
404 856
405 621
405 839
405 939
405 1091
405 1220
405 1266
405 1277
405 1353
405 1374
406 461
406 548
406 706
406 953
406 1024
406 1108
406 1239
406 1350
408 533
409 1028
409 1163
410 413
410 657
410 688
411 433
411 499
411 500
411 948
411 959
412 927
412 929
413 855
413 908
413 1105
413 1110
413 1213
414 518
414 604
414 610
414 657
414 695
414 738
414 1041
414 1044
414 1106
414 1316
415 529
415 702
415 779
415 812
415 1042
416 427
416 655
416 770
416 930
416 1042
416 1138
416 1350
417 599
417 1027
417 1046
417 1053
418 1168
418 1181
419 483
419 834
419 939
420 598
420 633
420 653
420 1198
420 1355
421 561
421 1007
421 1029
421 1099
422 564
422 576
422 581
422 642
422 758
422 1260
423 495
423 630
423 775
423 900
423 985
423 1219
423 1275
425 551
425 603
425 1356
426 1098
426 1188
427 531
427 998
427 1001
427 1004
427 1026
428 744
428 861
428 1057
428 1112
428 1375
429 700
430 512
430 769
431 511
431 704
431 1038
432 464
432 494
432 1048
432 1274
433 715
433 956
433 1310
434 664
434 1054
434 1275
434 1279
435 678
435 809
436 567
436 591
436 618
436 1187
437 582
437 748
437 1233
437 1237
438 1290
439 508
439 829
439 938
439 970
439 1107
439 1272
440 742
440 782
440 1165
441 548
441 791
441 930
441 1024
441 1026
441 1282
443 473
443 1124
443 1192
444 607
444 657
444 763
444 1012
444 1041
444 1044
444 1106
444 1123
444 1166
444 1204
444 1241
444 1316
444 1370
445 1132
445 1154
445 1210
447 591
447 875
447 1329
448 683
448 739
448 807
448 842
448 917
448 951
448 1233
449 980
450 559
450 749
450 776
450 904
450 1015
450 1096
451 986
451 1022
451 1031
451 1103
452 612
452 1094
453 482
453 484
453 1294
454 719
454 1254
455 929
455 1034
455 1119
455 1267
456 487
456 1149
456 1246
457 988
457 1153
457 1289
458 536
458 829
458 1092
458 1141
458 1146
459 811
459 951
459 981
459 1200
459 1267
460 575
460 1191
460 1313
461 1282
461 1283
463 741
463 1351
464 520
464 525
464 682
464 777
464 970
464 1227
465 487
465 540
465 937
465 1313
466 514
466 534
466 616
466 681
466 1029
467 534
467 1029
468 505
468 909
468 1214
469 574
469 862
469 1049
470 501
470 699
470 868
470 1028
470 1148
470 1265
471 510
471 673
471 877
471 932
471 1060
472 579
472 644
472 904
472 1023
472 1113
472 1238
472 1277
472 1313
472 1341
473 615
473 739
473 1192
474 731
474 1203
475 559
475 627
475 677
475 748
475 750
475 1008
475 1363
476 788
477 750
477 873
477 1059
477 1109
477 1310
478 602
478 801
478 1151
479 532
479 559
479 676
480 707
481 874
481 1031
482 1190
483 743
483 757
483 822
483 1200
484 544
484 1294
485 1121
486 588
486 627
486 741
486 750
486 755
486 932
486 969
486 1076
486 1097
487 682
487 1351
488 618
488 733
488 760
488 931
488 938
488 1148
488 1151
488 1304
489 575
489 831
489 942
490 564
490 569
491 566
491 596
491 832
491 1022
491 1247
492 638
492 1048
492 1248
494 537
494 621
494 839
494 939
494 1010
494 1086
494 1095
494 1266
494 1268
495 679
495 680
495 900
495 1178
495 1358
496 863
496 1020
496 1309
497 579
497 639
497 658
497 863
497 882
497 1047
498 534
498 1102
499 503
499 563
499 685
499 923
499 1162
499 1337
500 563
500 685
500 686
500 692
500 699
500 715
500 868
500 1337
501 556
501 561
501 786
501 1028
501 1274
502 509
502 1216
503 908
503 1205
503 1213
504 1369
505 896
505 1017
505 1214
506 561
506 688
506 789
506 1069
506 1157
506 1355
506 1368
508 1104
509 609
509 927
510 1024
510 1082
510 1291
511 704
511 792
511 1038
511 1328
512 540
512 544
512 1246
512 1375
513 629
513 1284
514 535
514 616
515 793
516 535
516 752
516 791
516 822
516 969
516 1321
517 921
517 1094
518 604
518 648
518 657
518 695
518 842
518 1012
518 1124
518 1339
519 522
519 581
520 862
520 919
520 1249
521 798
521 836
521 1128
521 1249
522 576
522 581
522 653
522 1049
522 1092
522 1176
523 702
523 766
523 1194
524 559
524 652
524 752
524 917
524 997
524 1180
524 1238
524 1306
524 1319
525 528
525 669
525 790
525 862
525 919
527 535
527 616
527 911
527 997
527 1041
527 1043
527 1110
527 1113
529 947
530 578
530 676
530 1135
531 662
531 676
531 693
531 773
531 929
531 963
531 1319
531 1357
532 791
532 932
532 1200
532 1304
532 1319
533 1338
533 1382
534 1102
535 616
535 651
535 736
535 1043
535 1156
535 1213
535 1277
536 1376
537 623
537 839
537 870
537 939
537 1070
537 1286
538 570
538 798
538 882
538 1094
538 1274
539 685
539 789
539 1139
539 1181
540 670
540 769
540 788
540 1201
541 631
541 990
542 918
542 1205
543 821
544 760
544 999
544 1198
544 1208
544 1246
544 1310
545 915
545 1237
546 648
546 1017
546 1027
547 972
547 1065
547 1090
548 678
548 706
548 1084
548 1185
548 1200
548 1239
548 1282
549 898
549 1205
549 1327
550 623
550 915
550 1052
550 1091
550 1093
551 603
551 627
551 698
551 796
551 1362
552 577
552 608
552 868
552 927
552 1311
552 1325
554 803
555 580
555 633
555 668
555 760
555 944
555 1039
555 1061
556 608
556 609
556 711
556 927
556 1265
557 730
558 691
558 772
558 1008
558 1316
559 681
559 705
559 904
559 916
559 917
559 1066
559 1196
560 868
561 786
561 1102
561 1169
561 1355
561 1368
563 685
563 692
563 735
563 923
563 1162
563 1205
564 572
564 1050
564 1345
565 1122
566 642
566 984
566 1022
566 1158
567 914
567 952
567 1049
567 1186
567 1350
568 626
568 1055
568 1224
568 1365
569 1103
569 1248
570 579
570 798
570 904
570 1091
570 1273
571 712
571 1045
571 1080
571 1173
572 678
572 829
572 854
572 971
572 1063
572 1070
572 1141
572 1269
573 641
573 838
574 717
574 732
574 862
575 904
575 973
575 1085
576 861
576 922
576 979
576 1063
576 1072
576 1092
576 1375
576 1376
578 1189
578 1195
579 701
579 1002
579 1008
579 1143
579 1273
579 1341
580 668
580 724
580 950
581 745
581 829
581 1078
581 1092
581 1176
583 718
583 882
584 703
585 732
585 759
585 915
585 978
585 1237
585 1253
586 642
586 802
586 869
586 900
588 610
588 653
588 665
588 1002
588 1057
588 1131
588 1351
589 728
589 1054
589 1368
590 636
590 851
590 962
591 1100
592 635
592 1155
592 1306
593 765
594 634
594 1324
596 1179
597 778
597 960
597 1218
599 887
600 1141
600 1189
601 978
601 1126
601 1330
602 898
602 1008
602 1143
602 1150
603 676
603 786
603 1157
603 1355
603 1362
604 695
604 738
604 841
604 842
604 1012
605 635
605 893
605 911
605 1188
605 1270
605 1339
607 657
607 701
607 1012
607 1041
607 1044
607 1166
607 1204
607 1241
607 1316
608 711
609 711
609 927
609 995
609 1148
610 669
610 931
610 1057
611 711
612 736
612 760
613 711
614 1024
614 1069
614 1234
615 652
615 941
615 1017
615 1056
615 1336
616 934
616 1043
616 1277
617 627
617 677
617 698
617 733
617 853
617 876
617 1019
617 1039
617 1215
617 1277
618 652
618 917
618 1120
618 1195
618 1336
619 845
619 927
619 1193
619 1276
621 743
621 800
621 856
621 939
621 1091
621 1249
621 1266
621 1268
622 1111
623 839
623 974
623 1093
623 1259
623 1266
624 1093
624 1271
625 643
625 1285
626 654
626 713
626 843
626 975
626 1073
626 1159
627 698
627 853
627 1215
627 1368
628 646
628 1032
629 1173
629 1284
630 722
630 834
630 900
630 1284
631 692
631 735
631 868
631 873
631 927
631 949
631 996
631 1028
631 1115
631 1168
632 713
632 726
632 743
632 1257
632 1262
632 1268
632 1275
633 648
633 668
633 682
633 1288
634 645
634 682
634 929
634 937
634 1323
634 1351
636 660
636 1037
637 924
637 1059
638 1248
639 658
639 1323
640 1232
641 692
641 716
642 1031
642 1072
642 1260
644 658
644 752
644 1043
644 1047
644 1113
644 1136
644 1236
645 1007
645 1151
645 1323
645 1351
646 881
646 1032
647 766
648 657
648 854
648 946
648 1038
648 1040
648 1183
649 660
651 724
651 1041
651 1120
651 1286
652 705
652 1032
652 1098
653 759
653 970
653 983
653 1174
653 1372
655 866
655 896
655 909
655 1042
655 1124
655 1194
657 674
657 1166
657 1328
657 1370
658 1047
659 1003
659 1137
659 1379
660 796
660 1037
660 1214
660 1283
661 798
661 871
661 1107
661 1111
661 1272
662 784
662 816
662 915
662 1335
663 709
663 903
663 1186
663 1285
663 1348
664 1009
665 925
665 1047
665 1131
665 1136
665 1232
665 1245
668 724
668 798
669 1182
669 1310
670 788
670 1201
670 1288
671 865
671 1291
671 1307
672 737
672 873
672 1028
672 1148
673 813
673 877
673 926
675 728
675 1110
676 1075
676 1338
677 700
677 1110
678 764
678 809
678 866
678 957
678 1009
678 1073
678 1082
678 1088
679 900
679 1158
681 923
681 934
681 967
682 937
683 951
683 1196
683 1209
683 1212
684 1060
685 996
685 1162
685 1205
685 1337
686 873
686 1115
687 1134
688 1054
688 1135
689 842
689 961
689 1251
690 1028
690 1193
692 996
692 1115
694 837
694 883
695 841
695 1012
696 1083
697 780
698 853
698 1019
698 1215
698 1241
698 1368
699 862
699 1308
699 1337
699 1371
701 739
701 772
701 841
701 842
701 1044
701 1241
701 1316
702 766
702 1194
704 792
704 835
704 1038
704 1338
705 1066
706 886
706 962
706 1282
708 843
710 742
710 1315
711 927
712 1045
712 1132
712 1154
713 823
713 909
713 993
713 1081
713 1085
713 1209
713 1239
713 1305
714 730
714 750
714 1059
714 1272
714 1321
714 1341
714 1374
715 1344
715 1353
716 1226
717 763
717 799
717 819
717 957
717 981
717 1155
717 1292
717 1305
718 863
718 882
718 907
719 784
720 1121
720 1347
721 724
721 1120
721 1252
722 985
722 1001
722 1130
723 781
723 1327
724 991
724 1104
724 1238
724 1252
725 877
725 905
725 1209
726 794
726 1346
727 1310
728 852
728 966
728 1054
730 931
730 1200
731 1023
731 1180
733 977
733 1146
734 978
734 1220
734 1375
735 990
735 1168
735 1290
735 1353
736 760
736 944
736 1277
737 1148
737 1272
738 799
738 841
738 842
738 1038
739 842
739 886
739 1123
739 1233
741 750
741 764
741 801
741 815
741 1081
741 1109
741 1209
741 1237
742 1119
742 1143
742 1157
742 1165
742 1245
743 789
743 843
743 856
743 978
743 1081
743 1223
743 1262
744 769
744 849
744 861
744 1375
745 1092
746 954
748 797
748 801
748 1177
748 1190
749 839
749 852
749 856
749 1084
749 1096
749 1268
750 797
750 801
750 1084
750 1109
750 1144
750 1177
750 1341
752 774
752 785
752 875
752 917
752 1043
752 1120
752 1195
752 1319
753 1043
753 1136
753 1245
753 1274
754 825
754 939
754 1010
754 1380
755 820
756 956
757 1190
757 1195
757 1341
758 861
758 1006
758 1090
759 1174
759 1290
760 944
760 1198
760 1277
761 835
761 1102
761 1156
762 779
763 799
763 981
763 1012
763 1239
763 1292
764 957
764 978
764 1015
764 1033
764 1237
765 1357
766 1194
766 1325
767 949
767 961
768 771
768 813
768 930
768 1194
768 1265
769 1182
769 1276
769 1337
770 897
770 1304
770 1353
771 1031
772 842
772 1008
772 1044
772 1241
772 1316
773 905
773 915
773 1209
774 785
774 876
774 1319
775 1219
776 904
776 1096
776 1313
776 1374
777 958
780 1314
782 1061
782 1116
782 1331
784 828
784 903
784 952
784 1083
784 1090
784 1188
785 916
785 918
785 1044
785 1241
785 1316
785 1319
786 788
786 1069
786 1102
786 1355
787 1013
787 1062
788 956
789 796
789 1196
790 1124
791 835
791 1085
791 1166
791 1197
791 1200
791 1267
791 1338
792 1101
793 795
794 1346
795 832
795 979
795 1282
795 1334
795 1377
796 1076
796 1157
796 1338
796 1355
797 820
797 1177
797 1330
798 816
798 1107
798 1379
799 981
799 1155
799 1305
800 839
800 939
800 1091
800 1220
800 1266
800 1277
800 1374
801 820
801 898
801 1177
802 987
802 1219
803 963
803 1357
803 1371
804 1076
804 1355
806 1038
806 1159
807 917
807 962
807 975
807 1212
807 1233
809 1095
809 1127
810 869
810 976
810 1035
810 1158
810 1377
811 886
811 946
811 957
811 970
811 1033
811 1051
811 1073
811 1239
812 1026
813 877
813 891
814 1118
815 909
815 1042
815 1237
816 817
816 1198
817 856
817 859
817 871
818 1059
818 1380
820 1065
820 1177
821 982
822 867
822 973
822 1159
823 905
823 1252
825 939
825 957
825 1010
825 1019
825 1273
826 1341
826 1374
827 862
827 1002
827 1144
827 1319
827 1324
827 1349
828 831
828 903
828 952
828 1003
828 1090
828 1250
829 838
829 848
829 1070
831 942
831 952
832 851
832 947
833 976
834 855
834 1050
834 1147
835 1338
836 1074
836 1128
836 1249
838 977
838 1169
839 939
839 959
839 970
839 1266
839 1286
841 958
841 1352
842 981
842 1263
842 1352
843 856
843 1100
843 1262
844 1108
844 1192
845 848
845 948
845 959
848 938
849 999
850 980
850 1030
850 1269
851 1152
852 876
852 1103
852 1362
853 1039
853 1135
853 1368
854 1269
855 903
855 1031
855 1142
856 939
856 1033
856 1379
857 1333
858 1219
859 866
859 1267
859 1367
861 1063
861 1375
862 876
862 1046
863 882
863 921
863 929
863 1047
863 1208
863 1324
866 981
866 1085
866 1088
866 1166
867 973
867 1017
867 1030
867 1158
867 1178
868 1148
869 1035
871 1107
871 1258
871 1289
872 1001
872 1031
872 1170
872 1244
872 1359
873 996
873 1059
873 1115
873 1202
873 1234
874 1031
874 1170
876 1215
879 1308
880 1144
880 1331
881 1032
882 1057
882 1324
886 958
886 1015
886 1073
891 1196
892 1194
893 911
893 1102
893 1270
894 1368
896 1214
897 1028
897 1148
898 996
898 1065
898 1335
900 905
900 1001
900 1035
900 1219
900 1358
901 1358
902 1122
903 1074
903 1090
903 1184
903 1186
903 1250
903 1380
904 957
904 1096
904 1273
904 1313
904 1367
905 1213
906 962
907 943
907 1097
907 1150
907 1177
908 1061
908 1116
908 1165
909 1042
909 1214
909 1325
911 1051
914 1374
914 1379
915 978
915 1237
915 1275
916 918
916 934
916 967
916 983
917 1233
917 1382
918 1156
918 1236
919 1016
920 986
920 1195
921 928
921 1094
923 949
923 990
923 1312
923 1369
923 1371
925 1232
925 1233
926 1309
927 990
927 1148
927 1357
929 937
930 1139
930 1234
931 1151
932 1060
932 1097
932 1211
933 1304
933 1382
934 967
934 1349
935 1322
937 959
938 970
938 1174
939 974
939 1010
939 1084
939 1091
939 1095
939 1119
939 1128
939 1220
939 1249
939 1266
939 1268
939 1374
939 1379
942 1003
942 1018
943 1101
943 1150
944 970
947 1229
947 1364
948 959
949 1148
949 1312
950 980
950 1254
950 1330
951 1081
951 1209
951 1212
952 1059
952 1261
952 1369
953 1108
953 1282
954 1034
954 1098
954 1369
955 1054
956 1182
957 1083
958 1223
959 1286
960 1218
961 963
961 1335
963 1059
963 1137
963 1319
963 1357
964 1382
965 968
965 999
967 1110
968 1072
969 977
969 1006
969 1110
969 1150
969 1196
969 1288
971 1265
972 1150
973 975
973 1159
973 1375
974 977
975 976
975 1159
975 1254
975 1330
976 1020
977 1010
977 1196
978 1253
978 1256
978 1262
978 1314
979 1035
979 1158
979 1187
979 1247
979 1368
980 1269
980 1362
981 993
981 1051
981 1100
981 1155
981 1306
981 1336
981 1342
982 1098
983 1057
983 1104
984 1031
985 1045
985 1284
987 1022
988 1153
988 1173
989 1134
990 1353
990 1371
991 1113
993 1100
993 1196
993 1305
994 1094
994 1283
995 1371
996 1115
1000 1174
1001 1006
1001 1129
1002 1008
1002 1136
1002 1236
1002 1288
1002 1324
1002 1370
1003 1083
1006 1090
1006 1158
1007 1029
1007 1099
1008 1236
1008 1288
1008 1370
1012 1019
1012 1041
1012 1370
1013 1185
1013 1275
1014 1048
1016 1289
1019 1207
1019 1215
1019 1379
1022 1090
1022 1103
1022 1247
1023 1304
1023 1380
1024 1036
1024 1291
1024 1350
1025 1175
1025 1264
1026 1138
1026 1317
1030 1062
1030 1159
1031 1072
1032 1049
1032 1207
1033 1073
1033 1239
1034 1071
1034 1345
1035 1358
1035 1377
1036 1291
1038 1193
1039 1110
1039 1190
1039 1382
1041 1106
1041 1110
1041 1120
1041 1204
1041 1370
1043 1047
1044 1166
1044 1204
1044 1241
1044 1316
1045 1130
1045 1173
1045 1373
1047 1232
1047 1351
1049 1263
1051 1336
1051 1342
1053 1382
1054 1211
1055 1365
1056 1155
1057 1142
1057 1347
1059 1137
1059 1341
1060 1211
1061 1116
1061 1165
1061 1349
1062 1282
1063 1176
1063 1269
1066 1150
1067 1069
1068 1208
1069 1315
1069 1355
1072 1261
1073 1095
1073 1209
1073 1239
1074 1250
1076 1161
1076 1169
1076 1304
1076 1355
1080 1173
1080 1255
1081 1209
1081 1317
1081 1375
1082 1197
1082 1253
1082 1326
1082 1352
1083 1092
1084 1268
1087 1221
1087 1248
1089 1271
1090 1186
1090 1250
1091 1128
1091 1249
1091 1266
1092 1176
1094 1119
1095 1104
1095 1266
1097 1135
1097 1211
1097 1355
1098 1264
1098 1285
1100 1215
1101 1320
1102 1119
1102 1156
1103 1127
1103 1251
1103 1260
1103 1271
1105 1110
1106 1123
1106 1166
1106 1204
1106 1241
1106 1316
1106 1328
1107 1174
1108 1282
1109 1268
1111 1269
1112 1269
1113 1363
1116 1144
1117 1251
1117 1354
1122 1274
1123 1212
1123 1326
1123 1336
1123 1342
1127 1256
1128 1140
1128 1220
1128 1249
1132 1154
1132 1210
1134 1164
1136 1236
1140 1249
1142 1152
1143 1313
1145 1264
1146 1261
1146 1280
1146 1381
1148 1205
1148 1272
1149 1246
1150 1313
1153 1173
1154 1206
1155 1305
1155 1317
1156 1232
1158 1275
1158 1292
1160 1194
1161 1164
1163 1237
1164 1362
1165 1226
1166 1204
1166 1241
1166 1316
1166 1328
1169 1242
1169 1355
1170 1244
1170 1359
1174 1277
1177 1203
1177 1341
1180 1319
1181 1353
1189 1376
1190 1195
1190 1382
1192 1197
1193 1198
1193 1208
1194 1325
1196 1364
1197 1352
1198 1208
1200 1267
1201 1337
1203 1367
1204 1241
1204 1316
1208 1245
1208 1315
1208 1324
1209 1212
1209 1237
1212 1352
1213 1356
1219 1275
1220 1249
1221 1248
1223 1347
1224 1365
1230 1336
1230 1342
1233 1239
1233 1241
1234 1257
1234 1362
1235 1292
1236 1277
1239 1283
1240 1333
1240 1334
1240 1373
1241 1316
1241 1328
1244 1334
1244 1373
1253 1332
1259 1362
1262 1302
1262 1314
1263 1306
1264 1285
1266 1286
1267 1328
1274 1286
1274 1374
1275 1279
1276 1310
1282 1350
1284 1346
1288 1324
1291 1306
1310 1315
1310 1324
1323 1351
1326 1336
1326 1342
1330 1379
1330 1382
1334 1377
1335 1357
1338 1339
1357 1364
1357 1368
1363 1367
