#num-nodes
873
#num-links
3151
#links
0 40
0 121
0 194
0 374
0 480
0 718
1 84
1 120
1 136
1 154
1 178
1 183
1 230
1 268
1 336
1 357
1 523
1 566
2 46
2 79
2 172
2 189
2 303
2 360
3 7
3 39
3 53
3 195
4 135
4 165
4 240
4 275
4 292
4 307
4 313
4 325
5 31
5 49
5 84
5 120
5 148
5 156
5 164
5 183
5 332
5 336
5 432
5 480
5 495
5 531
6 289
6 290
6 292
6 430
7 241
7 325
7 367
7 394
7 413
7 416
7 476
7 511
7 575
8 350
8 409
8 503
8 536
8 581
9 11
9 51
9 213
9 294
9 299
9 344
9 366
9 432
9 506
10 57
10 62
10 182
10 262
10 283
10 303
10 396
10 479
10 499
10 529
10 535
10 639
11 65
11 79
11 100
11 153
11 216
11 252
11 330
11 437
11 563
12 17
12 86
12 96
12 191
12 257
12 380
12 478
12 504
12 543
12 664
13 47
13 431
13 548
14 160
14 291
14 503
15 123
15 272
15 309
15 359
15 427
15 529
15 534
15 582
16 97
16 101
16 273
16 354
16 392
16 417
16 435
16 447
16 450
16 527
17 124
17 125
17 175
17 178
17 191
17 196
17 203
17 336
17 388
17 533
17 548
18 91
18 104
18 119
18 152
18 172
18 358
18 485
18 525
19 216
19 286
19 342
19 407
19 422
19 509
20 179
20 576
21 237
21 312
21 678
22 143
22 172
22 175
22 184
22 256
22 277
22 334
22 349
22 367
22 481
23 31
23 341
23 480
23 765
24 75
24 155
24 264
24 288
24 415
24 464
24 493
24 497
24 765
25 121
25 150
25 156
25 216
25 622
26 95
26 517
27 29
27 31
27 45
27 99
27 148
27 172
27 197
27 225
27 228
27 278
27 330
27 432
27 436
27 459
27 480
27 496
27 499
28 45
28 120
28 207
28 228
28 452
28 480
29 100
29 113
29 164
29 480
29 484
29 761
30 316
30 382
30 406
30 411
30 414
30 461
30 549
31 119
31 276
31 279
31 383
31 458
31 480
31 493
31 529
31 547
31 672
32 85
32 87
32 103
32 139
32 214
32 306
33 173
33 358
33 561
34 89
34 111
34 121
34 133
34 187
34 249
34 339
34 388
34 389
34 398
34 449
34 454
34 465
34 511
34 558
35 192
36 62
36 63
36 102
36 107
36 236
36 283
36 286
36 414
36 507
36 510
36 517
37 75
37 97
37 191
37 285
37 333
37 383
37 460
37 464
37 563
38 218
38 297
38 496
39 58
39 86
39 566
40 80
40 132
40 231
40 254
40 408
40 827
41 73
41 271
41 375
41 518
42 168
42 488
42 565
42 579
42 585
42 807
43 104
44 55
44 99
44 104
44 172
44 544
45 100
45 175
45 197
45 207
45 277
45 333
45 395
45 469
45 517
46 59
46 62
46 79
46 256
46 276
46 303
46 312
46 360
47 209
47 488
47 565
48 135
48 196
48 227
48 249
48 291
48 363
48 483
48 494
49 62
49 143
49 156
49 199
49 257
49 298
49 304
49 332
49 399
49 518
49 519
50 79
50 105
50 142
50 225
50 297
50 484
51 79
51 107
51 164
51 237
51 330
51 366
51 404
51 432
51 531
51 622
51 756
52 152
52 275
52 466
53 106
53 134
53 463
53 523
54 138
54 223
54 365
54 569
55 74
55 82
55 88
55 119
55 124
55 184
55 216
55 278
55 326
55 372
55 396
55 397
55 413
55 422
55 428
55 442
55 515
55 519
55 545
55 550
55 552
55 575
55 625
55 664
55 718
55 732
55 838
55 839
56 108
56 166
56 396
57 239
57 364
57 372
57 380
57 381
57 389
57 398
57 476
57 483
57 543
57 566
58 142
58 263
58 532
58 581
59 145
59 237
59 299
59 425
59 448
60 136
60 193
60 250
60 257
60 276
60 423
60 487
61 273
61 487
61 502
62 102
62 154
62 191
62 286
62 303
62 325
62 367
62 372
62 389
62 477
62 574
63 152
63 286
63 574
65 191
65 347
65 657
65 744
66 112
66 287
66 685
66 744
66 746
67 101
67 119
67 433
68 452
69 119
69 255
69 319
69 392
69 434
69 497
69 507
70 202
70 622
71 112
71 131
71 207
71 270
71 346
71 419
71 434
71 516
71 517
72 75
72 100
72 128
72 165
72 346
72 508
72 547
72 557
72 583
73 156
73 158
73 391
73 393
73 510
74 82
74 96
74 154
74 169
74 309
74 469
74 545
75 99
76 400
76 568
76 585
77 247
77 547
77 555
78 215
78 424
78 482
78 528
79 99
79 107
79 164
79 182
79 255
79 299
79 322
79 330
79 459
79 515
79 531
79 535
79 746
79 756
80 243
80 304
81 248
81 416
81 524
82 169
82 189
82 203
82 225
82 228
82 307
82 309
82 313
83 130
83 186
83 242
83 261
83 306
83 372
83 407
83 425
83 538
83 541
84 183
84 251
84 298
84 336
84 406
84 478
85 87
85 115
85 138
85 139
85 246
85 305
85 306
85 532
86 118
86 133
86 195
86 268
86 333
86 363
86 477
86 491
86 504
88 211
88 394
88 567
90 197
90 465
91 102
91 154
91 205
91 312
91 428
91 608
92 102
92 128
92 238
92 340
92 568
93 243
93 326
93 477
93 481
93 552
94 119
94 405
94 713
95 96
95 270
95 276
95 302
95 311
95 366
95 390
95 548
95 685
96 191
96 279
96 329
96 383
96 405
96 469
97 234
97 279
97 390
97 435
97 443
97 447
97 450
98 171
98 173
98 177
98 208
98 211
98 324
98 505
98 514
99 104
99 237
99 263
99 265
99 287
99 531
100 508
100 547
100 557
101 143
101 243
101 266
101 298
101 423
101 531
102 105
102 154
102 157
102 216
102 331
102 449
102 543
102 553
102 568
103 565
104 128
104 304
104 358
105 107
105 146
105 251
105 291
105 312
105 387
105 503
105 509
105 547
105 553
105 581
106 130
106 154
106 188
106 225
106 228
106 241
106 370
106 453
106 485
106 565
106 578
106 704
107 137
107 229
107 240
107 256
107 300
107 450
107 459
107 479
107 509
108 137
108 150
108 166
108 211
108 233
108 329
108 427
108 528
109 145
109 249
109 580
109 718
110 340
111 133
111 135
111 389
112 131
112 218
112 240
112 428
112 447
112 470
112 496
113 122
113 364
113 491
113 500
113 560
114 182
114 190
114 302
114 324
114 436
114 479
114 493
114 496
114 506
114 513
114 583
114 791
114 854
115 358
116 152
116 196
117 170
117 208
117 333
117 337
117 436
117 466
117 485
117 639
118 125
118 312
118 401
118 504
118 581
119 382
119 434
120 168
120 393
120 479
120 579
120 685
121 198
121 223
121 262
121 272
122 191
122 312
122 397
122 410
122 491
122 492
122 500
122 560
122 582
123 225
123 341
123 410
123 477
123 547
124 211
124 219
124 358
124 397
124 398
124 421
124 422
125 195
125 326
125 378
125 388
125 416
125 566
125 581
126 128
126 151
126 247
126 324
126 460
126 496
126 555
127 172
127 549
128 137
128 151
128 188
128 324
128 340
128 395
128 475
128 507
128 707
128 784
129 132
129 402
129 482
130 186
130 332
130 371
130 476
130 538
131 247
131 255
131 404
131 459
131 535
131 537
132 254
132 340
132 341
132 358
132 402
132 404
132 498
132 531
132 792
133 316
133 389
133 398
133 465
133 558
134 191
134 208
134 334
134 436
134 463
135 307
135 449
135 462
137 197
137 510
137 654
137 717
137 860
138 144
138 196
138 338
138 380
138 381
138 457
138 462
138 581
139 312
140 165
140 309
140 580
140 582
141 144
141 180
141 191
141 203
141 312
141 316
141 363
141 389
141 452
141 545
141 549
141 726
142 265
142 270
142 311
142 324
142 451
142 459
142 493
142 496
142 506
143 255
143 339
143 428
143 521
143 523
143 531
144 314
144 449
145 175
145 178
145 189
145 216
145 221
145 237
145 250
145 361
145 395
145 428
145 444
145 447
145 455
145 465
145 707
145 756
146 187
146 298
146 337
146 339
146 406
146 412
146 432
146 465
146 478
146 628
147 247
147 337
147 417
147 490
147 718
148 172
148 226
148 234
148 273
148 334
148 386
148 405
148 432
148 452
148 502
148 549
148 577
148 641
150 297
150 337
150 417
150 422
150 502
150 537
150 718
151 531
151 544
152 209
152 361
154 274
154 309
154 312
154 337
154 349
154 389
154 397
154 445
154 464
154 533
154 545
155 158
155 217
155 271
155 288
155 396
156 336
156 395
156 414
156 432
156 564
156 572
157 158
157 447
157 553
158 234
158 354
158 391
158 417
158 450
158 505
159 304
159 465
160 257
160 364
160 477
160 547
162 233
162 255
162 259
163 264
163 277
163 371
163 712
164 226
164 264
164 270
164 283
164 302
164 337
164 348
164 366
164 432
164 436
164 459
164 513
164 531
164 557
164 608
165 299
165 582
166 168
166 215
166 528
166 541
167 365
167 551
167 583
167 732
168 190
168 404
169 316
169 461
169 484
169 505
169 545
170 189
170 249
170 283
170 320
170 553
171 443
172 184
172 225
172 228
172 256
172 277
172 405
172 412
172 743
172 802
173 427
173 443
173 511
174 426
175 183
175 188
175 221
175 243
175 312
175 367
175 370
175 466
175 790
175 802
176 351
177 493
178 183
178 294
178 298
178 317
178 336
178 339
178 452
178 566
179 248
179 504
179 539
179 550
179 552
179 555
179 576
180 363
181 294
182 258
182 309
182 348
182 526
182 529
182 582
182 583
182 639
183 298
183 330
183 336
183 339
184 220
184 226
184 256
184 277
184 513
185 263
185 572
185 581
185 784
186 424
186 541
187 465
187 565
187 749
188 231
188 303
188 312
188 380
188 439
188 441
188 444
189 206
189 233
189 250
189 322
189 360
189 464
190 319
190 404
190 496
191 203
191 211
191 215
191 328
191 413
191 469
191 560
192 466
193 341
193 397
193 408
193 410
193 547
194 205
194 271
195 291
195 355
195 368
195 388
195 504
195 523
195 566
196 249
196 397
196 445
196 476
196 483
196 486
197 216
197 236
197 405
197 479
197 480
197 542
197 622
197 715
198 218
198 367
198 440
198 502
199 218
199 382
199 495
199 518
200 202
201 227
201 416
201 500
201 560
202 205
202 343
202 563
203 309
203 533
203 545
205 351
205 399
205 494
205 556
206 303
206 318
208 221
208 321
208 337
208 466
208 485
209 361
209 514
209 542
210 237
210 361
210 479
210 485
210 542
210 622
211 219
211 233
211 321
211 394
211 519
211 567
212 327
212 371
212 600
213 333
213 444
213 460
214 306
214 389
214 416
214 431
214 459
214 581
215 259
215 328
215 349
215 413
215 421
215 439
215 519
215 528
216 233
216 428
216 463
216 535
216 553
216 625
216 792
217 445
217 472
217 725
218 273
218 415
218 447
218 475
219 397
219 421
219 422
220 224
220 226
220 227
221 231
221 428
221 436
221 466
221 506
221 516
222 385
222 429
222 438
222 550
223 380
223 381
223 439
223 440
223 441
223 522
224 226
225 309
225 375
225 380
225 397
225 408
225 492
225 545
225 582
225 584
225 650
226 227
226 367
226 413
226 440
226 442
226 628
227 352
227 445
227 628
228 397
228 492
228 515
228 545
228 582
228 584
229 285
229 312
229 331
229 352
229 507
229 552
229 669
230 259
230 385
230 413
230 414
230 416
230 519
230 569
231 408
232 375
232 424
233 250
233 528
233 530
234 484
234 505
234 549
235 311
235 348
236 287
236 330
236 514
236 517
237 283
237 368
237 436
237 543
237 622
238 685
239 259
239 357
239 378
239 549
240 654
240 666
240 670
241 269
241 357
241 440
241 442
242 371
242 407
242 541
243 411
244 420
246 397
247 389
247 395
247 411
247 555
248 334
248 358
248 365
248 395
248 400
248 543
248 664
249 320
249 363
249 428
249 483
250 314
251 289
251 291
251 342
251 345
251 365
251 484
251 485
251 509
251 553
251 600
252 278
253 400
253 568
255 319
255 324
255 348
255 428
255 498
255 583
255 792
256 277
257 547
259 312
259 313
259 357
259 440
260 326
260 337
260 378
260 412
260 469
262 294
262 424
262 532
262 792
262 795
263 304
264 265
264 357
264 538
265 288
265 497
266 424
266 445
266 449
266 458
267 364
267 387
267 555
268 341
268 364
268 477
268 566
268 838
269 518
270 302
270 390
270 868
271 405
271 443
271 474
271 552
272 317
272 341
272 357
272 406
272 440
272 477
272 533
272 575
273 312
273 349
273 549
275 298
275 312
275 370
275 376
275 432
275 460
275 466
275 580
276 302
276 344
276 355
276 444
277 322
277 334
277 348
277 349
277 507
277 513
278 299
278 330
278 422
278 432
278 718
279 281
279 370
279 396
279 469
279 510
279 550
279 560
280 367
280 487
280 550
281 510
282 574
283 303
283 330
283 432
283 459
283 503
283 515
283 583
283 799
284 486
285 287
285 497
286 447
286 510
286 519
286 574
287 419
287 444
287 501
287 507
287 537
287 557
288 297
289 290
289 342
289 345
289 485
289 525
290 347
290 398
290 444
291 365
291 388
291 428
291 476
291 485
291 503
292 445
293 418
294 298
294 333
294 440
294 521
295 322
295 389
295 452
295 523
295 548
296 418
297 420
297 432
297 502
297 567
298 332
298 339
298 423
298 478
298 521
298 531
299 348
299 466
299 579
299 583
299 622
300 479
302 330
302 344
302 348
302 455
302 548
302 555
302 623
303 360
303 411
304 358
304 472
304 551
305 306
305 317
305 343
305 436
305 463
305 523
306 463
306 538
307 462
308 534
308 569
309 316
309 325
309 427
309 428
309 529
309 538
309 582
310 377
310 514
310 869
312 317
312 349
312 422
312 452
312 515
312 718
313 357
313 424
313 439
313 440
313 469
313 578
314 320
314 390
314 423
314 449
314 480
314 490
314 537
314 808
316 347
316 461
316 505
316 529
317 341
317 368
317 406
317 477
317 560
317 815
318 319
319 323
319 376
319 494
319 499
320 396
320 411
320 413
320 425
320 445
321 428
322 333
322 344
322 506
323 342
323 585
324 428
324 555
324 784
325 428
325 477
326 378
326 388
326 530
326 550
326 552
327 364
327 371
328 329
328 518
329 358
329 454
329 545
330 336
330 339
330 348
330 366
330 432
330 459
330 756
331 387
331 486
332 349
332 476
332 502
333 436
333 480
333 555
334 416
334 472
334 667
334 682
334 787
336 393
336 420
336 433
336 452
336 533
337 533
338 364
338 457
338 558
339 414
339 487
340 527
340 529
341 364
341 459
341 462
341 463
341 566
342 345
342 524
342 534
342 549
342 559
344 455
344 466
344 513
344 549
345 347
345 524
346 434
346 497
346 507
347 355
347 461
347 509
348 455
348 466
348 506
348 513
348 555
348 574
349 414
349 420
349 452
349 461
349 492
349 711
349 714
350 409
350 503
350 536
351 419
353 557
353 685
354 392
354 418
354 505
354 669
355 461
356 454
357 372
357 421
357 444
357 462
357 519
357 538
358 425
359 367
359 425
359 463
359 545
359 582
361 428
361 547
362 458
362 639
363 519
363 560
364 477
364 539
365 369
365 551
365 732
366 515
366 639
367 440
367 463
367 481
367 718
368 380
368 551
369 371
369 547
370 547
371 524
371 534
371 545
372 375
372 448
372 474
373 393
373 461
375 425
376 399
376 419
376 517
376 544
376 762
377 455
377 470
378 388
378 566
380 491
380 504
380 543
381 399
381 556
381 566
382 430
382 450
383 480
383 493
383 672
383 737
385 438
385 439
385 440
385 441
385 552
386 452
386 549
387 420
387 486
387 502
387 711
389 582
390 449
390 471
390 502
390 505
390 613
390 737
391 494
393 494
393 495
394 519
394 567
395 441
395 535
395 555
395 572
396 486
397 410
397 422
397 492
397 718
398 399
398 422
398 449
398 474
399 456
399 474
399 551
399 556
399 668
400 406
400 475
400 523
400 568
401 463
401 498
401 532
401 553
401 741
402 404
404 459
404 555
404 583
404 585
404 634
404 792
405 466
405 475
405 515
405 529
406 477
406 481
406 803
407 425
407 530
407 541
407 562
408 496
408 555
408 787
409 536
409 539
409 581
410 500
412 534
412 549
413 442
413 519
413 567
414 487
416 431
416 560
416 581
417 422
417 450
417 466
418 749
420 496
420 553
420 823
421 422
421 424
421 441
421 517
421 583
422 428
422 545
422 718
423 521
423 531
424 441
424 538
425 584
426 515
428 466
428 792
430 449
430 450
431 445
431 458
431 548
432 447
432 756
434 823
435 622
435 823
436 444
436 485
436 493
436 496
436 506
436 517
436 544
436 756
437 507
437 540
439 469
439 552
439 578
439 581
440 463
440 477
440 481
441 578
442 519
442 530
442 541
442 567
444 517
445 799
446 503
446 743
447 453
447 464
447 475
447 564
447 787
449 458
452 523
455 466
455 513
455 743
456 493
456 551
458 801
459 531
459 566
459 627
459 634
459 646
459 685
460 470
461 485
462 492
464 493
464 685
466 505
466 544
466 600
466 733
469 511
469 549
469 550
470 535
474 480
474 548
474 549
474 551
475 568
476 542
478 485
478 548
478 733
479 537
479 555
479 756
481 552
484 584
484 655
485 733
486 516
487 583
488 565
490 578
492 500
492 533
492 552
493 547
493 557
494 583
494 618
497 563
498 532
498 792
500 560
502 523
503 536
506 535
506 583
507 510
507 517
507 540
508 510
508 517
508 544
508 557
511 613
511 749
514 750
517 563
517 685
517 707
518 559
518 567
519 545
519 567
520 577
522 581
523 568
524 559
524 569
525 526
525 549
530 541
530 545
531 555
531 756
535 583
539 581
543 549
543 572
544 762
545 582
545 732
545 839
546 547
547 560
549 550
549 553
550 552
551 554
551 732
555 572
555 801
555 871
558 726
561 600
562 574
569 581
570 571
570 575
571 573
571 575
572 584
573 575
574 578
574 657
579 585
579 692
579 807
579 825
583 646
583 678
583 732
583 754
583 791
583 859
584 729
585 597
585 621
585 676
585 684
585 692
585 695
585 711
585 714
585 719
585 727
585 796
585 826
586 615
586 629
586 672
586 687
586 692
586 699
586 727
586 744
586 773
586 831
586 861
587 644
587 694
587 699
587 738
587 750
587 783
588 632
588 640
588 665
588 673
588 683
588 698
588 723
588 751
588 759
588 778
588 781
588 782
588 791
588 804
588 823
588 830
588 833
588 854
588 856
588 864
589 596
589 618
589 620
589 646
589 718
589 762
589 810
589 824
589 844
590 612
590 685
590 692
590 695
590 696
590 700
590 706
590 759
590 799
590 841
590 850
591 631
591 654
592 642
592 698
592 751
592 754
592 756
592 791
592 871
593 736
594 609
594 642
594 675
594 697
594 707
594 729
594 787
594 798
594 811
594 827
595 599
595 600
595 628
595 662
595 670
595 716
595 761
595 766
595 791
595 807
596 788
596 810
596 834
597 601
597 658
597 714
597 745
597 815
597 843
598 612
598 662
598 733
598 740
598 769
598 780
598 828
598 829
599 656
599 697
599 706
599 794
599 844
600 636
600 716
600 766
600 829
600 836
601 731
601 869
602 669
602 693
602 716
602 723
602 846
603 818
604 621
604 657
604 672
604 801
604 847
604 863
604 865
604 868
605 619
605 684
605 688
605 751
605 764
605 765
605 773
605 784
605 786
605 871
606 652
606 725
606 788
606 824
607 621
607 656
607 832
608 673
608 738
608 773
609 610
609 654
609 704
609 729
609 751
609 788
609 798
609 811
609 813
610 613
610 626
610 683
610 704
610 805
610 807
610 809
610 810
610 822
610 825
610 839
610 860
610 872
611 640
611 648
611 649
611 659
611 660
611 694
611 758
611 819
611 851
612 643
612 695
612 841
613 631
613 643
613 653
613 693
613 703
613 730
613 751
613 781
613 808
613 815
613 818
613 821
613 860
615 629
615 640
615 649
615 687
615 694
615 697
615 715
615 739
616 864
617 843
618 620
618 646
618 710
618 762
618 787
618 810
618 844
619 672
619 692
619 695
619 712
619 727
619 751
619 768
619 813
619 826
619 847
620 639
620 646
620 653
620 717
620 725
620 726
620 781
620 784
620 788
620 798
620 808
620 811
620 812
620 817
620 833
620 841
620 871
621 623
621 672
621 709
621 736
621 790
621 826
621 827
621 831
621 863
621 865
623 650
623 821
623 827
623 863
624 661
624 691
624 702
624 720
624 725
624 746
624 778
624 796
625 637
625 710
625 820
626 714
626 722
626 805
626 810
626 825
626 844
626 854
627 634
627 669
627 693
627 733
627 759
627 770
627 771
627 815
627 817
627 827
628 651
628 665
628 766
628 829
628 836
629 687
629 692
629 712
629 744
629 793
629 803
629 861
630 643
630 740
630 799
630 825
630 830
630 864
631 650
631 722
631 726
631 730
631 738
631 818
631 821
632 667
632 683
632 730
632 733
632 737
632 752
632 773
632 775
632 791
632 816
632 833
632 859
633 642
633 658
633 745
633 840
633 845
634 650
634 669
634 693
634 703
634 707
634 716
634 771
634 817
634 846
635 816
636 647
636 665
636 717
636 721
636 726
636 728
636 740
636 825
636 864
637 710
637 809
637 820
638 659
638 690
638 752
638 753
638 802
638 837
638 840
638 849
639 646
639 725
639 730
639 752
639 808
639 812
639 834
640 649
640 659
640 694
640 715
640 739
640 741
640 769
640 783
640 813
640 819
640 826
640 848
640 851
640 862
640 865
641 713
641 750
641 783
641 800
641 848
642 719
642 765
642 835
642 837
642 849
643 650
643 653
643 781
643 782
643 798
643 807
643 860
644 699
644 835
645 691
645 708
645 754
645 763
645 764
645 768
645 786
645 837
646 729
646 740
646 811
646 844
647 693
647 716
647 717
647 721
647 726
647 728
647 730
647 770
647 775
647 825
647 856
647 864
648 692
648 695
648 741
648 849
649 659
649 694
649 715
649 739
649 741
649 769
649 804
649 813
649 819
649 826
649 849
649 851
649 862
650 653
650 707
650 807
650 817
650 818
651 665
651 673
651 728
651 743
651 758
651 772
651 806
651 838
652 666
652 670
652 692
652 695
652 697
652 762
653 693
653 717
653 798
653 807
653 823
653 833
653 860
654 761
654 824
655 674
655 706
655 736
655 779
655 852
656 657
656 691
656 721
656 736
656 753
656 795
656 863
656 865
658 660
658 745
658 845
659 701
659 769
659 802
659 819
659 840
659 849
660 673
660 704
660 709
660 741
660 753
660 755
660 835
661 691
661 852
661 855
662 669
662 717
662 740
662 752
662 828
663 689
663 696
663 705
663 800
663 848
664 859
665 667
665 717
665 728
665 799
665 806
665 864
666 670
666 692
666 695
666 697
666 812
666 863
667 678
667 683
667 693
667 703
667 716
667 722
667 740
667 816
667 846
668 843
669 671
669 693
669 703
669 716
669 737
669 752
669 771
669 790
669 799
669 810
669 817
669 825
669 833
669 846
669 854
669 856
670 812
671 723
671 728
671 844
672 688
672 790
672 797
672 847
672 865
673 688
673 704
673 709
673 750
673 769
673 804
673 848
673 861
674 704
674 706
674 779
675 720
676 684
676 687
676 731
676 738
676 764
676 773
676 814
676 855
676 871
677 842
677 853
677 863
678 732
678 754
678 780
678 791
678 833
678 854
678 856
678 859
679 681
679 717
679 777
679 805
679 811
679 822
679 833
679 834
679 850
679 871
680 692
680 711
680 714
680 731
680 836
682 777
683 703
683 717
683 721
683 730
683 770
683 806
683 816
683 828
683 833
683 859
684 692
684 708
684 711
684 727
684 767
684 814
684 831
684 837
684 851
685 691
685 706
685 852
685 865
686 747
686 769
686 802
686 840
686 849
687 712
687 744
687 761
687 769
687 814
687 847
687 861
688 690
688 724
688 784
689 691
689 793
689 800
689 813
690 704
690 755
690 787
690 800
690 848
690 865
690 868
690 871
691 692
691 724
691 761
691 829
691 831
692 695
692 711
692 714
692 727
692 787
692 794
692 814
692 841
693 717
693 737
693 771
693 815
693 825
693 833
693 846
693 863
694 715
694 739
694 819
694 849
694 851
694 862
695 697
695 705
695 711
695 714
695 719
695 727
695 787
695 794
695 799
695 841
696 735
697 714
697 841
698 752
698 791
698 799
698 830
698 833
698 846
698 856
698 864
699 713
699 738
699 742
699 784
699 832
700 806
701 768
701 783
701 813
702 712
702 764
702 855
703 716
703 717
703 732
703 733
703 752
703 771
703 828
703 846
704 709
704 783
704 785
704 800
704 804
704 810
704 836
704 848
705 742
705 784
705 800
705 837
705 848
705 861
705 862
706 852
707 768
708 751
708 765
708 768
708 792
708 814
708 831
708 837
709 724
709 761
709 783
709 843
710 756
710 820
711 714
711 742
711 746
711 760
711 765
711 787
711 805
711 814
712 742
712 747
712 764
712 790
712 802
712 849
712 855
712 865
712 871
713 750
713 775
713 783
714 746
714 765
714 865
715 747
715 769
715 820
715 863
716 733
716 829
716 846
717 721
717 723
717 758
717 806
717 825
717 833
719 746
719 863
720 740
720 764
720 786
720 827
720 846
720 850
721 726
721 740
721 839
722 725
722 871
723 759
723 799
723 806
723 864
724 790
724 803
725 757
725 798
725 824
725 857
726 831
727 731
727 787
727 796
727 847
727 855
727 859
728 758
729 788
729 811
729 844
730 751
730 761
730 781
730 815
730 816
730 818
730 821
730 842
730 872
731 738
731 773
731 784
731 805
732 737
732 754
732 791
732 833
732 846
732 854
732 856
733 737
733 740
733 743
733 752
733 770
733 815
733 828
733 839
733 846
736 768
736 770
736 787
736 831
736 832
736 871
737 752
737 821
737 859
738 773
738 774
738 784
738 855
738 871
739 830
739 839
739 849
739 851
739 854
739 862
739 865
740 780
740 817
740 828
740 846
740 854
740 860
741 803
742 760
742 769
742 773
742 778
742 784
742 837
742 843
742 849
743 762
743 844
744 773
744 863
745 840
745 845
746 796
746 827
747 753
747 769
747 804
747 849
748 835
750 775
750 783
750 848
751 765
751 786
751 821
751 849
751 869
751 871
752 780
752 791
752 846
752 854
752 858
752 864
753 768
753 849
754 763
754 786
754 791
754 854
754 872
755 848
756 777
756 781
756 791
756 795
756 807
757 761
757 788
758 830
759 782
759 799
761 842
762 810
763 786
763 826
763 827
764 765
764 830
764 839
764 855
765 786
765 813
765 855
766 829
766 836
767 814
768 802
768 831
768 837
768 848
768 849
768 851
768 865
769 804
769 819
769 840
769 855
770 773
770 825
770 846
770 850
771 817
771 825
772 836
772 838
773 784
773 855
773 871
774 816
775 825
775 830
775 839
779 852
780 791
780 828
780 833
780 854
780 864
781 795
781 860
781 872
782 785
783 849
784 811
784 831
784 871
786 826
786 827
786 871
787 788
787 871
788 824
788 857
790 865
790 871
791 799
791 828
791 839
791 854
791 859
791 864
793 813
793 861
795 872
797 801
797 848
797 871
798 841
798 860
799 825
799 830
799 839
799 864
800 848
800 851
800 870
800 871
802 819
802 837
802 840
802 846
802 849
803 865
804 840
804 849
805 810
805 844
806 841
807 842
808 812
808 815
808 816
808 821
808 847
809 817
809 821
809 824
809 841
810 827
810 844
810 868
811 824
811 838
811 857
812 841
812 842
813 861
814 815
814 831
814 837
814 851
816 830
816 839
816 849
816 857
816 859
817 825
817 846
818 821
818 838
818 872
819 840
819 849
820 824
820 828
821 842
821 847
821 860
823 838
823 869
825 864
826 861
828 846
829 848
830 839
830 846
830 854
830 856
830 864
830 865
830 872
831 847
831 861
831 865
831 871
832 871
833 846
833 854
833 856
834 871
835 837
835 848
835 868
837 851
838 869
839 854
839 856
839 872
840 849
846 854
848 851
848 865
851 862
854 856
855 871
861 865
865 871
