#num-nodes
1047
#num-links
2753
#links
1 57
2 286
2 623
2 866
3 616
4 103
4 173
4 180
4 240
4 385
4 435
4 471
4 519
4 523
4 952
5 292
5 428
6 17
6 57
6 164
6 213
6 238
6 263
6 294
6 335
6 396
6 430
6 564
8 41
8 328
8 398
8 426
8 532
8 551
8 613
9 193
9 248
9 415
9 447
9 448
9 512
9 566
9 605
11 24
12 37
12 38
12 70
12 233
12 269
12 348
12 366
12 393
13 103
13 125
13 135
13 158
13 286
13 317
13 460
13 527
13 561
13 580
13 628
14 170
14 248
14 257
14 396
14 407
15 69
15 324
16 341
16 546
16 572
17 31
17 61
17 64
17 460
17 474
17 499
17 539
18 28
18 151
18 166
18 340
18 754
20 59
21 389
22 243
23 531
24 175
24 334
24 407
24 608
25 154
25 216
25 219
25 337
25 367
25 374
25 402
25 552
26 165
26 377
26 737
27 96
27 120
27 484
27 547
28 92
28 220
28 260
28 283
28 391
29 55
29 66
29 185
29 256
29 396
29 479
30 74
30 265
30 302
30 345
30 424
31 61
31 118
31 275
31 316
31 421
31 447
31 460
31 499
31 552
33 176
33 295
33 336
33 536
33 588
34 147
34 179
34 343
34 408
34 559
35 92
35 174
35 998
35 1011
35 1033
37 168
37 278
37 627
38 79
38 90
38 233
38 336
40 142
40 192
40 238
40 532
41 76
41 113
41 203
41 210
41 285
41 447
41 457
41 463
41 485
41 509
41 609
41 625
41 628
41 633
42 189
42 232
42 289
42 311
42 313
42 512
43 116
43 139
43 229
43 233
43 274
43 281
43 369
43 411
43 435
45 62
45 119
45 143
45 225
45 284
45 378
45 509
45 576
45 599
45 613
46 87
46 108
46 194
46 263
46 311
46 474
46 552
46 619
48 162
50 191
50 633
54 511
55 164
55 223
55 290
55 396
55 477
56 107
56 135
56 153
56 158
56 171
56 190
56 339
56 458
56 462
56 463
56 486
56 528
56 530
56 561
56 565
56 568
57 105
57 164
57 294
57 349
57 378
57 396
57 457
57 476
57 477
57 492
58 339
58 603
59 107
59 296
59 566
60 403
60 598
61 64
62 464
63 967
63 1015
64 316
64 418
65 592
66 105
66 196
66 386
66 462
66 477
66 479
66 498
67 87
67 137
67 313
67 317
67 348
67 449
67 561
67 574
67 614
68 192
68 234
68 341
68 1028
69 178
69 437
69 563
70 78
70 233
70 269
70 383
70 1028
71 633
72 102
72 537
73 105
74 103
74 134
74 264
74 288
74 345
74 572
75 171
75 323
75 339
75 346
75 353
75 357
75 608
76 260
76 509
76 576
76 625
76 628
78 233
78 537
78 609
78 615
79 273
79 297
79 325
79 598
80 160
80 559
81 125
81 158
81 405
81 458
81 460
81 542
81 561
81 581
82 177
82 304
82 428
82 473
83 550
83 828
84 115
84 160
84 621
85 158
85 530
86 573
87 424
87 457
87 619
88 568
90 94
90 128
90 181
90 211
90 223
90 258
90 290
90 293
90 336
90 403
90 447
90 477
90 546
90 564
90 588
90 961
91 572
92 174
92 204
94 181
94 339
94 422
94 623
94 961
95 162
96 476
96 534
96 946
98 362
99 756
100 116
100 245
100 328
100 468
100 487
101 488
102 145
102 182
102 404
102 470
102 581
103 151
103 210
103 264
103 286
103 323
103 558
103 580
104 177
104 427
104 447
105 164
105 396
105 464
105 492
105 498
105 748
106 435
107 402
107 463
107 484
107 486
107 566
107 568
108 159
108 263
108 317
108 578
108 614
108 619
109 258
110 471
110 520
110 573
110 982
111 219
111 490
112 306
113 156
113 203
113 285
113 286
113 313
113 378
113 411
113 457
113 485
113 509
113 523
113 552
113 581
113 609
113 625
113 628
113 633
115 117
115 417
115 442
115 554
115 560
116 518
117 360
118 171
118 531
119 144
119 170
119 225
119 449
119 499
119 574
119 599
120 198
120 302
120 306
120 494
120 569
120 623
120 828
121 158
121 226
121 344
121 533
122 354
124 200
125 135
125 158
125 405
125 458
125 460
125 542
125 561
126 158
127 226
127 581
128 159
128 475
128 552
129 622
132 395
132 622
133 200
133 456
133 534
134 328
134 572
135 153
135 171
135 184
135 251
135 255
135 339
135 458
135 527
135 561
135 565
135 581
135 597
135 603
136 266
136 427
136 601
136 638
137 142
137 193
137 225
137 391
137 409
137 461
138 322
139 159
139 233
139 267
139 344
139 348
140 186
140 245
141 616
142 196
142 205
142 211
142 228
142 254
142 332
142 461
142 595
142 745
144 170
144 210
144 225
144 324
144 449
144 509
144 599
145 237
145 360
145 634
146 197
147 219
147 281
147 445
147 609
147 615
148 247
148 423
149 182
150 389
151 265
151 424
151 532
151 552
151 596
152 176
152 288
152 600
153 171
153 226
153 347
153 458
153 460
153 473
153 527
153 564
153 565
154 251
154 367
154 859
155 193
156 422
156 566
157 590
158 226
158 458
158 561
158 581
159 201
159 537
159 619
160 269
160 351
160 354
160 395
160 471
160 476
160 581
160 624
161 186
161 621
162 211
162 290
162 352
163 569
163 626
164 196
164 256
164 396
164 474
164 477
164 479
164 588
164 618
165 436
165 504
166 355
166 517
166 596
167 351
167 475
167 627
169 193
170 225
170 324
170 409
170 449
170 499
170 509
170 561
170 574
171 190
171 347
171 460
171 527
171 565
173 204
173 346
173 357
173 385
173 435
173 523
174 243
174 379
174 906
174 1011
174 1033
175 313
176 295
176 329
176 337
176 461
176 474
177 234
177 304
177 309
177 343
177 473
178 437
178 459
178 558
178 563
179 344
179 422
179 559
181 258
181 353
181 432
181 532
181 552
182 330
182 524
182 568
184 255
184 289
184 307
184 344
184 417
184 559
184 578
185 256
185 301
185 342
185 362
185 462
185 479
185 541
185 568
186 204
186 245
186 455
186 584
187 234
188 377
189 347
189 358
189 467
189 512
190 255
192 229
192 332
192 346
192 386
192 406
192 498
192 564
193 336
193 517
193 578
194 232
194 284
194 311
194 464
194 580
194 608
195 330
196 227
196 335
196 479
196 562
196 564
196 588
198 214
198 367
198 518
198 629
199 539
201 344
201 435
202 242
202 346
202 1028
203 457
203 485
203 509
204 243
204 248
204 379
204 569
205 228
206 289
206 536
207 253
207 254
207 633
208 444
210 225
210 285
210 286
210 449
210 485
211 228
211 627
211 1015
213 633
214 233
214 304
214 366
214 435
214 450
214 494
214 511
214 513
216 219
216 244
216 564
216 588
218 385
218 480
219 239
219 310
219 384
219 596
219 598
220 260
221 631
223 272
223 290
223 337
223 431
223 495
223 512
224 234
224 278
224 627
225 378
225 449
225 457
225 576
225 599
225 613
226 388
226 527
226 565
227 562
228 272
229 444
229 595
230 481
231 258
231 316
231 322
231 459
232 267
232 284
232 311
232 503
232 605
232 637
233 267
233 274
233 367
233 385
234 283
234 414
234 455
235 306
235 388
237 286
237 317
237 475
237 542
237 625
237 628
238 247
238 357
238 461
238 633
239 284
240 269
240 277
240 323
240 348
240 351
240 411
240 445
240 523
240 537
240 551
241 463
242 343
242 403
242 495
242 523
242 587
242 602
243 247
243 302
243 391
243 504
243 544
243 551
243 723
245 302
245 487
246 582
247 305
247 328
248 280
248 358
248 396
248 462
248 478
248 566
249 325
251 597
252 278
252 442
252 550
252 627
253 411
253 552
253 841
254 353
254 447
254 536
254 552
254 588
254 633
255 339
255 527
255 561
255 597
255 739
256 477
256 479
258 334
258 353
258 432
259 355
259 395
259 456
259 473
259 479
259 484
259 535
259 745
260 443
260 533
261 395
261 476
261 946
263 386
263 486
263 578
263 614
263 1028
264 400
265 282
265 405
267 415
267 426
267 447
267 523
268 403
269 309
269 398
269 528
269 614
269 1006
271 284
271 431
271 490
271 590
272 290
272 293
272 915
273 431
275 287
275 310
275 316
275 416
275 521
275 536
276 377
277 550
277 615
278 627
279 921
281 317
281 348
281 353
281 385
281 435
281 445
281 615
281 636
282 416
282 447
282 474
282 521
283 587
284 590
284 605
284 608
285 485
285 509
285 625
286 317
286 324
286 445
286 509
286 552
286 574
286 580
286 598
286 609
286 625
286 628
287 445
288 379
288 400
288 569
289 359
292 343
292 403
292 428
292 456
292 572
292 602
293 359
293 431
293 567
293 573
293 588
293 608
295 325
295 337
295 391
297 349
297 543
300 397
301 362
301 463
301 568
302 400
303 428
304 343
304 473
306 388
306 400
306 453
306 480
306 569
307 360
309 531
310 313
310 447
310 608
310 621
313 351
313 621
316 352
316 383
316 407
316 521
317 351
317 418
317 445
317 628
318 378
320 507
320 513
321 392
322 334
322 441
322 465
322 620
323 580
323 588
324 418
324 437
325 458
325 598
326 535
326 597
327 423
328 528
328 551
329 625
330 409
332 406
334 352
334 609
335 499
336 353
336 447
336 474
336 546
336 578
336 588
337 353
337 546
337 588
339 452
339 535
339 581
339 603
339 610
341 358
341 464
341 609
342 473
343 379
343 408
343 428
343 455
343 473
343 495
343 584
343 602
344 357
344 408
344 537
344 559
345 572
346 357
346 362
346 405
346 486
346 562
346 564
347 460
347 542
348 591
350 585
351 372
351 476
351 498
351 551
351 594
352 369
352 383
352 447
352 477
352 530
353 359
353 405
353 431
353 477
353 486
353 523
353 588
354 359
354 476
355 417
355 456
355 570
355 588
357 369
357 405
358 464
359 588
360 398
360 520
360 522
360 573
361 880
362 486
362 568
363 599
364 587
367 494
367 567
368 391
369 587
372 395
372 425
372 476
378 430
378 457
378 613
379 572
379 623
383 503
385 435
385 597
385 633
388 504
388 512
392 616
393 401
393 444
393 550
393 627
394 596
395 398
395 476
395 514
395 531
395 578
396 415
396 431
396 492
396 501
396 1028
397 547
397 635
398 829
401 550
403 552
403 587
405 542
405 588
405 628
407 521
407 587
408 447
408 451
408 559
411 435
411 551
411 552
411 621
411 631
412 487
412 550
413 572
413 604
415 546
415 552
417 570
421 490
421 580
421 859
422 423
422 427
422 433
422 520
422 522
422 572
422 623
422 1015
424 457
424 458
424 532
424 566
424 595
424 633
426 522
426 564
427 501
427 1015
430 576
431 534
433 443
435 519
435 523
436 524
437 558
437 563
437 613
437 786
438 530
440 569
440 623
443 581
443 630
445 449
445 485
445 609
445 615
446 618
447 552
448 530
448 546
449 509
449 574
449 599
449 609
449 621
449 625
451 572
453 511
453 569
453 631
455 589
456 473
456 853
457 481
457 576
457 595
457 613
458 462
458 503
458 555
458 561
458 590
458 598
460 580
461 486
461 564
462 479
462 541
463 479
463 486
463 568
464 500
464 595
464 621
464 853
471 523
472 573
473 484
473 504
474 477
474 479
474 543
474 594
475 476
476 581
477 479
477 536
477 546
479 486
479 512
479 530
479 536
479 605
481 518
481 550
481 576
483 604
484 534
484 619
486 564
486 568
487 633
494 629
498 594
500 576
503 621
503 638
509 609
509 621
509 625
511 534
511 544
511 566
511 569
511 584
512 530
512 546
518 587
518 828
520 522
520 550
520 565
521 543
522 550
523 537
523 636
524 598
527 542
527 565
528 542
530 618
531 616
531 634
534 577
535 561
535 575
536 628
537 615
537 619
539 566
539 605
544 581
550 596
552 556
552 581
552 633
554 560
555 560
555 573
558 563
561 581
561 628
564 565
566 595
567 574
570 630
571 587
573 597
573 611
574 625
574 633
575 739
576 625
590 598
590 605
594 621
595 621
597 823
597 998
598 599
598 616
598 617
599 613
602 859
608 611
609 625
616 617
623 866
625 628
630 745
639 734
639 877
639 906
639 927
639 944
639 977
640 700
640 725
640 815
640 857
640 886
640 924
640 953
641 703
641 705
641 831
641 881
643 659
643 684
643 694
643 754
643 766
643 788
643 809
643 822
643 829
643 859
643 864
643 929
643 936
643 972
643 994
643 1038
644 681
644 689
644 753
644 809
644 867
644 902
644 946
644 959
644 981
644 994
645 655
645 667
645 691
645 732
645 752
645 757
645 796
645 807
645 824
645 831
645 877
645 931
646 707
646 722
646 744
646 755
646 792
646 841
646 845
646 883
646 952
646 981
646 1039
646 1045
647 805
647 810
647 1041
648 730
648 749
648 799
649 650
649 748
649 754
649 844
649 847
649 902
649 933
649 947
649 959
650 844
650 848
650 965
652 668
652 698
652 708
652 754
652 818
652 880
652 901
652 909
652 959
652 994
652 1032
653 702
653 743
653 746
654 918
655 696
655 761
655 888
655 889
655 924
655 970
655 973
655 985
655 1006
655 1025
655 1026
655 1046
656 691
656 704
656 759
656 774
656 970
656 984
656 1006
656 1013
657 679
657 855
657 858
657 923
657 1000
658 667
658 706
658 720
658 751
658 762
658 788
658 888
658 1038
659 706
659 732
659 753
659 774
659 818
659 829
659 831
659 843
659 876
659 912
659 933
659 992
659 1017
659 1024
659 1028
660 691
660 770
660 790
660 818
660 824
660 862
661 772
661 784
661 806
661 849
661 961
661 1010
662 681
662 744
662 770
662 792
662 825
662 845
662 861
662 874
662 883
662 900
662 910
662 965
662 977
662 1000
663 738
663 918
664 716
664 832
664 880
664 946
664 950
664 976
665 803
665 807
665 856
665 861
665 893
665 915
666 681
666 753
666 776
666 809
666 819
666 919
666 994
667 789
667 798
667 803
667 860
667 866
667 944
667 954
668 772
668 774
669 698
669 700
669 726
669 750
669 796
669 849
669 852
669 875
669 941
669 946
670 735
670 736
670 749
670 771
670 775
670 858
670 873
670 955
670 978
670 979
670 1014
671 690
671 736
671 778
671 783
671 831
671 908
671 912
671 917
671 943
671 1030
672 822
672 921
673 711
673 732
673 760
673 773
673 885
673 944
673 973
673 1006
674 680
675 839
675 1002
676 739
677 679
677 738
677 879
677 938
677 940
677 987
677 995
677 1007
678 723
678 766
678 828
678 841
678 845
678 885
678 912
678 922
678 981
679 697
679 744
679 825
679 841
679 845
679 858
679 903
679 928
679 938
679 940
679 1007
681 795
681 809
681 818
681 867
681 980
681 994
681 1038
682 858
682 979
683 815
684 847
684 905
684 929
684 936
684 943
684 959
684 988
685 964
686 743
686 855
687 815
687 965
687 1044
689 786
689 823
689 829
689 847
689 902
689 917
689 943
689 994
689 998
689 1007
689 1017
690 691
690 855
690 858
690 910
690 937
690 947
690 949
690 981
691 740
691 803
691 886
691 891
692 743
693 740
694 699
694 744
694 765
694 827
694 835
694 990
695 702
695 755
697 705
697 710
697 817
697 881
697 923
698 754
698 755
698 777
698 800
698 830
698 831
698 832
698 903
698 932
698 950
698 986
698 1016
698 1032
699 719
699 738
699 799
699 828
699 926
700 745
700 885
700 997
700 1003
700 1009
701 776
701 804
701 809
701 814
701 832
701 870
701 946
701 968
701 1016
701 1031
702 765
702 783
702 800
702 817
702 831
702 848
702 990
703 705
703 830
703 831
703 985
703 1043
704 798
704 800
704 947
705 720
705 732
705 751
705 766
705 831
705 888
705 981
705 1041
705 1043
706 707
706 734
706 747
706 762
706 766
706 828
706 829
706 867
706 887
706 905
706 912
706 933
706 952
706 1038
707 762
707 766
707 794
707 905
707 912
708 779
708 800
708 829
708 851
708 960
708 1017
709 896
710 752
710 1000
713 717
713 750
713 823
713 987
713 1007
714 717
714 754
714 777
714 851
714 892
714 899
714 917
714 934
714 936
714 950
714 984
714 1035
715 855
715 1021
716 885
716 906
716 946
716 976
717 753
717 828
717 841
717 934
717 937
717 987
717 997
717 1010
718 766
718 885
719 773
719 811
720 743
720 856
720 888
720 949
720 1002
720 1026
721 762
721 764
721 786
721 809
721 842
721 864
721 885
721 909
721 939
721 951
721 967
721 1017
721 1028
721 1033
722 785
722 921
722 947
722 989
722 998
722 1019
722 1020
723 738
723 744
723 845
723 877
723 937
723 968
723 1007
723 1027
723 1039
724 756
724 930
724 1000
724 1039
725 751
725 754
725 777
725 790
725 899
725 929
725 941
725 959
725 972
726 765
726 946
726 976
727 731
727 1040
728 907
729 737
729 798
729 807
729 811
729 844
729 867
729 927
729 983
729 1021
730 799
730 938
731 747
731 1019
731 1020
732 741
732 809
732 877
732 910
732 921
732 942
732 972
732 976
732 985
732 1020
732 1035
733 752
733 754
733 784
733 916
733 962
734 736
734 751
734 791
734 795
734 829
734 843
734 924
734 943
734 962
734 1038
734 1046
735 736
735 775
735 787
735 858
735 873
735 955
735 978
735 979
736 778
736 783
736 815
736 905
736 948
736 1008
737 953
738 856
738 881
738 883
738 945
738 960
739 780
741 748
741 796
741 847
741 870
741 906
741 909
741 1003
741 1035
743 748
743 788
744 754
744 811
744 825
744 841
744 845
744 857
744 882
744 922
744 934
745 766
745 927
745 1007
746 791
746 953
747 749
747 792
747 861
747 894
747 915
747 999
748 772
748 819
748 826
748 852
748 902
748 920
748 943
748 962
748 1003
748 1027
749 770
749 771
749 775
749 873
749 938
749 965
749 969
749 978
749 1014
750 796
750 869
750 947
750 1033
751 777
751 784
751 812
751 829
751 859
751 961
751 1033
752 807
752 854
752 863
752 924
752 928
752 1043
753 754
753 795
753 796
753 859
753 871
753 872
753 899
753 919
753 942
753 959
753 994
753 1046
754 819
754 822
754 843
754 859
754 871
754 905
754 912
754 916
755 767
755 831
755 839
755 997
756 807
756 871
756 882
756 987
756 999
756 1026
756 1030
757 773
758 878
759 774
759 849
761 786
761 826
761 885
761 949
761 993
761 1006
762 766
762 794
762 809
762 813
762 842
762 886
762 952
762 992
763 781
763 798
764 795
764 809
764 842
764 867
764 868
764 885
764 939
764 946
764 951
764 1033
764 1035
765 1044
766 823
766 859
766 868
766 889
766 927
766 933
767 879
767 1039
767 1042
769 796
769 1009
770 791
770 824
770 879
770 969
771 799
771 812
771 858
771 873
771 955
771 964
771 969
771 979
771 1014
772 785
772 819
772 871
772 956
772 982
773 794
773 817
773 861
773 949
774 820
774 870
775 787
775 858
775 873
775 955
775 965
775 978
775 979
776 944
776 972
776 980
776 1046
777 784
777 950
777 988
777 1025
778 784
778 823
778 886
778 890
778 956
778 1010
778 1033
778 1035
779 887
779 1044
780 832
780 897
780 1034
781 969
781 977
781 986
781 987
783 784
783 1008
784 806
784 849
784 951
784 958
784 960
784 970
784 1033
784 1037
785 864
786 990
786 1034
787 873
787 955
787 964
787 979
788 812
788 828
788 864
788 872
788 885
788 946
788 981
788 998
788 1033
789 881
790 815
790 819
790 834
790 849
790 879
790 941
790 952
790 972
790 1015
791 995
791 1016
792 901
792 912
792 943
792 1013
793 799
793 860
793 881
793 1036
794 886
794 942
794 992
795 868
795 939
795 970
796 823
796 868
796 906
797 869
797 1011
797 1016
798 814
798 891
798 913
798 947
798 991
798 1037
799 877
799 904
799 934
799 938
799 969
799 993
799 1006
800 961
800 986
800 992
803 812
803 861
803 904
803 915
803 922
803 940
806 826
806 849
806 1010
807 830
807 933
807 1030
808 920
809 842
809 845
809 864
809 867
809 871
809 885
809 902
809 905
809 906
809 910
809 929
809 933
809 939
809 951
809 976
809 1006
809 1033
809 1038
810 1009
811 871
811 875
811 927
811 937
811 969
812 902
812 934
812 991
812 1029
812 1032
813 852
813 871
813 932
813 970
813 1009
814 891
814 970
814 1028
814 1032
815 871
815 876
815 881
815 910
815 953
815 965
815 1044
816 821
817 904
817 920
818 824
818 829
818 857
818 870
818 889
818 927
818 993
818 1042
819 822
819 851
819 859
819 952
819 960
819 972
819 1015
820 870
820 924
820 943
821 945
822 859
822 872
822 933
822 1035
823 998
823 1009
823 1027
823 1028
824 857
824 889
824 953
824 993
825 841
825 845
825 900
825 928
826 867
826 902
826 909
826 976
826 1017
826 1033
827 977
827 990
828 922
828 998
829 843
829 851
829 864
829 872
829 981
829 994
829 1017
830 839
830 966
830 1015
831 875
831 915
831 972
831 1005
832 852
832 909
832 992
832 1017
833 924
834 866
834 1016
835 842
835 885
835 909
835 911
835 918
835 1028
836 848
836 863
836 902
838 947
838 987
839 1039
841 845
841 857
841 861
841 882
841 922
841 934
841 937
841 974
842 867
842 868
842 885
842 909
842 939
842 951
842 1017
843 902
843 912
843 1017
843 1020
843 1024
843 1025
845 861
845 882
845 922
845 928
845 1011
846 941
847 864
847 899
847 902
847 962
847 976
847 1007
847 1033
847 1035
848 971
848 1024
849 851
849 908
849 943
849 961
849 1008
849 1010
849 1033
850 903
850 913
850 937
850 947
850 953
850 1000
851 917
851 936
851 984
852 920
852 982
852 1003
852 1041
853 861
854 952
854 999
854 1030
855 1016
856 951
856 1038
857 863
857 893
857 920
857 948
857 965
857 1041
858 965
858 979
858 1014
859 872
859 876
859 937
859 968
859 1033
860 954
861 894
861 922
861 977
862 866
862 920
862 997
862 1009
863 902
863 928
863 974
863 1043
864 902
864 906
864 921
864 994
864 1007
864 1028
864 1033
866 896
866 935
866 993
866 999
867 885
867 906
867 929
867 933
867 939
867 946
867 972
867 976
867 989
867 994
867 1006
867 1033
868 939
868 951
870 924
870 937
870 943
870 967
870 1046
871 876
871 910
871 939
871 942
871 1030
872 899
872 939
872 949
872 951
872 1033
873 978
873 979
873 992
873 1014
874 876
874 906
874 910
874 959
874 965
874 992
874 1033
874 1035
875 984
875 1038
876 910
876 933
876 937
876 953
876 968
876 974
876 1012
876 1035
877 970
877 1007
878 918
878 948
878 973
879 947
879 968
879 972
879 987
879 1007
881 883
881 896
881 924
881 960
881 1044
882 903
883 900
883 904
883 937
884 926
884 982
885 909
885 914
885 939
885 951
885 968
885 1006
885 1033
886 902
886 988
887 962
888 896
888 897
888 923
889 924
889 973
889 974
889 985
889 995
889 996
890 1022
891 1030
892 912
892 956
892 1038
896 960
897 1034
898 1020
899 905
899 936
899 959
899 984
899 998
900 1000
900 1021
901 977
902 921
902 959
902 976
902 981
902 986
902 994
903 918
903 1000
904 949
904 960
904 1002
905 912
905 925
905 929
905 958
906 909
906 946
906 951
906 959
906 1033
906 1035
907 953
907 1016
907 1034
909 942
909 951
909 1028
910 921
910 933
910 952
910 981
910 996
910 1033
910 1035
910 1045
912 917
912 936
912 958
912 1024
914 996
914 1020
915 953
915 1008
916 981
917 958
917 1026
918 927
918 947
918 948
918 1000
919 960
920 933
920 950
920 1040
921 951
921 1007
921 1035
922 995
922 1002
922 1029
922 1032
922 1039
923 991
923 1037
924 937
924 973
924 1000
924 1046
925 936
926 985
927 977
927 1002
928 1039
930 947
932 970
932 1013
933 952
933 1030
933 1035
936 961
936 1008
936 1010
936 1024
936 1033
937 968
937 980
937 981
937 1000
937 1046
938 1037
938 1039
939 951
940 956
941 962
941 1003
942 984
942 1017
943 994
943 1003
944 985
944 1006
946 976
946 1033
947 949
947 1000
947 1007
947 1046
948 970
948 974
948 993
948 1006
950 1016
951 952
951 959
951 972
951 1028
951 1033
952 968
952 1015
952 1027
952 1033
953 967
953 996
953 1004
955 978
955 979
956 970
956 1004
956 1027
957 993
958 980
958 1033
959 976
959 994
959 1033
959 1035
961 1033
962 1003
964 1014
965 980
965 1029
965 1037
965 1045
967 993
968 969
968 977
968 1000
968 1035
969 1014
970 1025
972 983
972 1017
972 1028
973 977
973 979
973 1016
974 1025
976 1042
978 979
978 1014
979 1014
980 1000
980 1025
980 1033
981 982
981 983
981 998
981 1012
981 1018
981 1035
984 1039
985 992
985 1024
985 1025
986 1016
986 1032
986 1038
988 1024
988 1025
992 1039
993 1006
994 1027
997 1009
997 1030
997 1045
998 1035
999 1030
1001 1046
1003 1009
1004 1024
1004 1027
1004 1035
1006 1033
1007 1020
1007 1034
1013 1018
1021 1043
1023 1034
1024 1025
1024 1033
1024 1035
1025 1031
1026 1030
1027 1032
1027 1035
1033 1035
1033 1038
1035 1043
1038 1039
1042 1045
