#num-nodes
426
#num-links
1590
#links
0 16
0 40
0 41
0 125
0 141
0 204
1 20
1 38
1 119
1 166
1 234
1 240
1 249
1 252
1 253
2 46
2 76
2 90
2 115
2 132
2 143
2 155
2 239
2 280
3 34
3 71
3 83
3 99
3 102
3 145
3 147
3 184
3 230
3 255
3 263
4 57
4 239
5 79
5 89
5 193
5 203
5 267
6 16
6 112
6 113
6 204
7 57
7 126
7 139
7 198
7 203
7 260
7 367
8 11
8 21
8 32
8 102
8 135
8 170
8 173
8 174
8 175
8 177
8 185
8 255
8 261
9 25
9 155
9 175
9 195
9 223
9 240
10 149
10 237
11 81
11 102
11 142
11 155
11 174
11 177
11 179
11 194
11 225
11 232
11 236
12 25
12 40
12 113
12 116
12 118
12 153
12 155
12 172
12 204
12 216
12 235
12 386
13 33
13 100
13 198
14 25
14 42
14 113
14 116
14 136
14 189
14 216
14 235
15 35
15 41
15 62
15 93
15 97
15 103
15 115
15 118
15 213
15 221
15 228
15 235
15 268
16 40
16 41
16 113
17 20
17 101
17 118
17 227
17 238
17 249
18 22
18 36
18 55
18 59
18 84
18 123
18 150
18 174
18 178
18 188
18 195
18 240
18 241
18 255
19 30
19 87
19 89
19 108
19 153
19 167
19 176
19 178
19 182
19 183
19 245
19 285
19 312
20 24
20 44
20 166
20 214
20 229
20 249
20 253
21 22
21 32
21 60
21 142
21 161
21 170
21 240
21 258
21 261
22 27
22 55
22 96
22 119
22 133
22 188
22 202
22 208
22 241
22 262
23 89
23 95
23 156
23 162
23 197
23 199
23 221
24 41
24 49
24 69
24 214
24 254
25 26
25 35
25 110
25 115
25 118
25 143
25 167
25 181
25 221
25 243
25 247
25 266
27 52
27 60
27 77
27 96
27 114
27 175
27 190
27 196
27 207
27 217
27 267
29 30
29 34
29 120
29 131
29 168
29 169
29 212
30 34
30 51
30 68
30 74
30 130
30 131
30 176
30 178
30 201
30 259
30 312
31 94
31 186
32 72
32 138
32 147
32 161
32 174
32 182
32 255
32 261
33 100
33 394
34 38
34 48
34 74
34 119
34 130
34 131
34 168
34 176
34 183
34 192
34 234
34 252
34 257
34 259
34 298
34 312
34 365
34 394
35 107
35 132
35 143
35 161
35 181
35 247
35 266
36 59
36 77
36 84
36 96
36 175
36 189
36 207
36 209
37 73
37 113
37 123
37 126
37 148
37 150
37 171
37 188
37 217
37 223
37 235
37 246
37 251
38 119
38 173
38 179
38 182
38 184
38 194
38 214
38 229
38 244
39 205
39 233
39 248
40 125
40 126
40 147
40 153
40 154
40 160
40 191
40 266
41 86
41 93
41 204
41 249
42 102
42 136
42 179
42 182
42 184
42 189
43 237
44 70
44 86
44 164
44 209
44 227
44 228
44 229
44 238
44 263
45 124
46 76
46 103
46 132
46 135
46 159
46 213
46 216
46 228
46 247
47 63
47 66
47 139
47 237
47 335
47 343
47 367
48 55
48 62
48 68
48 70
48 72
48 101
48 176
48 192
48 214
48 233
48 234
48 253
49 69
49 102
49 133
49 172
49 204
49 214
49 226
50 64
50 98
50 100
50 130
50 156
50 169
50 226
52 128
52 185
53 110
55 72
55 117
55 155
55 177
55 196
55 202
55 236
56 94
56 104
56 201
56 267
57 143
57 180
57 222
57 400
58 75
58 92
58 132
59 60
59 70
59 83
59 84
59 111
59 114
59 136
59 175
59 190
59 225
60 77
60 170
60 173
60 175
60 190
60 196
60 200
60 203
61 86
62 65
62 93
62 112
62 113
62 148
62 213
62 215
62 228
62 246
62 251
63 66
63 86
63 237
63 382
64 113
64 121
64 242
65 111
65 160
65 223
65 251
66 129
66 237
66 242
66 256
66 343
66 419
67 156
67 161
67 183
67 307
68 118
68 205
68 211
69 172
69 252
70 111
70 119
70 141
70 173
70 179
70 198
70 209
70 229
70 244
70 250
70 251
71 73
71 98
72 117
72 128
72 141
72 174
72 178
72 219
72 236
73 89
73 150
73 160
73 163
73 188
73 207
73 209
73 223
74 155
74 167
74 230
74 259
74 411
75 92
75 132
75 183
75 266
76 77
76 140
76 141
76 182
76 188
76 205
76 245
76 258
76 266
76 403
77 84
77 96
77 111
77 138
77 142
77 178
77 190
77 208
77 226
77 236
77 241
77 250
77 403
78 86
78 94
78 152
78 224
79 212
79 262
81 189
83 84
83 102
83 104
83 142
83 177
83 182
83 219
84 88
84 96
84 123
84 142
84 171
84 188
85 201
85 243
86 229
87 89
87 92
87 165
88 140
88 202
88 205
88 245
88 258
89 95
89 197
89 199
89 209
89 241
89 262
90 92
90 240
91 104
91 134
91 142
91 149
91 152
91 176
91 183
91 186
91 238
91 253
92 102
92 143
92 235
92 246
93 136
93 160
93 204
93 209
93 215
93 228
93 247
94 99
94 126
94 135
94 152
95 118
95 197
95 199
95 209
95 221
96 138
96 142
96 177
96 196
96 207
96 209
96 219
96 223
96 250
97 209
97 242
98 144
98 165
98 169
98 203
98 212
98 226
99 104
99 121
99 134
99 172
99 176
99 178
99 205
99 233
99 254
100 130
101 198
101 233
101 238
101 249
101 252
101 260
102 125
102 140
102 155
102 179
102 188
102 189
103 115
103 155
103 160
103 180
103 213
103 216
103 239
103 248
104 134
104 138
104 186
104 255
104 261
104 263
105 128
105 137
105 141
105 185
105 190
105 195
105 210
105 240
106 117
106 224
106 233
106 265
106 266
107 109
107 181
107 246
108 122
108 153
108 192
108 259
109 140
109 258
110 118
110 126
110 207
110 218
111 122
111 148
111 161
111 194
111 196
111 244
112 122
112 126
112 167
112 191
112 200
112 204
112 218
112 223
112 247
112 251
113 246
113 251
114 183
114 192
114 217
114 257
115 118
115 160
115 180
115 221
117 190
117 196
117 209
117 234
117 245
117 258
118 121
118 153
118 155
118 251
118 265
119 133
119 152
119 179
119 234
119 238
120 156
120 203
120 262
121 127
121 157
122 153
122 165
122 226
122 259
123 150
123 163
123 170
123 171
123 188
123 196
124 125
124 154
125 147
125 150
125 184
125 233
125 261
125 263
126 154
126 204
126 216
126 218
127 157
127 166
127 167
127 209
128 137
128 190
128 196
128 240
129 343
130 165
130 201
130 203
130 226
130 257
130 267
131 165
131 196
131 226
132 148
132 159
132 204
132 213
132 221
133 202
133 208
133 258
133 411
134 152
134 186
135 152
135 229
136 175
136 189
136 197
136 199
136 209
136 240
137 141
137 174
137 185
137 210
137 242
138 161
138 173
138 174
138 177
138 190
138 192
138 196
138 208
138 219
138 232
138 240
139 204
139 215
139 231
139 242
139 343
140 141
140 205
140 245
140 248
140 258
140 403
141 142
141 143
141 202
141 208
141 210
142 165
142 209
142 244
142 258
142 315
143 181
143 221
143 235
143 239
144 149
144 176
144 183
144 192
144 203
144 205
144 226
144 257
144 267
145 255
145 261
146 222
146 251
147 161
147 174
147 177
148 159
148 213
148 215
148 246
149 165
149 392
150 175
150 195
150 223
151 178
153 167
153 204
153 230
153 312
155 195
155 209
155 239
155 255
155 265
158 256
159 213
159 216
159 247
160 180
160 184
160 204
160 209
160 216
160 217
160 241
160 251
161 207
161 261
161 265
162 197
162 199
163 241
164 227
164 254
164 277
166 229
166 234
166 240
166 249
166 253
167 191
167 218
167 224
167 265
168 176
168 179
168 183
168 192
168 203
168 257
168 298
168 312
168 388
169 212
170 175
170 190
170 196
170 207
171 178
171 188
171 204
171 255
172 176
172 226
172 252
172 254
173 177
173 214
173 227
173 240
173 244
173 252
174 177
174 219
174 232
175 190
175 196
175 207
175 223
175 225
175 240
176 192
176 226
176 234
176 252
177 182
177 188
177 190
177 195
177 219
177 240
178 188
178 226
179 182
179 184
179 194
179 214
179 229
179 234
179 238
179 244
179 250
179 252
179 361
179 365
179 388
180 218
180 239
181 231
181 247
181 260
182 184
182 186
182 252
182 261
182 263
183 192
183 234
183 307
183 394
184 255
185 189
185 210
185 240
185 244
185 251
186 223
186 230
188 194
188 217
188 219
188 223
188 226
188 241
189 204
189 209
189 238
190 196
190 208
190 219
190 248
191 218
191 230
192 234
192 259
192 388
194 227
194 233
194 244
194 250
195 240
195 250
195 255
196 202
196 207
196 209
197 199
197 209
197 221
197 225
198 215
198 250
199 225
201 243
202 240
203 226
203 327
204 207
204 209
204 218
205 245
205 250
205 258
207 223
207 240
207 248
208 209
208 225
209 223
209 229
209 238
209 240
209 253
209 268
210 240
211 215
211 221
211 254
213 216
213 228
213 246
214 229
214 252
214 253
214 254
214 260
215 242
216 242
217 241
221 256
221 266
224 239
224 265
225 251
226 252
226 257
226 258
227 229
227 238
227 244
228 238
229 238
229 253
229 254
230 245
230 257
230 263
230 325
232 250
234 238
234 240
234 249
234 253
234 257
235 246
238 253
238 260
240 255
240 261
241 251
242 343
244 250
245 258
246 247
248 403
250 388
252 266
255 261
257 258
257 259
258 403
261 265
263 267
263 312
268 308
268 326
268 329
268 331
268 337
268 350
268 358
268 374
268 389
269 299
269 303
269 318
269 323
269 378
269 396
269 402
269 410
269 424
271 305
271 306
271 309
271 325
271 352
271 370
271 386
271 389
271 392
271 396
271 410
271 417
271 419
271 424
272 279
272 309
272 313
272 337
272 338
272 350
272 352
272 370
272 395
272 396
272 402
272 417
273 295
273 346
273 371
273 406
273 414
273 425
274 279
274 354
275 302
275 333
276 292
276 293
276 300
276 316
276 326
276 337
276 347
276 365
276 376
276 380
276 384
276 385
276 410
276 413
276 420
277 331
277 378
277 385
277 387
277 402
277 410
278 282
278 290
278 291
278 325
278 339
278 361
278 383
278 393
278 399
278 403
279 329
279 349
279 354
279 406
279 412
280 283
280 288
280 289
280 295
280 306
280 339
280 342
280 369
280 397
280 408
280 421
282 292
282 297
282 302
282 376
282 384
282 386
282 387
282 395
282 402
282 418
282 424
283 309
283 337
283 340
283 369
283 382
283 401
283 406
283 419
284 353
284 357
284 375
284 414
285 289
285 314
285 316
285 341
285 411
286 313
286 337
286 346
286 350
286 370
286 392
286 406
286 418
286 423
287 296
287 401
287 407
288 304
288 310
288 393
288 405
288 408
288 421
289 314
289 316
289 340
289 341
289 387
289 398
289 411
290 291
290 375
290 377
290 390
290 422
291 353
291 364
291 389
291 394
291 414
292 327
292 337
292 347
292 383
292 418
293 351
293 372
293 388
294 345
294 352
294 392
294 417
295 345
295 360
295 368
295 389
295 425
296 304
296 332
296 340
296 393
296 408
297 302
297 329
297 383
297 387
298 327
298 365
298 366
298 376
298 378
298 385
298 402
298 411
299 417
300 327
300 331
300 404
300 408
302 310
302 319
302 325
302 339
302 352
302 369
302 383
302 386
302 418
302 421
302 423
302 424
303 316
303 318
303 355
303 406
303 410
303 413
303 417
304 317
304 327
304 339
304 408
305 316
305 338
305 355
305 387
305 410
305 417
305 424
306 325
306 396
306 424
307 319
307 353
307 362
307 364
307 375
307 394
307 400
307 421
308 315
308 317
308 320
308 328
308 358
309 315
309 340
309 383
309 389
309 421
310 328
310 329
310 339
310 383
310 389
310 392
311 346
311 352
311 418
311 423
311 424
312 326
312 347
312 361
312 388
312 407
312 411
313 346
314 341
314 358
314 389
315 317
315 328
316 395
316 417
317 320
317 328
317 377
318 321
318 336
318 338
318 372
319 362
319 363
319 369
319 375
319 393
319 408
319 421
320 328
320 333
321 322
321 374
321 398
321 409
321 422
322 340
322 387
322 397
322 416
323 366
323 372
323 376
323 387
323 402
325 344
325 383
325 393
326 327
326 351
326 382
326 395
326 420
327 333
327 347
327 361
327 365
327 403
328 368
329 354
329 383
329 396
329 424
332 408
334 367
334 382
336 355
336 356
336 358
336 398
337 339
337 344
337 352
337 383
337 384
337 385
337 392
337 418
337 424
337 425
338 344
338 352
338 403
338 413
339 352
339 383
339 399
339 421
339 424
340 360
340 379
340 382
340 405
340 416
342 357
342 369
342 383
342 386
342 407
344 370
344 392
344 393
344 395
344 406
345 369
346 350
346 368
349 389
350 354
350 370
350 380
350 418
351 361
351 393
351 403
352 369
352 370
352 386
352 396
352 417
352 418
352 423
352 424
353 364
353 375
353 414
353 416
354 360
354 389
354 396
354 405
354 419
355 361
355 417
356 382
356 391
358 374
358 398
358 406
358 412
359 361
359 365
359 366
359 376
359 388
359 424
360 362
360 371
360 393
360 419
361 388
361 395
361 411
362 383
362 421
363 393
363 399
363 408
364 377
365 366
365 378
365 388
365 413
366 378
366 388
366 395
367 391
368 371
368 380
368 393
369 383
369 418
369 424
370 392
370 418
372 415
373 423
374 398
374 422
375 394
375 400
375 409
376 384
376 385
376 387
376 388
376 396
377 421
377 422
378 385
378 388
378 395
378 410
378 413
379 399
379 414
380 420
382 398
383 386
383 418
383 421
383 423
383 424
384 385
384 387
384 417
384 418
385 387
385 388
386 389
386 392
386 424
387 397
387 402
387 406
389 392
389 396
389 402
389 417
389 424
391 405
392 419
393 399
393 408
393 412
393 421
394 400
394 407
394 409
395 402
395 413
395 417
396 402
396 410
396 418
396 423
396 424
397 416
399 403
400 409
403 413
404 417
404 419
405 408
406 412
406 419
407 421
408 421
410 417
418 423
419 425
420 421
423 424
