#num-nodes
467
#num-links
1394
#links
0 16
0 26
0 84
0 98
0 102
0 140
0 310
0 314
0 346
0 357
0 413
0 453
1 152
1 366
2 199
2 280
2 346
3 120
3 193
3 209
3 322
3 454
4 95
5 152
6 328
7 17
7 18
7 25
7 45
7 126
7 127
7 132
7 149
7 171
7 236
7 306
7 319
7 415
7 452
7 462
8 30
8 65
8 129
8 379
8 402
9 298
9 372
10 105
10 163
10 266
10 337
10 373
10 445
11 113
11 123
11 311
11 358
12 95
12 105
12 277
12 333
12 419
12 445
13 30
13 46
13 140
13 153
13 181
13 258
13 265
14 15
14 122
14 333
14 348
14 466
15 204
15 317
15 333
16 23
16 26
16 93
16 190
16 225
16 453
17 18
17 25
17 48
17 149
17 166
17 184
17 335
17 337
17 339
17 365
17 455
18 22
18 25
18 127
18 132
18 171
18 356
18 415
18 462
18 466
19 66
19 96
19 203
19 302
19 341
19 403
19 421
20 34
20 54
20 96
20 125
20 230
20 235
20 237
20 346
20 383
20 407
21 129
21 138
22 127
22 132
23 110
23 141
23 211
23 239
23 363
23 382
23 418
23 421
23 439
23 463
24 285
24 305
25 74
25 99
25 126
25 127
25 171
25 217
25 236
25 319
25 366
25 425
25 449
26 310
26 314
26 357
26 413
26 453
27 110
27 192
27 440
28 115
28 135
28 146
28 294
28 430
28 440
29 86
29 108
29 177
29 253
29 285
29 368
29 400
30 44
30 46
30 65
30 83
30 144
30 217
30 294
30 396
30 457
31 109
31 116
31 132
31 169
31 244
31 426
32 33
32 54
32 104
32 125
32 137
32 143
32 172
32 237
32 288
32 301
32 441
33 54
33 104
33 125
33 137
33 143
33 172
33 237
33 295
33 301
33 441
34 42
34 54
34 55
34 89
34 159
34 172
34 229
34 230
34 257
34 278
34 301
34 315
34 378
34 383
34 403
34 407
34 416
34 441
35 266
37 382
37 438
37 439
38 83
38 234
38 340
39 40
39 100
39 216
39 229
39 293
39 436
39 465
40 195
40 216
40 293
40 389
40 456
40 460
41 90
41 160
41 271
41 313
41 381
42 115
42 138
42 179
42 197
42 230
42 235
42 257
42 276
42 278
42 346
42 395
42 459
43 142
43 270
43 298
43 360
44 141
44 152
44 375
45 62
45 132
45 244
45 248
45 393
45 415
45 457
46 110
46 180
46 192
46 265
46 267
46 272
46 351
46 394
46 434
47 103
47 382
48 184
48 245
48 365
48 368
48 410
48 448
48 449
48 455
49 309
49 348
49 433
49 462
50 190
50 193
50 259
51 171
51 239
51 363
51 369
51 398
51 450
51 454
52 423
53 73
53 83
53 101
53 180
53 256
53 273
53 297
53 316
53 328
53 366
54 63
54 80
54 104
54 125
54 143
54 159
54 172
54 229
54 235
54 237
54 257
54 287
54 301
54 302
54 315
54 346
54 378
54 383
54 407
54 415
54 432
54 441
55 101
55 436
58 284
58 330
58 425
59 199
60 136
60 242
60 384
60 385
60 417
61 447
62 79
62 457
63 122
63 166
63 317
63 336
63 427
63 445
64 366
65 67
65 228
65 262
65 305
65 435
65 453
65 463
66 72
66 96
66 98
66 137
66 161
66 188
66 197
66 231
66 254
66 318
66 334
66 389
66 395
66 441
66 459
67 117
67 331
67 451
68 243
69 163
69 168
69 376
69 458
70 120
70 132
70 220
70 371
70 405
72 161
72 188
72 230
72 231
72 304
72 334
72 434
73 167
73 273
73 328
73 366
74 144
74 146
74 186
74 232
74 267
74 274
74 290
74 316
74 390
74 428
75 232
75 449
76 162
76 323
76 411
77 182
77 366
77 371
77 410
77 454
78 116
78 218
78 295
78 356
78 464
79 146
79 183
80 140
80 207
80 251
80 331
81 162
81 436
82 114
82 186
82 202
82 233
82 234
82 259
82 286
82 296
82 361
82 416
82 434
82 451
82 456
83 153
83 186
83 217
83 264
83 366
84 102
84 140
84 142
84 154
84 314
84 346
84 456
84 463
85 119
85 151
86 108
86 177
86 253
86 320
86 400
87 98
87 180
87 331
87 342
87 345
87 413
87 461
88 310
89 195
89 216
89 293
89 389
89 416
90 160
90 234
90 271
90 381
91 150
91 264
91 298
91 311
91 360
91 369
91 454
92 287
92 304
92 308
92 349
92 433
93 225
93 432
93 435
94 204
95 309
95 333
95 419
96 108
96 156
96 158
96 188
96 208
96 230
96 302
96 334
96 346
96 395
97 122
97 243
98 117
98 133
98 396
99 144
99 146
99 186
99 214
99 390
99 446
100 202
100 271
100 291
100 293
100 356
100 416
100 436
100 460
100 465
101 119
101 159
101 164
101 294
101 315
101 367
102 314
102 346
102 357
102 413
103 110
103 134
103 211
103 256
103 438
104 230
104 295
104 301
104 315
104 407
104 441
105 166
105 201
105 266
105 373
105 376
105 391
105 458
107 323
108 177
108 253
108 300
108 400
108 403
108 426
109 169
110 115
110 128
110 276
110 290
110 321
110 334
110 383
110 429
110 440
110 457
110 459
111 412
112 241
112 290
112 297
112 331
112 394
112 412
113 126
113 153
113 171
113 233
113 259
113 263
113 286
113 299
113 306
113 384
113 425
114 307
114 350
114 416
114 456
115 131
115 183
115 201
115 224
115 268
115 317
115 334
116 138
116 156
116 161
116 328
117 352
118 125
118 128
118 208
118 237
118 257
118 278
118 291
118 321
118 383
118 415
118 429
119 130
119 151
119 227
119 261
119 398
120 126
120 132
120 193
120 281
121 389
121 427
122 132
122 219
122 246
122 336
123 132
123 193
123 377
123 430
124 139
124 185
124 191
124 446
125 237
125 415
125 416
126 171
126 236
126 259
126 263
126 319
126 343
127 132
127 236
127 462
128 154
128 178
128 268
128 276
128 321
128 323
128 383
128 429
128 430
129 141
129 206
129 209
129 360
129 457
130 138
130 164
130 363
130 401
131 328
131 382
131 397
132 171
132 223
132 236
132 244
132 266
132 296
132 319
132 336
132 373
132 415
132 421
132 424
132 426
132 452
132 462
133 140
133 412
133 461
134 173
134 239
134 273
134 290
135 294
135 364
135 430
136 140
136 310
136 385
136 417
137 159
137 231
137 235
137 276
137 288
137 315
137 318
137 334
137 400
137 403
137 407
138 267
138 364
138 382
138 404
138 430
138 440
139 150
139 193
139 233
139 234
139 424
140 314
140 413
141 152
141 206
141 267
141 284
142 150
142 191
142 270
142 360
143 156
143 177
143 229
143 287
143 320
143 400
143 441
144 217
144 225
144 264
144 282
144 286
144 299
144 306
144 316
144 335
144 339
144 364
144 366
144 409
145 458
146 186
146 217
146 225
146 267
146 282
146 306
146 316
146 364
146 390
146 404
146 432
147 412
148 285
148 368
149 161
149 184
149 238
149 335
149 339
150 193
150 286
150 321
150 322
151 227
151 368
152 256
152 401
153 181
153 191
153 192
153 265
153 280
153 311
153 397
153 430
153 446
154 321
154 429
155 180
155 375
155 379
155 393
156 208
156 254
156 299
156 318
156 395
158 276
158 278
158 332
158 334
158 359
159 258
159 300
159 315
159 378
159 407
160 178
160 195
160 216
160 271
160 293
160 299
160 381
160 460
161 230
161 434
161 436
162 234
162 256
162 323
162 406
164 227
164 367
165 358
165 445
166 183
166 240
167 234
168 317
168 388
169 422
170 388
171 236
171 259
171 299
171 425
172 229
172 230
172 235
172 359
172 403
172 464
173 174
173 180
173 258
173 273
173 394
174 175
174 248
174 258
174 271
174 381
175 247
175 248
175 271
175 338
175 345
175 347
175 381
177 253
177 400
177 428
178 370
179 197
179 208
179 254
179 257
179 302
180 256
180 269
180 273
180 290
180 375
180 393
180 394
180 402
181 192
181 263
181 265
181 410
182 205
182 353
183 201
183 213
183 243
183 317
183 340
184 238
184 335
184 339
184 448
184 449
184 455
185 194
186 214
186 390
186 428
186 448
186 449
188 209
188 231
188 459
191 192
191 264
191 270
191 344
191 360
192 263
192 264
192 265
192 385
192 410
192 446
193 202
193 299
193 322
193 445
193 454
194 431
195 216
195 293
195 351
195 358
195 460
196 387
197 208
197 257
197 341
197 365
197 400
197 414
197 433
198 233
198 286
199 242
199 280
199 398
200 228
200 263
201 224
201 300
201 376
201 419
202 234
202 296
202 299
202 356
202 393
202 416
202 456
203 229
203 300
203 318
203 356
203 383
203 403
203 421
203 422
204 348
205 353
205 389
206 290
207 351
208 234
208 244
208 254
208 320
208 400
208 433
209 243
209 322
209 452
210 274
210 352
210 404
210 453
212 226
213 366
213 462
213 466
214 255
214 316
214 390
214 404
214 432
214 448
215 404
216 271
216 293
216 312
216 381
216 436
216 460
216 465
217 232
217 306
217 316
217 364
217 366
217 432
219 244
219 313
219 426
220 262
220 312
220 353
220 370
220 405
221 398
223 266
223 336
223 445
224 243
224 244
224 266
224 337
224 373
224 412
224 419
224 444
224 452
225 435
226 368
226 372
227 439
228 274
228 343
229 300
229 301
229 320
229 341
229 403
229 415
230 231
230 278
230 334
230 346
230 415
230 421
230 434
231 434
231 459
232 364
233 277
233 286
233 358
233 361
234 286
234 296
234 299
234 361
234 434
234 456
235 315
235 359
235 378
236 319
236 384
237 278
237 300
237 318
237 403
237 407
238 252
238 282
238 432
239 362
239 363
239 382
239 450
240 243
240 262
241 438
242 280
242 310
242 384
242 385
243 298
243 337
243 409
243 452
244 442
245 345
245 347
245 368
247 248
247 282
247 345
247 347
247 432
247 435
249 366
249 463
250 285
251 331
251 402
251 447
251 451
253 304
253 400
255 390
256 273
256 331
256 355
256 362
257 276
257 278
257 441
258 315
259 286
259 296
259 319
260 331
261 305
261 314
261 365
262 313
262 455
263 265
263 406
263 446
264 265
264 398
264 410
264 446
265 406
265 430
265 446
266 303
266 426
267 404
267 440
268 276
268 278
268 321
268 429
269 273
269 382
270 311
270 360
271 307
271 312
271 370
271 381
271 423
272 273
272 290
272 394
272 451
273 290
273 354
273 394
274 298
274 352
276 278
276 300
276 321
276 334
276 383
276 429
276 441
278 334
278 389
280 311
281 303
282 345
282 347
282 432
282 435
283 438
284 425
285 305
285 368
286 296
286 306
286 319
286 358
286 361
286 424
286 425
286 434
286 454
287 301
287 304
287 349
287 464
288 356
290 354
290 362
290 375
290 394
291 356
291 456
292 330
293 307
295 301
295 422
296 319
296 358
296 395
296 410
296 416
296 434
296 456
297 375
297 393
297 457
298 360
298 410
299 302
299 358
299 410
299 424
299 425
299 454
300 403
300 415
301 346
301 403
304 308
305 368
306 319
306 364
307 312
307 456
307 460
309 466
310 314
310 384
310 417
310 432
311 384
312 381
312 465
313 451
314 346
314 357
315 356
315 378
315 403
315 407
316 365
316 366
316 390
316 420
318 341
318 383
318 395
320 415
321 323
321 383
321 429
321 430
323 380
323 411
323 429
326 423
327 332
328 366
328 382
328 438
330 369
331 402
331 443
331 447
331 461
332 359
332 438
334 429
335 339
335 448
335 449
335 455
336 391
337 350
337 376
337 452
339 448
339 449
339 455
340 444
340 445
341 359
341 403
341 433
344 410
345 412
346 357
346 378
346 404
346 413
346 441
347 379
348 452
348 466
351 393
351 436
354 375
354 393
354 413
355 362
356 416
356 434
356 456
358 384
359 389
362 392
363 382
363 450
365 398
365 448
365 449
366 414
366 416
366 454
368 398
368 448
368 449
370 406
370 416
370 456
370 460
371 417
373 376
373 397
373 444
375 393
375 394
376 390
376 458
377 384
378 407
378 441
378 459
379 457
380 411
381 423
383 407
383 429
385 417
389 414
389 427
390 428
390 432
391 458
393 394
394 457
395 459
400 426
403 407
403 421
403 433
403 441
404 422
407 441
413 461
416 436
416 456
416 460
421 445
426 452
429 430
430 434
430 436
431 453
434 436
434 451
434 456
436 456
438 439
448 455
450 463
456 460
462 466
