#num-nodes
1235
#num-links
4157
#links
0 101
0 165
0 283
0 429
0 799
0 869
0 987
0 1099
1 235
1 266
1 659
1 941
1 956
1 1080
1 1131
1 1190
2 321
2 700
2 1222
2 1227
3 831
4 623
4 636
4 914
4 949
4 1194
5 198
5 297
5 1128
6 10
6 43
6 65
6 119
6 169
6 224
6 239
6 327
6 517
6 539
6 594
6 760
6 876
6 878
6 881
6 913
6 946
6 957
6 1059
7 160
7 178
7 627
8 116
8 283
8 373
8 386
8 419
8 422
8 764
8 818
8 919
8 987
8 1099
8 1196
9 254
9 279
9 283
9 289
9 317
9 536
9 1151
9 1187
9 1202
10 29
10 147
10 188
10 245
10 288
10 312
10 432
10 459
10 589
10 605
10 654
10 757
10 960
10 1023
10 1040
10 1143
10 1149
11 116
11 183
11 283
11 386
11 422
11 764
11 895
11 896
11 919
11 987
11 1196
12 18
13 255
13 269
13 273
13 460
13 606
13 646
13 865
13 989
13 1061
14 353
14 1211
15 373
15 477
15 852
15 944
15 1089
16 19
16 137
16 446
16 644
16 748
16 1034
17 24
17 408
17 582
17 701
17 726
17 749
17 979
17 1002
17 1132
18 695
18 781
18 835
18 836
19 137
19 190
19 760
19 979
20 299
20 647
20 683
20 743
20 754
20 941
20 1006
20 1016
20 1110
20 1151
20 1231
21 161
21 280
21 474
21 601
21 610
21 708
21 721
21 870
21 1162
22 268
22 344
22 529
22 583
22 827
23 48
23 702
23 778
23 978
24 221
24 341
24 580
24 979
25 221
25 565
25 674
25 831
25 1046
27 314
27 1120
28 50
28 280
28 329
28 838
28 951
28 1057
29 589
29 595
29 689
29 912
29 916
29 1039
30 31
30 410
30 594
30 621
30 641
30 749
30 868
30 950
30 1141
31 410
31 594
31 749
31 868
31 950
31 1141
32 69
32 436
32 769
32 991
33 464
33 662
33 778
33 849
33 1105
33 1144
33 1210
34 344
34 535
34 595
34 602
34 679
34 718
34 817
34 929
34 1095
34 1232
35 56
35 318
35 376
35 377
35 580
35 697
35 711
35 856
35 1090
36 240
36 523
36 647
36 777
36 887
36 980
37 146
37 530
38 250
38 463
38 472
38 576
38 652
38 760
38 990
38 1034
38 1074
39 122
39 130
39 501
39 690
39 761
39 844
39 882
39 937
39 1188
40 854
41 54
41 88
41 136
41 186
41 458
41 462
41 491
41 625
41 750
41 839
41 1019
41 1120
41 1224
42 63
42 126
42 274
42 340
42 613
42 814
42 840
42 863
42 908
42 965
42 1084
42 1147
42 1159
42 1191
43 163
43 291
43 406
43 431
43 476
43 1106
43 1126
44 388
44 438
44 478
44 790
44 803
44 905
44 1029
45 107
45 108
45 251
45 340
45 356
45 357
45 360
45 378
45 493
45 533
45 590
45 642
45 1025
45 1220
46 199
46 309
47 529
48 103
48 696
48 817
48 822
48 1011
48 1125
49 162
49 206
49 354
49 432
49 449
49 822
49 848
49 1040
49 1128
49 1172
49 1221
50 79
50 329
50 620
50 778
50 789
50 838
50 951
50 1057
50 1066
53 91
53 272
54 175
54 337
54 959
54 1046
54 1224
55 83
55 517
55 866
55 930
55 1129
56 160
56 192
56 318
56 521
56 640
56 697
56 706
56 892
56 1010
57 92
57 140
57 254
57 393
57 415
57 864
57 869
57 890
58 153
58 514
58 581
58 631
58 670
58 695
58 867
58 1218
59 119
59 169
59 486
59 876
59 878
59 1101
59 1165
59 1176
59 1197
60 83
60 145
60 335
60 517
61 104
61 110
61 142
61 155
61 291
61 331
61 372
61 791
61 1019
62 260
62 532
62 859
62 985
62 1123
62 1205
63 126
63 378
63 464
63 542
63 657
63 684
63 772
63 1091
63 1105
63 1107
63 1142
65 501
65 681
65 878
65 1043
66 384
66 481
66 698
67 667
67 972
69 347
69 436
69 581
69 676
69 741
70 884
70 888
71 299
71 330
71 391
71 392
71 429
71 626
71 869
72 79
72 291
72 339
72 371
72 590
72 599
72 720
72 765
72 1030
72 1072
73 148
73 425
73 659
73 858
73 868
73 907
73 1053
73 1131
73 1190
74 101
74 204
74 219
74 255
74 282
74 788
74 896
74 1112
74 1226
75 178
75 351
75 470
75 677
75 926
75 1157
76 141
76 355
77 98
77 104
77 166
77 404
77 527
77 568
77 861
77 976
77 1024
78 101
78 140
78 220
78 362
78 407
78 735
78 890
78 997
79 176
79 356
79 360
79 720
79 812
79 825
79 965
79 1035
79 1047
79 1072
80 226
80 339
80 456
80 551
80 590
80 600
80 642
80 649
80 720
80 731
80 954
80 1030
81 925
81 929
81 978
82 134
82 337
82 674
82 953
82 961
82 1068
83 931
84 256
84 275
84 377
84 525
84 548
84 644
84 805
84 843
84 1157
84 1199
84 1225
85 153
85 307
85 631
85 694
85 705
85 807
85 866
85 915
85 930
85 1176
86 304
86 327
86 771
86 882
86 937
86 1063
86 1066
86 1175
87 112
87 247
87 359
87 379
87 501
87 648
87 681
87 872
87 1001
87 1038
87 1042
87 1166
87 1173
88 142
88 404
88 609
88 976
88 1019
89 452
89 908
89 914
89 1089
89 1110
90 313
90 389
90 614
90 699
90 844
90 958
90 1093
90 1135
90 1160
91 177
92 220
92 221
92 415
92 899
92 1187
93 237
93 768
93 809
93 943
93 1189
94 254
94 301
94 315
94 346
94 475
94 524
94 1198
95 123
95 205
95 250
95 385
95 420
95 581
95 676
95 846
95 1142
95 1157
95 1186
96 138
96 345
96 415
96 447
96 451
96 480
96 612
96 819
97 515
97 975
97 1037
97 1198
98 1024
99 110
99 155
99 527
99 826
100 147
100 203
100 214
100 640
100 824
100 1198
101 219
101 255
101 382
101 425
101 445
101 621
101 1099
101 1186
102 191
102 845
102 1126
103 394
103 696
103 780
103 832
103 838
103 912
104 142
104 246
104 290
104 404
104 474
104 527
104 609
104 664
104 693
104 1103
105 736
106 412
106 967
107 108
107 251
107 340
107 356
107 357
107 368
107 469
107 493
107 533
107 675
107 763
107 771
107 775
107 1025
107 1191
108 226
108 339
108 357
108 469
108 599
108 1050
109 408
109 540
109 727
109 942
110 266
110 508
110 520
110 527
110 1103
111 295
111 645
111 909
111 1100
112 236
112 251
112 459
112 876
112 1001
112 1038
112 1042
112 1049
112 1064
112 1130
113 238
113 247
113 283
113 300
113 452
113 671
113 719
113 782
113 1216
114 242
114 454
114 487
114 575
114 613
114 667
114 688
114 731
114 745
114 784
114 939
114 1036
114 1058
114 1191
115 575
115 590
115 670
115 695
115 745
115 1084
116 300
116 526
116 767
116 896
116 1033
116 1168
117 749
118 185
118 325
118 549
118 871
118 1038
119 169
119 239
119 253
119 645
119 878
119 1125
120 348
120 416
120 418
120 496
120 948
120 1127
120 1180
121 305
121 363
121 402
121 428
121 1180
122 130
122 143
122 458
122 511
122 544
122 559
122 683
122 703
122 728
122 793
122 794
122 795
122 829
122 892
122 913
122 1043
122 1139
122 1208
123 433
123 434
123 542
123 684
123 810
123 1142
124 417
124 594
124 739
124 754
124 1048
125 285
125 368
125 468
125 662
125 802
125 1000
125 1009
125 1144
125 1186
126 287
126 378
126 424
126 601
126 657
126 708
126 718
126 722
126 751
126 779
126 825
126 908
126 1134
127 208
127 247
127 295
127 373
127 445
127 487
127 550
127 552
127 615
127 629
127 659
127 691
127 710
127 858
127 899
127 1200
128 321
128 334
128 575
128 670
128 873
128 1050
128 1161
130 143
130 559
130 585
130 683
130 728
130 847
130 855
130 937
130 1110
130 1188
131 424
131 431
131 475
131 654
131 822
131 842
131 848
131 1007
131 1040
132 157
132 428
132 558
132 1090
132 1152
132 1225
133 308
133 927
134 221
134 623
134 674
135 543
136 491
136 585
136 625
136 750
136 839
136 1019
136 1063
136 1149
136 1231
137 322
137 806
138 345
138 369
138 451
138 477
138 480
138 612
138 819
138 864
138 971
139 283
139 482
139 571
139 855
140 220
140 278
140 714
140 890
140 1092
140 1190
141 250
141 256
141 380
141 463
141 632
141 760
141 902
141 955
141 1034
142 151
142 372
142 1019
143 294
143 614
143 767
143 1043
143 1168
144 310
144 535
144 602
144 718
144 817
145 408
145 682
145 769
146 196
146 898
147 216
147 288
147 432
147 757
147 978
147 1011
147 1158
147 1221
148 425
148 523
148 777
148 956
148 1190
148 1208
149 246
149 280
149 363
149 972
149 1009
149 1021
149 1161
149 1232
150 1075
151 484
151 655
151 1019
151 1039
151 1101
151 1178
152 232
152 303
153 158
153 319
153 342
153 361
153 395
153 554
153 993
154 169
154 431
154 648
154 1001
154 1042
154 1049
154 1130
154 1143
155 826
155 853
156 215
156 217
156 303
156 383
156 384
156 563
156 715
156 755
156 785
156 1123
157 250
157 572
157 990
157 1090
158 342
158 375
158 398
158 695
158 867
158 988
158 993
158 1198
159 299
159 461
159 883
159 928
159 938
159 1005
159 1076
160 1108
160 1153
161 302
161 1232
162 312
162 432
162 822
162 842
162 1011
162 1113
162 1122
163 726
163 1070
163 1106
163 1129
164 405
164 406
164 717
164 718
164 756
164 996
164 1129
164 1204
165 180
165 382
165 569
165 613
165 966
165 1045
166 602
166 839
166 927
167 299
167 532
167 611
167 928
167 1129
168 292
168 440
168 596
168 701
168 786
168 927
168 931
168 967
168 1132
168 1182
169 213
169 224
169 377
169 431
169 539
169 783
169 820
170 276
170 317
170 505
170 511
170 559
170 728
170 829
170 1069
171 938
171 1171
171 1172
171 1204
175 452
176 253
176 270
176 326
176 487
176 657
176 725
176 825
176 870
176 1047
178 627
178 1210
179 361
179 576
179 579
179 652
179 760
179 807
179 853
179 1059
180 220
180 279
180 531
180 604
180 656
180 692
180 719
180 735
180 818
181 283
181 483
181 1216
183 188
183 283
183 373
183 526
183 529
183 616
183 710
183 794
183 980
183 1017
183 1187
183 1200
184 375
184 476
184 643
184 740
184 988
184 1127
185 323
185 366
185 368
185 492
185 855
185 1109
185 1223
186 743
186 793
186 913
186 1200
186 1231
187 489
187 873
187 1189
188 520
188 719
188 764
188 793
188 980
188 1017
188 1053
188 1200
189 745
189 1058
190 308
190 572
190 632
190 769
190 902
190 949
190 1078
190 1118
192 697
192 780
192 892
194 431
194 570
194 601
194 708
194 803
194 1137
194 1183
195 316
195 483
195 547
195 725
195 1053
195 1094
196 309
197 391
197 1075
198 405
198 449
198 589
198 595
198 780
198 916
198 1129
198 1204
199 298
199 322
199 400
199 412
199 420
199 443
199 466
199 597
199 693
199 785
199 841
199 1000
199 1054
200 603
200 938
201 795
201 1116
202 327
202 339
202 343
202 368
202 454
202 533
202 599
202 601
202 642
202 897
202 933
202 1009
202 1159
202 1191
202 1219
203 824
203 1018
203 1073
204 305
204 621
204 847
204 950
204 958
204 1112
204 1226
205 322
205 420
205 1142
206 544
206 578
206 605
206 665
206 736
206 755
206 922
206 1019
206 1183
207 244
207 757
207 938
207 1171
207 1172
208 371
208 459
208 1033
209 355
209 420
209 463
209 466
209 603
209 1210
210 744
210 994
211 272
211 380
211 701
211 712
211 979
211 981
212 611
212 866
212 959
213 304
213 912
213 920
213 1043
214 315
214 446
214 534
214 740
214 951
214 995
214 1023
214 1198
215 383
215 499
215 563
215 653
215 715
215 755
215 873
216 288
216 432
216 679
216 740
216 903
217 336
217 383
217 425
217 563
217 715
217 755
218 313
218 314
218 479
218 734
218 750
219 255
219 445
219 864
220 392
220 531
220 656
220 890
221 365
221 674
221 831
221 1046
222 318
222 396
222 401
222 660
222 706
222 940
223 679
223 809
223 859
223 916
223 943
223 960
223 1073
223 1095
223 1128
224 278
224 335
224 756
224 809
224 1105
224 1106
225 364
225 381
225 388
225 1051
226 253
226 323
226 469
226 908
227 345
227 819
227 1006
227 1069
227 1089
228 544
228 774
228 791
229 264
229 350
229 611
232 237
232 303
232 483
232 781
233 1071
234 316
234 317
234 608
234 747
234 811
234 909
235 258
235 487
235 523
235 550
235 659
235 858
235 868
235 907
235 914
235 956
235 1177
236 564
236 585
236 920
236 1032
237 383
237 532
237 624
237 943
237 1051
237 1155
237 1205
238 300
238 887
238 899
238 1080
238 1083
239 431
239 539
239 648
239 743
239 760
239 822
239 872
239 960
240 266
240 313
240 314
240 647
240 719
240 820
240 907
240 913
241 379
241 482
241 507
241 854
242 454
242 530
242 610
242 614
242 688
242 691
242 784
242 885
242 974
242 1084
242 1161
243 350
243 461
243 640
243 723
244 370
244 514
244 868
244 920
244 984
244 994
244 1027
244 1030
245 605
245 697
245 757
245 848
245 1079
246 1006
246 1231
246 1233
247 326
247 650
247 730
247 825
247 858
247 877
247 908
247 1166
248 311
248 437
248 573
249 434
249 1059
249 1181
250 254
250 428
250 463
250 504
250 521
250 576
250 579
250 760
250 881
250 948
250 1034
251 280
251 314
251 340
251 356
251 357
251 469
251 533
251 675
251 908
251 1035
251 1191
252 643
252 960
252 1123
253 323
253 460
253 478
253 571
253 733
253 878
253 1001
253 1038
253 1055
253 1148
253 1211
254 279
254 317
254 362
254 536
254 890
255 283
255 445
255 858
255 865
255 1203
256 275
256 489
256 668
256 805
256 1074
256 1161
258 487
258 938
258 971
258 992
258 1133
259 572
259 1123
260 277
260 413
260 504
260 1123
261 356
261 368
261 545
261 553
261 613
261 1025
261 1203
262 488
262 595
262 679
262 757
262 842
262 959
262 1040
262 1149
262 1172
265 266
265 770
266 371
266 523
266 647
266 702
266 907
266 1231
267 450
267 1203
268 754
268 837
268 884
268 1026
269 394
269 646
269 834
269 865
269 1061
270 287
270 474
270 510
270 557
270 662
270 870
270 924
270 1107
271 488
271 562
271 633
271 702
271 1063
272 308
272 565
272 568
272 927
273 591
273 606
273 904
273 1112
274 431
274 551
274 599
274 681
274 840
274 1030
274 1058
274 1137
275 285
275 668
275 957
275 1199
276 465
276 505
276 958
276 1140
277 781
277 809
277 977
278 478
278 482
278 799
278 871
278 877
278 1052
278 1082
279 415
279 536
279 604
279 616
279 656
279 692
279 1217
280 321
280 487
280 713
280 778
280 816
280 1004
281 491
281 513
281 787
281 1126
282 460
282 467
282 889
282 906
283 422
283 628
283 641
283 673
283 788
283 794
283 799
283 818
283 864
283 865
283 869
283 896
283 1196
283 1216
285 363
285 1128
287 493
287 722
287 766
287 1107
288 432
288 1040
288 1149
289 290
289 886
289 914
289 1056
289 1151
289 1202
290 404
290 908
290 1000
291 374
291 431
291 465
291 556
291 578
291 696
291 920
291 925
291 1023
291 1122
291 1174
291 1183
291 1204
292 786
294 788
294 914
295 550
295 728
295 774
295 858
296 416
296 421
296 516
296 537
296 942
296 998
296 1095
297 310
297 524
297 535
297 1119
298 400
298 566
298 931
298 977
298 1046
299 427
299 754
300 621
300 782
300 899
300 1094
300 1168
301 315
301 398
301 469
301 524
301 815
301 1081
301 1198
302 1116
304 327
304 379
304 882
304 1063
304 1096
304 1175
304 1191
305 334
305 489
305 607
305 759
306 551
306 649
306 720
306 814
306 857
306 875
306 908
307 568
307 631
307 637
307 694
307 712
307 923
308 428
308 576
308 600
308 695
308 845
308 1018
310 535
310 602
310 718
310 925
311 437
311 826
311 1171
312 580
312 654
312 757
312 822
312 842
312 1040
312 1049
312 1113
312 1143
312 1172
313 314
313 409
313 479
313 647
313 734
313 952
313 1102
313 1111
314 409
314 479
314 647
314 734
314 952
315 469
315 524
315 526
315 695
315 789
315 990
315 1081
316 547
316 612
316 719
316 847
316 1112
317 536
317 559
317 656
317 997
317 1012
317 1148
317 1187
318 940
318 1063
318 1215
319 484
319 494
319 640
319 824
319 832
319 853
319 1011
321 377
321 411
321 551
321 575
321 670
321 700
321 849
321 957
321 1107
321 1124
321 1161
321 1234
322 420
323 469
323 571
323 590
323 892
323 897
323 1223
324 344
324 517
324 583
324 1095
324 1178
325 549
325 550
325 560
325 871
325 966
326 329
326 356
326 533
326 551
326 730
326 812
326 863
326 1047
326 1147
327 540
327 882
327 1059
328 329
328 500
328 510
328 708
328 716
328 870
328 880
328 1234
329 570
330 359
330 391
330 392
330 399
330 444
330 539
330 681
330 725
330 756
330 776
330 799
331 570
331 571
331 920
331 1148
331 1226
332 498
333 723
334 474
334 489
335 517
335 1128
335 1209
336 402
336 732
336 816
336 874
336 1115
337 404
337 518
337 893
337 942
337 953
337 1039
337 1046
337 1068
337 1214
339 459
339 575
339 599
339 903
339 1042
340 357
340 667
340 675
340 700
340 816
340 840
340 1191
341 473
341 529
341 558
341 891
341 998
342 375
342 398
342 637
342 670
342 695
342 935
343 431
343 533
343 584
343 840
343 1049
343 1179
344 473
344 517
344 529
344 537
344 558
344 583
344 655
344 682
344 788
344 827
344 998
344 1045
344 1095
345 369
345 447
345 451
345 480
345 1196
346 362
346 545
346 574
346 801
346 997
346 1217
347 436
347 557
347 676
347 741
347 862
348 408
348 496
348 521
348 568
348 1184
349 591
349 637
349 703
349 904
349 932
349 1065
350 883
350 931
350 1048
350 1076
351 470
351 496
351 708
351 846
351 926
351 990
351 1157
351 1188
352 484
352 832
353 871
354 389
354 495
354 506
354 614
354 658
354 669
354 683
354 761
354 983
354 1188
355 974
355 1059
356 360
356 423
356 551
356 642
356 730
356 776
356 812
356 965
356 1025
356 1035
357 469
357 533
357 675
357 771
357 775
358 386
358 658
359 751
359 848
359 1001
359 1049
359 1166
359 1197
360 601
360 645
360 751
360 784
360 840
360 875
360 954
360 965
360 966
360 1025
360 1047
360 1137
361 375
361 408
361 473
361 807
361 827
361 986
361 1218
362 390
362 407
362 536
362 574
362 735
362 890
363 712
363 745
363 845
363 873
363 902
363 1206
364 1051
365 461
365 519
365 961
365 976
365 1103
366 703
366 771
366 1001
366 1029
366 1038
366 1092
367 790
367 974
368 378
368 454
368 545
368 840
368 1084
368 1191
369 451
369 480
369 756
369 794
369 1187
369 1216
370 514
370 829
370 984
370 1167
371 544
371 609
371 700
371 765
371 793
371 1208
371 1222
371 1227
372 404
372 544
372 791
373 520
373 550
373 552
373 629
373 659
373 710
373 858
373 956
373 1017
373 1168
373 1196
374 396
374 651
374 655
374 660
374 854
374 856
374 1175
375 398
375 693
375 736
375 740
375 988
375 993
376 641
376 883
376 898
377 644
377 670
377 1072
377 1225
378 454
378 469
378 601
378 642
378 657
378 696
378 875
378 1025
378 1030
379 460
379 540
379 686
379 1154
379 1175
380 742
380 792
380 1199
380 1210
381 749
381 1051
382 585
382 647
382 855
382 1099
383 439
383 563
383 715
383 755
383 859
384 481
384 698
384 886
385 657
385 751
385 870
385 1162
386 656
386 782
386 794
386 896
386 1086
386 1099
386 1216
387 726
387 1104
388 439
388 532
388 809
388 977
388 1051
388 1193
389 828
389 844
389 1093
389 1135
389 1160
389 1188
390 536
390 692
391 392
391 478
391 539
391 796
391 814
391 1179
392 399
392 478
392 539
392 615
392 650
392 869
392 951
393 396
393 562
393 660
393 763
393 808
393 946
394 449
394 878
394 1062
396 584
396 808
397 976
397 1075
397 1229
398 519
398 611
398 695
398 729
398 740
398 815
398 943
398 1198
399 429
399 444
399 539
399 615
399 650
399 681
399 877
399 1060
399 1092
401 411
401 470
401 496
401 562
402 668
402 732
402 874
403 413
403 414
403 712
403 977
403 1180
404 527
404 589
404 609
404 693
404 953
404 1103
405 651
405 1113
405 1204
406 589
406 663
406 717
406 718
406 780
406 1092
407 531
407 606
407 608
407 890
407 905
407 997
408 416
408 655
408 942
408 1048
408 1054
409 479
409 734
409 1045
409 1111
410 594
410 646
410 647
410 749
410 1061
411 561
411 582
411 758
411 974
411 1069
411 1072
411 1169
411 1172
412 682
412 701
412 967
412 1076
413 504
413 678
413 918
413 977
413 1180
414 504
414 641
414 668
414 678
414 977
414 1123
414 1180
415 419
415 447
415 864
415 890
416 421
416 534
416 595
416 622
416 679
416 998
416 1088
417 435
417 1069
418 530
418 570
418 706
418 851
418 947
418 1109
418 1118
419 571
419 616
419 818
419 871
419 932
419 1077
420 466
420 627
420 1232
421 529
422 691
422 764
422 896
422 919
422 987
422 1196
423 533
423 553
423 713
423 720
423 812
423 1025
423 1035
424 475
424 595
424 654
424 780
424 822
424 916
424 1126
424 1149
425 552
425 621
425 635
425 647
425 858
425 1099
425 1131
426 1133
427 804
427 1083
427 1233
428 521
428 678
428 706
428 736
428 1108
429 438
429 615
429 626
429 650
429 869
429 876
429 890
429 1082
429 1092
430 568
430 644
430 753
431 476
431 783
431 820
431 843
431 1004
431 1137
432 766
432 842
432 1040
432 1062
432 1095
432 1126
432 1144
432 1149
432 1221
433 1153
434 881
434 1185
435 634
435 647
435 868
435 1065
435 1117
435 1174
436 471
436 676
436 750
436 862
436 1059
437 589
437 603
437 769
437 955
437 1207
438 847
438 980
438 1216
439 809
439 859
439 1189
440 1132
440 1182
441 723
442 569
442 603
442 836
442 923
443 1000
444 486
444 492
444 899
444 1001
444 1173
445 621
445 830
445 1083
446 748
447 480
447 747
447 909
447 1187
448 643
449 848
450 522
450 575
450 672
450 937
450 1050
451 480
451 520
451 612
451 764
451 1017
451 1196
452 714
452 811
452 818
453 932
454 487
454 784
454 854
454 933
454 974
454 1084
454 1191
455 809
455 985
455 1205
456 487
456 551
456 908
456 1191
457 795
457 932
457 1093
457 1160
458 491
458 544
458 938
458 1067
458 1224
459 903
459 1001
459 1038
460 611
460 690
460 771
460 889
460 897
460 906
460 1145
461 884
461 888
461 994
462 625
462 734
462 746
462 750
462 1102
462 1111
462 1211
463 514
463 561
463 568
463 579
463 637
463 760
463 974
463 1000
463 1074
464 542
464 778
464 849
464 1105
464 1144
464 1220
465 1023
466 1024
466 1232
467 614
467 771
467 1224
468 665
468 991
468 1119
469 501
469 524
469 733
469 1081
470 496
470 514
470 661
470 676
470 792
470 846
470 1031
471 704
471 862
472 515
472 685
473 537
473 654
473 729
473 891
473 1088
474 500
474 510
474 601
474 632
474 708
474 870
474 968
474 1124
475 1126
476 530
476 1124
476 1127
478 482
478 539
478 790
478 1029
479 734
479 952
479 1093
481 886
482 742
482 746
482 803
482 933
482 1029
483 552
483 890
483 1053
484 655
484 832
484 893
484 1039
484 1101
485 802
485 831
485 1022
485 1116
485 1152
485 1182
486 696
486 834
486 878
486 1067
487 493
487 745
487 763
487 808
487 875
487 914
487 1084
487 1177
487 1203
488 569
488 722
488 824
488 842
488 859
488 1005
488 1016
488 1126
490 1136
491 534
491 544
491 625
491 729
491 774
491 893
491 972
491 1064
491 1067
491 1126
491 1156
491 1224
491 1230
492 507
492 663
492 855
492 1001
492 1038
492 1064
492 1130
493 763
493 1084
493 1183
494 576
494 908
494 1054
495 506
495 541
495 669
495 690
495 959
496 562
496 737
496 846
496 902
496 1157
496 1218
498 651
498 808
500 510
500 708
500 881
500 1054
500 1124
500 1167
500 1185
500 1234
501 591
501 703
501 878
501 882
501 937
501 1029
504 977
505 506
505 511
505 829
506 669
506 683
507 989
507 1023
507 1145
508 592
508 1110
509 792
510 601
510 610
510 637
510 684
510 708
510 870
511 683
511 728
511 829
511 1214
512 1232
513 1202
514 792
514 984
514 1013
514 1067
514 1074
514 1167
515 1037
515 1087
516 517
516 529
516 682
516 887
517 878
517 882
517 978
518 1039
518 1094
518 1104
519 685
519 986
519 1020
519 1037
519 1087
520 526
520 671
520 868
520 899
520 907
520 944
520 980
520 1017
520 1168
521 697
521 948
521 1028
521 1034
522 575
522 672
522 1050
522 1159
523 609
523 647
523 673
523 768
523 777
523 820
523 1190
523 1208
524 703
524 733
524 905
524 1081
526 646
526 767
526 896
526 909
526 1015
526 1168
527 534
527 716
527 1062
527 1156
527 1230
528 1005
529 563
529 959
530 551
530 570
530 582
530 649
530 766
530 803
530 825
530 840
530 911
530 1078
530 1161
531 656
532 544
532 743
532 774
532 1205
533 553
533 720
533 730
533 812
533 814
533 840
533 857
533 1179
533 1183
534 942
534 1164
534 1219
535 602
535 718
535 925
535 1204
536 552
537 583
537 827
537 998
537 1048
537 1095
538 542
538 662
538 753
538 772
538 792
538 851
539 626
539 681
539 796
539 814
540 555
540 771
540 775
540 789
540 882
540 1066
540 1203
540 1230
541 1195
542 662
542 772
542 955
542 1034
543 555
543 568
543 693
543 701
543 892
543 946
543 1031
544 777
544 791
544 893
545 572
545 642
545 800
545 801
545 1217
547 829
547 847
547 1094
547 1121
548 632
548 677
548 758
548 805
548 1074
550 552
550 629
550 659
550 663
550 691
550 858
550 871
550 899
551 570
551 642
551 713
551 720
551 730
551 731
551 803
551 812
551 857
551 908
551 1030
551 1147
551 1179
552 656
552 719
552 858
552 1033
552 1200
553 751
553 776
553 965
553 1035
554 668
554 729
554 832
554 1221
555 726
555 789
555 1050
555 1150
556 750
556 780
556 787
557 676
557 704
557 741
557 862
557 1078
558 700
558 1225
559 728
560 764
560 966
560 987
561 1050
561 1159
561 1169
562 946
562 1063
563 977
564 595
564 635
564 816
564 920
564 1004
565 637
566 977
567 637
567 677
567 694
567 706
568 637
568 1218
569 769
570 708
570 713
570 751
570 778
570 803
570 812
570 1009
570 1183
571 756
571 796
571 818
571 878
572 1072
573 745
573 1026
573 1163
574 735
574 801
574 1217
575 670
575 672
575 708
575 745
575 816
575 1124
575 1159
575 1222
576 579
576 845
576 1054
576 1090
576 1225
578 708
578 742
578 769
578 778
578 913
578 1021
578 1174
578 1179
578 1204
579 652
579 697
579 927
579 1015
580 586
580 694
580 892
580 975
581 676
581 758
581 845
581 862
581 1142
582 614
583 727
583 959
583 982
583 1045
583 1048
583 1095
584 702
584 838
585 625
585 860
585 889
585 1211
586 605
586 618
586 724
586 1073
588 693
589 689
589 718
589 916
589 960
589 1079
589 1129
590 642
590 649
590 657
590 720
590 814
590 840
590 863
590 1058
590 1159
591 667
591 703
591 932
591 952
591 1102
592 861
592 943
594 749
594 932
595 622
595 679
595 916
595 1095
597 726
597 1176
599 642
599 1030
599 1222
601 657
601 662
601 708
601 738
601 870
601 968
601 1009
601 1220
602 622
602 718
602 791
602 1129
603 712
603 836
603 923
603 1028
604 656
604 692
605 757
605 1079
606 692
606 879
606 904
606 989
607 810
608 728
608 747
608 1110
609 645
609 709
609 765
609 833
609 917
609 1190
610 708
610 870
610 968
610 1107
611 763
611 866
611 928
612 615
612 819
612 864
612 1089
613 722
613 908
613 1003
613 1035
613 1161
614 750
614 780
614 839
614 1019
614 1063
614 1160
614 1224
615 650
615 681
615 877
615 1052
615 1166
615 1197
616 671
616 1077
616 1082
616 1216
618 716
618 724
618 783
618 1138
619 701
619 786
619 945
621 887
621 1015
621 1060
622 783
622 912
622 1095
623 949
623 1009
623 1067
623 1156
623 1194
625 750
625 887
625 943
625 1103
625 1120
625 1211
625 1224
626 814
628 650
628 683
628 799
628 807
629 659
629 691
629 710
629 719
629 756
629 858
629 1168
630 934
631 637
631 694
631 807
631 867
631 993
632 721
632 902
632 968
632 1118
633 679
633 689
633 798
633 893
633 1079
633 1088
633 1095
633 1181
634 690
634 860
634 1069
635 734
635 754
635 757
635 1085
635 1143
635 1227
636 949
637 694
637 932
637 949
640 915
641 724
641 837
641 929
641 950
642 720
642 933
643 960
643 964
644 748
644 806
644 1045
644 1122
645 765
645 920
645 951
645 1023
645 1042
646 865
646 1061
647 683
647 749
647 795
647 820
647 907
648 878
648 1042
648 1049
648 1166
648 1211
649 700
649 852
649 908
649 919
649 933
649 1030
649 1086
649 1159
650 681
650 796
650 1082
650 1166
651 925
651 1148
652 807
652 853
653 1180
653 1193
654 822
654 842
654 916
654 939
654 960
654 1040
654 1130
654 1133
654 1149
655 716
655 727
655 893
655 1019
655 1039
655 1046
655 1088
655 1101
656 756
656 890
656 1052
657 852
657 870
657 1004
657 1047
657 1086
657 1183
658 683
658 761
658 848
658 895
658 958
658 983
658 1141
658 1226
659 691
659 710
659 746
659 858
659 907
659 956
659 1080
659 1216
660 789
660 946
660 1055
660 1175
661 991
662 708
662 772
662 849
662 870
662 1232
663 1197
664 914
665 724
665 843
665 991
665 1022
665 1073
665 1183
665 1186
666 810
667 835
667 972
667 1027
668 732
668 873
668 1021
668 1155
669 683
669 941
669 1083
669 1214
670 1104
670 1159
671 756
671 1041
671 1077
672 1050
673 896
674 831
674 953
674 1046
674 1204
674 1212
675 789
675 933
675 1096
676 704
676 706
676 737
676 862
676 1078
676 1118
677 918
678 977
678 1180
679 1095
679 1181
681 799
681 869
681 903
681 1001
681 1082
681 1166
681 1226
682 686
682 1095
683 1214
683 1226
684 708
684 778
684 881
684 968
684 1105
684 1142
684 1167
685 1065
685 1087
687 829
687 834
687 947
687 988
688 1115
688 1159
689 798
690 728
690 746
690 937
690 1202
691 751
691 756
691 801
691 966
691 1168
693 726
693 785
693 927
693 942
693 981
693 1218
694 807
694 867
694 915
694 1218
694 1229
695 712
695 993
696 822
696 838
696 939
696 951
696 1125
696 1209
697 813
697 892
697 948
697 1059
698 936
699 850
699 1160
700 843
700 1222
701 979
701 1132
701 1182
703 733
703 937
704 862
705 981
705 990
705 1180
705 1218
706 1078
706 1127
707 927
707 1182
708 870
708 968
708 1183
709 854
709 917
709 1012
710 794
711 1182
712 873
712 970
712 1058
713 873
713 1193
714 747
714 830
716 833
716 1039
716 1138
717 718
717 960
717 996
718 996
718 1129
718 1221
719 858
719 896
719 1033
719 1053
719 1200
720 731
720 758
720 814
720 857
720 908
721 795
721 1094
721 1118
722 778
722 1137
723 1114
724 991
724 1073
724 1181
725 877
725 980
725 1094
725 1197
726 1132
727 1039
727 1048
727 1088
729 891
729 994
729 1178
730 812
730 954
730 969
730 1147
731 812
731 1030
731 1191
731 1222
732 1022
732 1115
733 905
733 1029
733 1109
734 952
734 1019
734 1111
735 800
736 818
736 887
736 954
736 1108
736 1118
736 1134
736 1225
736 1234
737 893
737 902
737 1118
738 881
738 1009
738 1124
738 1234
739 845
739 1018
740 790
740 838
740 1023
740 1118
740 1225
741 802
741 862
741 1144
742 744
742 1210
743 774
743 777
743 793
743 861
743 913
743 1006
743 1200
743 1231
744 839
744 959
744 1114
744 1207
745 856
745 902
745 1030
745 1058
745 1084
745 1169
745 1218
746 750
746 868
746 899
746 907
746 995
746 1063
746 1127
746 1211
747 811
747 830
747 1187
748 1085
748 1090
749 868
749 1141
750 780
750 788
750 839
750 1063
750 1211
751 868
751 965
751 1086
751 1147
753 772
754 804
755 932
755 1019
756 801
756 965
756 978
756 1099
756 1187
756 1209
756 1216
757 846
757 1073
757 1143
757 1207
758 974
758 1009
758 1220
759 1123
760 792
760 803
760 881
760 902
760 946
760 990
760 1074
760 1167
761 828
761 844
761 885
761 889
761 1214
762 810
763 771
763 775
764 896
764 1216
765 1041
765 1190
765 1227
766 1054
766 1107
767 782
767 887
767 919
767 1033
767 1168
768 953
768 1104
769 883
769 955
769 1225
771 789
771 838
771 1066
771 1150
772 870
774 777
774 791
774 1131
774 1231
776 796
776 812
776 857
776 933
776 1035
777 1043
777 1080
777 1101
777 1131
777 1190
777 1208
778 812
778 1107
778 1134
778 1142
778 1183
778 1206
779 1134
779 1185
780 787
780 916
780 955
780 1125
781 835
782 913
782 1141
783 820
783 1003
783 1045
784 816
784 911
784 965
784 1206
785 979
785 981
788 804
788 839
788 932
789 838
789 882
789 951
789 1066
789 1154
790 905
790 1029
790 1109
791 793
791 861
791 907
791 1231
792 902
792 1090
793 1131
794 795
794 847
794 1099
794 1196
794 1216
796 799
796 1038
797 928
798 930
798 1181
799 869
799 877
799 1052
799 1082
799 1092
800 801
800 1217
801 1168
801 1217
802 1022
803 809
803 908
803 916
803 1179
803 1221
805 1074
805 1167
805 1199
806 1132
806 1182
808 940
808 1113
808 1229
809 918
809 1051
810 849
810 1059
810 1072
810 1074
810 1199
811 830
811 899
811 909
812 857
812 1047
814 840
814 842
814 857
814 863
815 835
815 1198
816 911
816 1004
817 996
817 1129
818 909
818 987
818 1216
819 864
819 869
819 899
819 980
819 1089
820 913
821 921
821 1065
822 842
822 957
823 932
824 832
824 1127
824 1156
824 1158
825 840
825 1072
825 1137
825 1144
827 998
827 1018
827 1045
827 1048
828 829
828 885
829 912
831 898
831 1071
831 1182
832 853
832 1181
832 1209
833 917
833 1138
833 1190
835 836
837 962
838 929
838 951
838 1125
839 1063
839 1224
840 863
840 1030
840 1147
840 1179
841 845
842 1040
842 1062
842 1113
842 1149
842 1223
843 1119
843 1225
844 895
844 1160
844 1188
845 948
845 1018
845 1152
846 990
846 1059
847 1168
847 1174
847 1177
847 1188
848 852
848 895
848 1062
849 1013
849 1072
849 1234
850 1160
851 947
851 1188
852 863
852 919
852 1142
852 1162
854 945
854 1175
855 1064
855 1109
855 1165
855 1223
857 863
857 908
857 1147
857 1179
858 871
858 956
858 1177
858 1200
859 1051
859 1205
860 1093
860 1140
860 1211
861 907
861 1039
861 1231
862 940
862 1000
862 1054
862 1078
863 908
863 1086
863 1147
863 1179
864 869
864 879
864 890
864 899
864 1187
864 1202
865 1061
866 930
867 993
867 1048
867 1218
868 899
868 907
868 950
868 1147
868 1179
869 980
870 1162
870 1234
871 877
871 1015
871 1052
871 1060
871 1082
872 1001
872 1049
872 1179
873 977
873 1193
875 945
875 965
875 1025
875 1222
876 878
876 1042
876 1197
877 1052
877 1082
877 1166
878 881
878 951
878 1001
878 1038
878 1101
880 1097
881 1115
881 1124
881 1185
882 937
882 1066
883 979
883 1076
884 888
884 1026
885 889
885 983
885 1214
885 1227
886 1151
887 907
887 1103
888 1026
889 897
889 1145
889 1214
889 1219
891 994
891 1197
892 974
893 1039
893 1088
895 1111
896 899
896 1033
896 1099
896 1196
896 1216
897 902
898 1176
899 907
899 956
900 1027
900 1223
902 1118
902 1169
903 1038
903 1220
903 1221
904 932
905 1029
906 1145
907 1131
907 1231
908 948
908 965
908 1147
908 1177
908 1179
909 944
909 950
909 1033
909 1187
910 934
911 1004
911 1050
912 916
912 1064
912 1181
913 1231
914 1067
914 1089
914 1174
914 1194
916 1129
919 933
919 965
919 1015
920 1122
920 1137
920 1174
921 930
921 1008
921 1010
925 978
926 1011
926 1137
927 973
927 1143
927 1182
928 1048
928 1076
929 978
930 1037
932 989
937 1226
938 994
938 1171
938 1172
939 1001
939 1040
939 1064
939 1137
941 1006
941 1083
941 1231
942 948
942 1068
947 1156
947 1230
948 1108
948 1183
950 1015
950 1141
951 1023
951 1125
952 1102
952 1111
953 1068
954 968
954 969
955 1020
955 1034
956 1080
956 1208
957 1203
958 1112
958 1160
959 1095
960 1073
962 1075
964 1174
965 1025
965 1035
965 1047
966 987
966 1033
966 1077
968 1040
970 1191
971 994
971 1146
972 1191
974 1184
975 1158
976 1229
977 1180
979 1002
980 1017
980 1041
980 1053
980 1200
981 1090
981 1180
984 1067
984 1074
985 1123
987 1099
987 1168
990 994
990 1157
991 1073
991 1185
992 1005
992 1103
993 1004
995 1023
995 1102
995 1113
995 1122
995 1211
996 1129
996 1176
996 1204
997 1139
997 1217
998 1045
998 1095
998 1108
1000 1142
1001 1029
1001 1038
1001 1049
1001 1064
1001 1130
1001 1166
1001 1173
1001 1211
1002 1076
1002 1090
1004 1050
1004 1222
1005 1171
1006 1231
1009 1013
1009 1021
1009 1084
1009 1124
1011 1126
1011 1176
1012 1148
1013 1021
1013 1124
1013 1199
1014 1018
1015 1060
1017 1023
1017 1168
1018 1090
1019 1063
1019 1101
1020 1023
1021 1108
1021 1124
1021 1185
1022 1028
1022 1183
1023 1176
1026 1192
1027 1140
1030 1058
1030 1119
1033 1041
1033 1168
1034 1074
1035 1147
1037 1087
1039 1088
1039 1101
1040 1062
1040 1149
1043 1103
1043 1139
1044 1153
1045 1095
1045 1172
1049 1130
1049 1173
1050 1159
1051 1189
1051 1193
1052 1082
1052 1092
1052 1165
1053 1190
1054 1078
1054 1118
1054 1234
1055 1130
1056 1163
1058 1137
1059 1180
1062 1063
1062 1143
1062 1149
1062 1165
1062 1169
1063 1096
1063 1149
1063 1224
1067 1224
1069 1072
1069 1100
1072 1169
1073 1095
1073 1128
1073 1181
1080 1083
1081 1198
1082 1092
1083 1233
1084 1191
1084 1218
1085 1227
1086 1089
1086 1147
1090 1225
1091 1105
1093 1102
1093 1139
1093 1160
1095 1108
1095 1172
1095 1181
1096 1213
1098 1117
1099 1216
1102 1111
1104 1229
1106 1119
1108 1119
1109 1223
1112 1192
1113 1171
1113 1172
1114 1207
1118 1169
1118 1225
1119 1183
1119 1186
1119 1225
1120 1224
1122 1218
1123 1155
1123 1205
1124 1185
1125 1209
1126 1128
1128 1129
1128 1170
1129 1204
1130 1173
1131 1190
1131 1231
1132 1182
1135 1160
1135 1202
1138 1190
1141 1226
1142 1157
1142 1186
1143 1144
1144 1185
1144 1186
1145 1168
1149 1169
1150 1154
1150 1159
1151 1202
1152 1225
1156 1230
1166 1173
1170 1176
1171 1178
1175 1191
1175 1206
1176 1209
1180 1234
1185 1186
1186 1234
1190 1208
1196 1216
1210 1234
1231 1233
