#num-nodes
679
#num-links
2897
#links
0 45
0 439
0 445
0 549
0 568
0 618
1 41
1 51
1 57
1 65
1 84
1 312
1 326
1 355
1 381
1 411
1 586
1 591
1 622
2 103
2 169
2 173
2 209
2 261
2 345
2 508
3 12
3 61
3 102
3 245
3 266
3 289
3 295
3 306
3 389
3 390
3 402
3 595
3 614
3 615
4 101
4 153
4 235
4 296
4 320
4 333
4 374
4 434
4 558
4 571
4 584
5 31
5 36
5 464
5 557
5 601
6 19
6 80
6 171
6 224
6 259
6 467
6 524
6 545
6 581
6 616
7 17
7 230
7 256
7 257
7 308
7 312
7 330
7 387
7 497
8 43
8 199
8 210
8 288
8 522
9 167
9 228
9 245
9 321
9 337
9 389
9 390
9 563
9 614
9 615
10 22
10 103
10 198
10 313
10 405
10 542
11 118
11 130
11 213
11 375
11 427
11 469
11 506
11 549
11 555
12 17
12 61
12 157
12 278
12 478
12 486
12 543
13 40
13 82
13 100
13 156
13 170
13 171
13 273
13 310
13 356
13 403
13 487
13 514
13 520
13 523
14 92
14 246
14 408
14 580
15 62
15 196
15 204
15 316
15 329
15 416
15 443
15 483
16 21
16 185
16 202
16 330
16 359
16 441
16 519
16 529
16 543
17 180
17 189
17 205
17 209
17 239
17 315
17 436
17 451
17 456
17 478
17 488
17 515
18 31
18 40
18 128
18 142
18 153
18 162
18 214
18 407
18 440
18 476
18 490
18 507
18 555
18 572
19 80
19 83
19 226
19 239
19 302
19 319
19 320
19 404
19 467
19 535
19 554
19 626
20 34
20 207
20 208
20 219
20 263
20 264
20 287
20 372
20 464
20 468
20 528
20 530
20 539
20 547
20 587
20 590
21 23
21 26
21 87
21 126
21 131
21 174
21 254
21 255
21 282
21 283
21 330
21 360
21 511
21 519
21 559
22 103
22 198
22 268
22 405
22 516
23 49
23 87
23 268
23 283
23 330
23 529
24 109
24 133
25 39
25 84
25 88
25 89
25 119
25 152
25 159
25 203
25 272
25 275
25 280
25 458
25 573
26 84
26 102
26 117
26 126
26 173
26 174
26 254
26 301
26 345
26 360
26 485
27 67
27 73
27 87
27 121
27 131
27 311
27 397
27 401
27 404
27 435
27 442
27 463
27 519
27 521
28 129
28 186
28 203
28 235
28 247
28 279
28 335
28 366
28 449
28 522
28 541
30 136
30 233
30 361
30 578
30 583
31 36
31 120
31 151
31 162
31 255
31 331
31 399
31 407
31 464
31 471
31 557
31 601
32 52
32 167
32 228
32 240
32 315
32 321
32 337
32 347
32 367
32 409
32 563
32 614
33 234
33 417
34 86
34 203
34 217
34 247
34 482
34 494
34 539
34 545
35 39
35 203
35 431
35 588
35 610
35 655
36 131
36 205
36 557
36 615
37 41
37 427
37 491
37 502
38 100
38 122
38 128
38 158
38 161
38 238
38 325
38 470
38 487
38 526
38 534
38 558
38 565
39 84
39 275
39 280
39 426
39 458
39 548
39 569
39 573
39 610
40 101
40 170
40 310
40 346
40 356
40 408
40 472
40 580
41 418
41 488
41 548
41 591
42 66
42 180
42 209
42 239
42 272
42 319
42 345
42 364
42 420
42 462
42 533
42 548
42 553
42 561
42 566
43 93
43 179
43 182
43 199
43 288
43 322
43 339
43 371
43 446
43 456
43 477
43 522
43 589
43 608
44 99
44 386
44 425
44 541
45 107
45 120
45 160
45 202
45 549
45 618
46 128
46 172
46 418
46 485
46 551
46 607
46 610
46 669
47 293
47 399
47 556
47 587
48 170
48 290
48 356
48 565
49 61
49 131
49 330
49 383
49 435
49 465
50 118
50 525
50 547
50 559
51 65
51 71
51 75
51 355
51 381
51 585
51 586
51 622
52 141
52 154
52 200
52 299
52 317
52 326
52 360
52 442
52 478
52 497
52 515
53 123
53 190
53 262
53 289
53 600
54 154
54 245
54 266
54 295
54 298
54 300
54 389
54 407
54 438
54 558
55 85
55 145
55 186
55 207
55 275
55 365
55 461
55 485
55 517
55 565
56 64
56 206
56 246
56 351
56 358
56 392
56 411
56 446
56 522
56 540
56 570
56 585
57 65
57 125
57 190
57 355
57 448
57 505
57 531
57 586
57 622
58 70
58 111
58 188
58 297
58 346
58 464
58 471
58 656
59 314
59 574
60 99
60 186
60 194
60 216
60 461
61 486
61 521
61 543
62 104
62 290
62 316
63 138
63 305
63 413
63 473
63 545
63 555
64 134
64 145
64 192
64 193
64 322
64 328
64 351
64 472
64 477
64 481
65 135
65 208
65 218
65 334
65 355
65 409
65 448
65 585
65 586
65 622
65 628
66 74
66 180
66 256
66 319
66 364
66 388
66 462
66 533
66 535
66 536
66 553
66 566
66 569
67 73
67 121
67 264
67 286
67 364
67 435
67 462
67 463
67 521
67 552
68 70
68 162
68 217
68 262
68 331
68 349
68 417
68 624
70 111
70 151
70 178
70 222
70 241
70 255
70 464
70 601
71 164
71 186
71 366
71 389
71 458
71 508
71 586
71 597
72 165
72 212
72 234
72 273
72 395
72 470
73 166
73 247
73 272
73 420
73 436
73 592
74 293
74 388
74 556
75 197
75 586
76 167
76 266
76 298
76 389
76 406
76 431
76 563
76 567
76 601
76 615
76 616
77 180
77 297
77 424
77 664
77 667
78 94
78 338
78 552
80 171
80 217
80 224
80 524
81 90
81 92
81 178
81 183
81 215
81 346
81 424
81 484
82 183
82 190
82 487
82 523
82 537
82 606
83 104
83 239
83 245
83 262
83 306
83 326
83 402
83 508
83 518
83 598
83 620
84 88
84 89
84 152
84 180
84 229
84 280
84 326
84 388
84 406
84 553
84 586
85 93
85 116
85 291
85 324
85 365
85 403
85 477
86 407
86 430
86 501
87 97
87 131
87 239
87 442
87 462
87 463
87 519
87 559
88 89
88 152
88 280
88 302
88 388
88 406
88 531
89 280
89 422
89 458
89 573
90 178
90 207
90 303
90 346
91 242
91 327
91 344
91 357
91 409
91 527
91 622
92 183
92 366
92 484
92 580
92 617
93 179
93 199
93 260
93 288
93 291
93 322
93 403
93 498
93 526
94 473
95 197
95 254
95 267
95 294
95 309
95 341
95 443
95 550
96 231
96 370
96 525
96 531
96 548
96 567
96 623
97 225
97 284
97 286
97 415
98 149
98 174
98 287
98 377
98 463
98 521
98 547
98 561
99 109
99 273
99 522
100 163
100 199
100 206
100 224
100 322
100 461
100 481
100 560
100 581
101 291
101 292
101 296
101 374
101 393
101 472
101 477
101 512
101 567
101 584
101 608
102 125
102 128
102 245
102 257
102 295
102 299
102 367
102 416
102 534
102 615
103 242
103 258
103 267
103 344
103 405
103 549
103 666
104 111
104 126
104 289
104 298
104 306
104 337
104 343
104 387
104 389
104 583
105 239
105 263
105 312
105 319
105 352
105 364
105 420
105 436
105 453
105 478
105 485
105 566
106 110
106 131
106 359
107 160
107 229
107 503
107 549
108 503
108 504
108 677
109 181
109 246
109 273
109 487
109 512
109 520
109 523
110 491
110 493
110 504
110 505
110 530
111 151
111 261
111 289
111 417
112 118
112 207
112 209
112 272
112 591
112 662
113 115
113 188
113 366
114 190
115 181
115 252
115 324
115 351
115 562
116 165
116 186
116 188
116 291
116 324
116 335
116 365
116 403
116 477
116 571
117 137
117 182
117 201
117 219
117 265
117 293
117 363
118 142
118 213
118 455
118 473
118 488
118 575
118 666
119 226
119 251
119 302
119 436
119 493
119 516
119 571
119 574
119 622
120 141
120 143
120 160
120 176
120 263
120 299
120 376
120 399
120 436
121 272
121 323
121 404
121 521
121 626
122 139
122 187
122 189
122 211
122 291
122 351
122 411
122 522
122 565
123 190
123 289
123 389
123 591
124 397
124 427
124 463
124 489
124 506
125 135
125 248
125 253
125 388
125 505
126 146
126 174
126 201
126 277
126 295
126 306
126 316
126 367
126 416
126 423
126 443
126 500
126 518
126 583
126 596
126 597
127 138
127 189
127 198
127 305
127 311
127 313
127 327
127 357
127 413
127 495
128 170
128 266
128 290
128 295
128 310
128 356
128 402
128 487
128 534
128 551
129 235
129 247
129 400
129 585
129 613
130 271
130 323
130 368
130 473
130 475
130 496
130 547
130 626
131 185
131 249
131 383
131 435
131 441
131 463
131 486
131 527
132 162
132 178
132 346
133 276
133 354
133 366
133 400
133 411
133 461
133 570
133 585
134 145
134 192
134 279
134 477
134 565
134 578
134 604
135 155
135 355
135 409
135 448
135 628
136 186
136 194
136 233
136 259
136 310
136 361
136 376
136 526
136 583
137 201
137 219
137 255
137 363
137 576
138 189
138 198
138 305
138 313
138 338
138 413
138 495
139 154
139 189
139 209
139 291
139 295
139 436
139 553
139 569
140 145
140 279
140 602
141 154
141 202
141 263
141 299
141 308
141 343
141 352
141 376
141 444
141 615
142 170
142 214
142 356
142 440
142 484
142 507
142 572
143 258
143 394
143 491
143 529
143 590
144 393
144 584
145 279
145 324
145 481
145 523
145 537
146 204
146 277
146 281
146 300
146 423
146 429
146 430
146 432
146 583
146 596
146 598
147 208
147 492
147 500
147 597
148 150
148 226
148 320
148 333
148 365
148 434
148 465
148 467
148 493
148 498
148 499
148 516
148 524
148 574
149 176
149 257
149 263
149 383
149 513
150 285
150 368
150 498
150 499
150 620
150 625
150 626
151 343
151 376
151 464
151 601
152 302
152 335
152 388
152 406
153 226
153 296
153 320
153 333
153 403
153 434
153 467
153 472
153 493
154 189
154 230
154 381
154 383
154 387
155 326
155 370
155 391
155 409
156 170
156 221
156 291
156 328
156 356
156 484
156 514
156 537
157 200
157 202
157 317
157 326
157 394
157 442
157 445
157 453
157 543
157 619
158 163
158 168
158 171
158 193
158 273
158 288
158 443
158 534
158 577
159 218
159 280
159 478
159 492
159 548
159 628
160 503
160 618
161 187
161 193
161 211
161 325
161 477
161 487
161 537
161 589
161 604
162 178
162 222
162 229
162 241
162 243
162 262
162 297
162 303
162 349
162 369
162 417
162 514
162 525
162 595
162 624
162 634
163 193
163 238
163 275
163 279
163 281
163 322
163 481
163 524
163 570
163 581
163 602
163 613
164 228
164 350
164 390
164 410
164 416
164 474
164 518
164 551
164 567
165 234
165 238
165 307
165 470
165 517
166 462
166 533
166 536
166 561
167 228
167 245
167 289
167 321
167 337
167 367
167 417
167 431
167 563
167 614
168 446
168 510
168 577
169 261
169 406
169 483
170 202
170 273
170 310
170 356
170 507
170 572
170 600
170 613
170 617
171 193
171 224
171 279
171 322
171 325
171 411
171 481
171 520
171 524
171 537
171 581
172 262
172 295
172 307
172 347
172 389
172 402
172 443
172 483
172 551
172 595
173 229
173 251
173 345
173 362
173 508
174 286
174 305
174 377
175 228
175 307
176 232
176 257
176 263
177 476
177 488
177 509
178 181
178 215
178 229
178 241
178 303
178 369
178 484
178 617
179 182
179 238
179 288
179 297
179 470
180 239
180 271
180 315
180 319
180 364
180 368
180 420
180 478
180 496
180 515
180 533
180 548
180 593
181 206
181 273
181 290
181 291
181 324
181 347
181 403
181 431
181 477
181 507
181 523
182 288
182 365
182 366
182 498
183 214
183 215
183 303
183 324
183 349
183 396
183 408
183 580
184 353
184 539
184 545
184 562
185 249
185 305
185 359
185 441
185 486
186 188
186 194
186 275
186 335
186 366
186 373
186 458
187 259
187 290
187 326
187 356
187 361
187 487
187 512
187 526
187 537
187 565
187 574
187 578
187 589
188 335
188 366
188 469
188 608
189 200
189 239
189 291
189 312
189 315
189 317
189 431
189 436
189 553
189 569
190 240
190 337
190 347
190 380
190 518
191 243
191 257
191 606
192 279
192 288
192 316
192 322
192 500
192 570
193 238
193 259
193 322
193 470
193 472
193 512
193 523
193 558
193 589
194 216
194 273
195 380
195 414
195 419
195 548
196 337
196 350
196 410
196 443
196 474
196 551
196 567
196 611
196 614
197 248
197 254
197 412
197 550
198 305
198 313
198 327
198 338
198 364
198 405
198 413
198 495
198 511
199 210
199 288
200 256
200 317
200 326
200 394
200 409
200 445
200 451
200 453
200 478
200 497
200 543
201 488
202 330
202 332
202 359
202 376
202 421
202 439
202 486
202 557
203 217
203 246
203 247
203 280
203 363
203 372
203 458
203 482
203 499
203 508
203 611
204 277
204 300
204 429
204 432
204 474
204 480
204 583
204 598
205 209
205 299
205 334
205 364
205 370
205 406
205 444
205 509
206 238
206 273
206 358
206 481
206 520
206 523
206 537
206 589
207 214
207 356
207 431
207 436
207 440
207 453
207 470
207 507
207 537
207 560
208 264
208 282
208 293
208 370
208 531
208 556
208 583
208 587
209 239
209 272
209 364
209 420
209 426
209 436
209 454
209 553
210 260
211 351
211 392
211 523
211 589
211 602
212 273
212 277
212 289
212 296
212 333
212 339
212 405
212 432
212 591
212 655
212 657
213 258
213 347
213 469
213 473
213 569
213 600
214 260
214 333
214 408
214 440
214 472
214 572
215 303
215 346
215 396
215 408
215 470
215 484
215 514
215 580
215 617
216 425
216 522
217 405
217 493
217 545
217 627
218 274
218 448
218 492
218 622
218 628
219 407
220 221
220 232
220 236
220 318
220 444
220 532
220 569
221 328
221 347
221 652
222 244
222 331
222 349
222 476
222 544
222 545
222 557
222 600
223 264
223 337
223 544
223 545
224 279
224 290
224 481
224 487
224 524
224 534
224 560
224 581
224 613
225 286
225 383
225 519
225 552
225 559
226 294
226 302
226 320
226 493
226 516
226 548
226 554
226 564
227 490
227 576
228 245
228 321
228 337
228 347
228 390
228 410
228 563
228 611
228 614
229 241
229 292
229 345
229 399
229 417
229 508
230 232
230 308
230 312
230 387
230 492
230 497
231 334
231 553
231 569
232 236
232 308
233 360
233 361
233 376
234 307
234 539
235 247
235 292
235 296
235 311
235 351
235 388
235 393
235 472
235 558
235 584
235 613
235 627
236 532
238 389
238 470
238 512
238 558
238 560
238 565
238 578
239 264
239 315
239 319
239 420
239 436
239 451
239 478
239 497
239 535
239 566
239 628
240 302
240 347
240 394
240 559
241 476
241 525
241 634
241 646
242 268
242 338
242 344
242 368
242 516
242 552
243 244
243 261
243 262
243 482
243 545
243 607
244 331
244 395
244 557
244 558
245 298
245 337
245 347
245 360
245 438
245 563
245 614
245 615
246 247
246 279
246 540
247 388
247 411
247 447
247 449
247 468
247 505
247 584
247 625
247 627
248 355
248 586
249 311
249 435
249 486
249 506
249 566
249 677
250 447
250 605
250 610
251 293
251 345
251 362
251 508
252 351
252 446
253 454
253 579
254 267
254 269
254 341
254 550
255 269
255 331
255 348
255 363
255 439
255 447
255 528
256 263
256 308
256 312
256 315
256 352
256 436
256 533
256 535
257 273
257 299
257 306
257 343
257 348
257 471
257 615
258 267
258 394
258 529
259 356
259 472
259 477
259 512
259 520
259 532
260 288
260 294
260 297
260 498
260 545
260 547
261 306
261 471
261 601
262 297
262 417
262 514
262 600
262 624
263 299
263 308
263 317
263 360
263 431
263 436
263 451
263 453
263 587
264 331
264 366
264 369
264 390
264 468
264 544
264 583
265 340
265 582
266 295
266 298
266 337
266 348
266 367
266 389
266 438
266 528
266 614
267 294
267 341
267 394
267 405
267 591
268 327
268 593
268 626
269 368
269 474
269 489
269 496
269 518
269 547
269 619
269 626
270 471
271 368
271 423
271 496
271 499
271 593
271 616
271 620
271 626
272 315
272 364
272 389
272 420
272 456
272 515
272 587
273 395
273 487
273 507
273 523
273 591
274 448
274 628
275 279
275 328
275 458
275 481
275 526
275 533
276 498
277 281
277 292
277 300
277 306
277 423
277 429
277 432
277 483
277 596
277 598
278 445
278 513
279 322
279 524
280 458
280 492
280 535
280 573
281 300
281 306
281 429
281 432
281 596
281 598
282 529
282 531
282 648
283 284
283 286
283 309
283 529
283 648
284 286
284 305
284 415
284 566
285 289
285 475
285 479
286 327
286 364
286 462
286 506
286 519
286 521
286 527
286 566
287 377
287 521
287 530
287 581
288 290
288 322
289 297
289 438
289 479
289 601
289 607
290 325
290 356
290 361
290 477
290 565
290 581
290 589
290 604
291 292
291 310
291 324
291 403
291 477
292 296
292 374
292 477
292 508
292 520
292 537
292 608
292 669
293 302
293 452
293 488
293 491
293 556
293 587
294 489
294 499
294 502
294 603
295 298
295 306
295 310
295 389
295 390
295 402
295 410
295 438
295 537
295 541
295 551
295 614
296 333
296 339
296 374
296 388
296 393
296 558
296 584
296 604
297 303
297 328
297 580
297 600
297 652
298 300
298 306
298 348
298 350
298 389
298 402
298 438
298 474
298 480
298 567
299 345
299 508
300 348
300 361
300 429
300 443
300 480
300 583
300 596
300 597
300 612
302 345
302 493
302 535
302 554
303 396
303 580
303 617
305 327
305 338
305 413
305 495
305 516
306 348
306 389
306 539
306 583
306 612
307 348
307 378
307 395
307 401
307 474
307 480
307 539
307 567
307 595
307 604
308 330
308 387
308 418
308 453
308 497
310 480
310 485
310 487
310 537
311 394
311 435
311 441
311 497
312 330
312 352
312 359
312 418
312 453
312 497
313 357
313 415
313 511
313 536
313 542
314 333
314 538
314 574
315 420
315 436
315 456
315 478
315 515
315 553
316 348
316 416
316 500
316 518
316 583
316 597
317 445
317 451
317 453
317 478
319 475
319 533
319 553
319 566
319 626
320 434
320 465
320 467
320 493
320 498
320 580
321 337
321 563
321 614
322 325
322 373
322 446
322 481
322 560
322 581
323 327
323 338
323 413
323 427
323 462
323 473
323 536
323 552
323 566
323 626
324 335
324 365
324 488
324 538
324 541
325 487
325 534
325 537
325 558
325 581
325 589
326 334
326 445
326 477
326 553
326 628
327 338
327 357
327 413
327 462
327 495
327 527
327 552
328 431
328 481
329 401
329 402
329 432
329 443
329 596
329 598
330 359
330 383
330 441
330 511
330 519
330 559
331 350
331 369
331 417
331 471
331 474
331 476
331 479
331 528
331 567
331 597
331 600
331 615
332 421
332 439
332 469
332 503
332 555
332 568
332 621
333 339
334 381
334 454
334 525
334 531
334 553
334 579
335 366
336 555
337 347
337 367
337 563
337 614
337 615
338 344
338 357
338 413
338 495
338 552
339 393
339 538
339 571
340 592
341 412
341 591
341 603
342 353
342 591
343 352
343 376
343 407
343 601
344 413
344 495
344 511
345 362
345 399
345 508
346 424
346 476
346 580
346 617
347 367
347 563
347 614
347 615
347 621
348 361
348 389
348 438
348 443
348 474
348 480
348 483
348 518
348 612
349 417
349 482
349 545
349 600
349 605
349 624
349 625
350 410
350 443
350 480
350 551
350 567
350 611
350 614
351 400
351 510
351 522
352 515
354 358
354 392
354 461
355 381
355 586
356 440
356 487
356 507
356 520
356 534
356 541
356 565
356 589
357 413
357 495
358 392
358 424
358 461
358 481
358 570
359 383
359 441
359 486
359 511
359 519
360 451
360 529
361 474
361 512
361 526
361 583
362 426
362 508
362 546
363 447
363 494
363 576
364 456
364 533
365 366
365 411
365 431
365 538
365 560
365 585
365 594
366 400
367 614
368 380
368 426
368 465
368 496
368 530
368 547
368 620
368 626
369 438
369 528
369 557
373 514
373 526
373 537
373 584
374 393
374 584
375 469
376 433
377 380
377 426
377 463
378 395
380 385
380 397
380 426
380 496
380 546
380 554
381 591
383 435
383 442
383 497
383 552
385 450
385 530
385 582
386 538
386 541
386 602
387 497
388 393
388 566
389 401
389 402
389 407
389 474
389 480
389 482
389 518
389 567
389 595
389 597
389 614
389 615
390 401
390 402
390 410
390 471
390 475
390 551
390 611
391 597
392 400
392 540
392 570
392 585
393 584
394 441
394 457
394 505
396 408
396 484
396 514
396 580
396 617
397 463
397 489
397 546
397 552
398 550
399 540
400 411
400 457
400 461
400 570
400 585
401 402
401 423
401 438
401 471
401 518
401 521
401 551
401 582
401 595
401 596
401 626
402 474
402 480
402 518
402 537
402 541
402 551
402 567
402 583
403 487
403 523
403 537
404 435
404 437
404 442
404 473
404 561
404 593
404 626
405 496
405 516
405 521
405 536
405 592
407 430
407 440
407 528
407 600
408 474
408 507
408 617
409 451
410 567
410 583
411 570
411 578
411 585
411 586
411 613
412 550
413 495
414 523
415 463
416 443
417 464
417 471
417 482
417 490
417 528
417 557
417 601
417 624
417 666
418 599
420 456
420 566
420 587
421 439
421 469
421 621
422 620
423 429
423 437
423 438
423 474
423 593
423 616
423 620
424 607
424 650
424 652
425 522
425 541
426 460
426 564
426 573
427 439
427 491
427 502
427 546
427 550
429 474
429 480
429 583
430 440
430 485
431 551
432 598
433 509
433 549
434 604
435 511
435 519
435 521
436 451
436 453
436 671
437 616
437 628
437 635
438 471
438 551
439 502
439 621
440 507
441 442
441 519
442 519
442 542
443 483
443 598
444 595
445 453
445 543
445 619
446 498
447 610
448 564
448 622
448 628
449 549
451 453
451 615
452 458
452 569
452 575
453 478
453 543
454 525
454 579
455 575
455 582
457 461
458 492
458 508
458 587
459 579
460 564
461 481
462 527
462 533
462 536
462 561
462 566
462 626
463 489
463 549
464 557
465 535
465 554
465 620
465 626
467 472
467 584
468 471
468 474
468 482
468 528
469 555
470 534
470 558
471 476
471 501
471 528
471 576
471 601
472 558
473 618
474 480
474 518
474 537
474 583
474 595
475 479
475 533
475 626
476 488
476 509
476 549
476 557
476 600
477 487
477 562
477 565
477 578
477 604
478 486
478 515
479 480
480 518
480 567
480 614
481 524
481 534
481 581
481 602
481 608
482 494
482 545
482 607
483 612
484 617
487 520
487 534
487 537
487 558
487 565
487 604
488 515
490 572
491 568
492 628
493 505
493 516
493 547
494 499
494 545
494 610
494 616
496 620
496 626
498 524
498 535
498 538
499 524
499 588
499 605
499 610
499 616
499 620
500 597
500 627
502 546
502 550
503 546
503 621
504 511
504 530
505 530
506 511
506 530
506 546
506 552
506 582
507 662
507 677
510 540
511 519
512 526
512 574
512 578
512 608
514 525
514 580
514 617
516 536
516 583
517 562
518 562
518 595
520 523
520 534
520 537
520 581
520 589
521 527
521 536
521 546
521 552
521 561
521 622
522 541
523 537
523 583
523 589
523 608
525 617
526 560
526 578
526 589
527 536
528 539
528 614
533 535
533 553
533 561
533 566
533 569
533 620
533 626
534 537
534 558
534 565
534 581
536 561
536 626
537 551
537 578
537 581
537 583
539 567
539 595
540 585
541 546
544 545
546 550
546 607
547 582
547 626
548 586
548 609
549 550
549 555
550 568
551 567
552 555
553 558
553 561
553 569
554 620
555 621
556 587
557 600
558 589
558 598
559 592
560 570
560 613
561 626
562 607
563 614
563 615
565 589
565 604
576 582
578 604
578 608
581 584
582 627
583 596
583 598
584 585
584 586
584 613
585 613
588 610
590 605
590 606
593 616
593 620
593 627
597 612
605 607
607 610
611 614
614 615
616 620
616 627
619 626
620 627
629 638
629 644
629 648
629 652
629 659
629 662
629 671
629 674
631 633
631 635
631 642
631 644
631 648
631 652
631 656
631 674
632 638
632 644
632 646
632 648
632 653
632 669
632 677
633 655
633 669
633 677
634 645
634 658
635 644
635 645
635 646
635 651
635 652
635 656
635 657
635 659
635 662
635 674
635 678
636 650
636 661
636 667
636 670
636 673
637 653
637 677
638 646
638 648
638 658
638 659
638 662
638 669
638 671
638 675
639 644
639 651
639 674
640 643
640 647
640 661
640 670
641 647
641 653
641 661
641 672
641 673
641 676
641 677
642 646
642 662
643 670
644 645
644 651
644 652
644 655
644 656
644 657
644 659
644 671
644 674
644 678
645 652
645 656
645 657
645 659
645 662
645 666
645 674
645 678
646 651
646 654
646 656
646 678
647 648
647 653
647 659
647 661
647 671
647 672
647 677
648 654
648 657
648 658
648 659
648 671
648 672
648 676
649 660
649 664
650 670
651 652
651 656
651 671
651 674
651 678
652 656
652 659
652 678
653 654
653 661
653 662
653 668
653 669
653 672
653 673
653 676
653 677
654 667
654 668
654 674
654 676
654 678
655 662
655 669
656 657
656 662
656 671
656 674
656 678
657 659
658 659
658 671
658 675
659 662
659 671
660 664
660 668
661 666
661 677
662 665
662 666
662 669
662 671
662 677
664 666
665 667
665 676
666 667
667 668
667 673
667 678
668 672
668 673
668 676
668 677
668 678
669 672
669 675
669 677
671 672
671 676
672 673
672 676
672 677
673 677
676 677
676 678
