#num-nodes
685
#num-links
2795
#links
0 20
0 516
0 608
1 484
1 645
2 48
2 226
2 259
2 484
2 525
2 573
3 78
3 343
4 33
4 48
4 226
4 443
4 477
4 484
5 24
5 73
5 132
5 147
5 203
5 208
5 209
5 258
5 263
5 276
5 285
5 308
5 353
5 360
5 370
5 376
5 499
5 543
5 558
5 568
6 21
6 25
6 171
6 177
6 238
6 249
6 323
6 370
6 545
7 46
7 56
7 74
7 214
7 365
7 433
7 490
7 567
7 615
8 42
8 127
8 134
8 205
8 210
8 263
8 268
8 327
8 496
8 588
8 610
8 617
8 629
9 112
9 145
9 154
9 190
9 332
9 368
9 406
10 218
10 250
10 275
10 279
10 338
10 381
10 473
11 71
11 136
11 157
11 271
12 54
12 126
12 205
12 221
12 284
12 344
12 600
12 610
12 653
13 71
13 93
13 121
13 155
13 195
13 223
13 265
13 272
13 341
13 404
13 437
13 621
14 73
14 203
14 311
14 319
14 324
14 370
14 379
14 380
14 431
14 483
14 605
15 24
15 133
15 373
15 411
15 476
15 537
15 552
15 634
15 683
16 438
16 439
16 508
16 612
16 640
16 649
17 89
17 177
17 228
17 371
17 456
17 482
17 547
17 573
17 632
17 652
18 37
18 120
18 136
18 141
18 416
18 493
19 252
19 461
19 521
20 157
20 319
20 325
20 608
21 228
21 238
21 244
21 312
21 349
21 355
21 418
21 479
21 622
21 678
22 232
22 305
22 356
22 390
22 429
22 573
22 612
22 665
23 30
23 151
23 318
23 374
23 405
23 478
23 509
23 517
23 632
24 63
24 283
24 311
24 353
24 370
24 424
24 472
24 543
24 663
25 61
25 104
25 182
25 190
25 197
25 235
25 247
25 386
25 449
25 567
26 242
26 316
26 349
26 456
26 571
26 618
27 252
27 521
28 92
28 179
28 427
28 474
28 548
28 606
28 659
28 682
29 109
29 133
29 213
29 397
29 449
30 46
30 82
30 414
30 456
30 509
30 632
30 658
31 210
31 216
31 253
31 259
31 304
31 333
31 396
31 413
31 464
31 613
31 628
31 631
32 34
32 36
32 78
32 104
32 162
32 399
32 622
33 184
33 226
33 444
34 36
34 78
35 104
35 106
35 180
35 207
35 312
35 349
35 355
35 400
35 410
35 518
36 517
37 120
37 136
37 141
37 163
37 315
37 389
37 493
38 305
38 321
38 387
38 415
38 493
38 619
39 611
40 45
40 183
40 238
40 274
40 393
40 414
40 440
40 531
41 55
41 92
41 146
41 172
41 233
41 289
41 332
41 475
41 523
41 542
41 558
42 47
42 114
42 250
42 337
42 366
42 421
42 610
42 630
42 655
42 664
43 168
43 223
43 226
43 229
43 248
43 455
43 621
43 669
44 89
44 99
44 118
44 137
44 140
44 151
44 181
44 183
44 249
44 251
44 255
44 286
44 334
44 374
44 430
44 456
44 506
44 509
44 571
44 632
44 635
45 323
45 374
45 385
45 405
45 414
45 571
45 635
46 50
46 274
46 418
46 456
46 615
47 337
47 476
47 655
47 681
48 125
48 259
48 268
48 315
48 466
48 484
48 573
49 303
49 352
49 573
49 605
49 611
50 74
50 115
50 140
50 329
50 373
50 399
50 551
50 644
51 52
51 321
51 447
51 619
51 681
52 67
52 161
52 163
52 276
52 321
52 447
52 663
52 681
53 113
53 129
53 213
53 280
53 335
53 442
53 650
54 85
54 124
54 126
54 344
54 383
54 483
54 501
55 142
55 179
55 469
55 542
56 323
56 598
56 615
57 321
57 415
57 681
58 170
58 246
58 366
58 396
59 94
59 96
59 129
59 134
59 213
59 264
59 335
59 397
59 420
59 449
59 566
59 589
59 633
60 354
60 417
61 77
61 79
61 117
61 119
61 145
61 179
61 326
61 503
61 508
61 620
61 682
62 104
62 238
62 517
62 576
62 616
62 672
63 488
64 78
64 189
64 198
64 328
64 416
64 488
64 567
64 576
64 622
65 67
65 165
66 242
66 334
66 478
66 479
66 517
66 618
67 416
67 488
67 619
68 96
68 293
68 300
68 426
68 637
69 251
69 255
69 298
69 320
69 684
70 128
70 150
70 256
70 330
70 398
70 495
70 501
71 136
71 157
71 169
71 271
71 519
71 572
72 83
72 103
72 168
72 250
72 279
72 338
72 378
72 381
72 556
73 88
73 111
73 132
73 147
73 203
73 208
73 209
73 240
73 267
73 276
73 278
73 330
73 370
73 373
73 376
73 380
73 394
73 472
73 480
73 483
73 499
73 552
74 140
74 162
74 214
74 312
74 329
74 334
74 418
74 490
74 562
74 615
75 111
75 163
75 219
75 267
75 283
75 295
75 297
75 311
75 353
75 377
75 424
75 452
75 472
75 499
75 619
75 660
76 98
76 128
76 160
76 194
76 199
76 217
76 275
76 315
76 348
76 411
76 420
76 492
76 557
76 572
76 638
77 79
77 81
77 119
77 145
77 146
77 245
77 289
77 332
77 439
77 450
77 468
77 475
77 503
77 542
77 561
77 620
77 643
77 682
78 343
78 517
78 632
79 117
79 119
79 145
79 245
79 289
79 332
79 439
79 620
80 144
80 176
80 180
80 196
80 365
80 428
80 438
80 560
81 119
81 145
81 182
81 289
81 332
81 446
81 450
81 475
81 540
82 117
82 119
82 182
82 289
82 474
82 620
82 658
83 95
83 168
83 279
83 327
83 335
83 338
83 381
83 473
83 609
84 306
84 315
84 550
84 613
84 630
85 246
85 254
85 369
85 383
85 470
85 611
86 99
86 108
86 110
86 236
86 249
86 255
86 281
86 290
86 310
86 374
86 418
86 593
86 614
87 409
87 553
87 672
88 111
88 139
88 234
88 285
88 311
88 424
88 472
88 476
88 525
88 552
89 151
89 181
89 228
89 236
89 237
89 244
89 374
89 547
89 576
90 242
90 580
90 616
90 642
91 181
91 237
91 249
92 146
92 475
93 155
93 269
93 272
93 404
94 113
94 134
94 256
94 264
94 299
94 317
94 502
94 534
94 607
94 641
95 480
95 520
95 532
96 138
96 217
96 225
96 300
96 412
96 502
96 543
96 639
97 200
98 147
98 224
98 225
98 230
98 261
98 336
98 395
98 501
98 526
99 110
99 130
99 236
99 290
99 367
99 374
99 399
99 414
99 418
99 567
100 105
100 655
101 134
101 259
101 268
101 348
101 357
101 434
102 293
102 357
102 502
102 534
102 578
103 155
103 195
103 291
103 338
103 381
103 471
103 520
103 556
103 623
104 110
104 281
104 312
104 318
104 349
104 400
104 509
104 551
105 121
105 161
105 171
105 186
105 273
105 579
105 594
105 636
106 180
106 312
106 349
106 363
106 438
106 469
106 470
106 558
106 561
106 587
107 193
107 326
107 372
107 474
107 626
108 110
108 146
108 233
108 236
108 281
108 290
108 393
108 414
108 418
108 569
108 614
109 133
109 302
109 449
109 653
110 249
110 286
110 290
110 310
110 323
110 334
110 367
110 399
110 418
110 430
110 509
111 131
111 132
111 139
111 148
111 208
111 209
111 241
111 267
111 295
111 308
111 370
111 394
111 452
111 682
112 193
112 386
112 428
112 450
112 586
112 622
112 656
112 682
113 213
113 279
113 301
113 449
113 565
113 566
114 128
114 159
114 260
114 366
114 428
114 441
114 650
114 674
115 174
115 329
115 331
115 551
116 129
116 309
116 442
116 565
117 119
117 145
117 233
117 326
117 620
118 181
118 255
118 286
118 334
118 367
118 418
118 445
118 546
118 567
119 145
119 233
119 289
119 332
119 446
119 450
119 475
119 542
119 582
119 620
120 141
120 560
121 145
121 163
121 186
121 444
121 493
122 270
122 372
122 580
122 662
123 295
123 325
123 470
123 549
124 170
124 211
124 344
124 501
125 226
125 256
125 259
125 264
125 467
126 211
126 470
126 501
126 650
127 134
127 148
127 150
127 158
127 266
127 366
127 455
127 588
127 610
127 629
127 639
127 674
128 150
128 209
128 217
128 296
128 333
128 419
128 421
128 495
128 603
128 610
128 628
129 256
129 299
129 309
129 335
129 420
129 442
129 565
129 578
129 607
130 244
130 310
130 399
130 434
130 680
131 157
131 161
131 245
131 417
131 424
131 449
131 452
131 496
131 499
131 504
131 543
131 552
131 623
131 657
131 660
131 663
132 203
132 208
132 209
132 234
132 241
132 267
132 280
132 330
132 360
132 370
132 452
132 535
133 213
133 279
133 397
133 449
134 164
134 210
134 217
134 268
134 588
134 610
134 629
134 649
135 136
135 141
135 157
135 164
135 649
135 674
136 141
136 187
136 389
136 416
136 560
137 151
137 183
137 237
137 249
137 255
137 290
137 323
137 367
137 393
137 399
137 414
137 430
137 547
138 223
138 293
138 300
138 301
138 307
138 313
138 314
138 317
138 358
138 375
138 426
138 442
138 456
138 534
138 563
138 670
139 208
139 267
139 278
139 323
139 360
139 362
139 376
139 379
139 383
139 424
139 498
139 552
139 629
139 681
140 329
140 491
140 517
140 551
140 562
140 644
141 176
141 187
141 493
141 532
141 550
142 144
142 149
142 352
142 428
142 647
142 649
143 232
143 428
143 596
144 154
144 438
144 647
144 649
145 146
145 166
145 179
145 233
145 245
145 332
145 386
145 446
145 475
145 503
145 570
145 606
145 620
146 179
146 235
146 245
146 289
146 439
146 446
146 450
146 475
146 523
146 542
146 548
146 582
146 643
146 649
147 148
147 219
147 276
147 376
147 452
147 543
147 552
148 266
148 267
148 311
148 499
148 674
149 438
149 647
150 159
150 267
150 330
150 495
150 594
151 183
151 237
151 249
151 251
151 334
151 385
151 430
151 547
151 571
152 383
152 516
152 611
152 655
153 325
153 353
153 422
153 538
153 597
154 196
154 220
154 400
154 410
154 469
154 558
154 595
154 666
155 248
155 272
155 404
155 437
155 600
155 621
155 669
156 206
156 253
156 347
156 361
156 402
156 436
156 459
156 566
157 169
157 271
157 292
158 214
158 263
158 268
158 473
158 489
158 572
158 613
158 638
158 650
159 207
159 210
159 226
159 441
159 444
160 307
160 317
160 327
160 336
160 375
160 388
160 448
160 507
160 637
160 670
160 676
161 171
161 202
161 211
161 295
161 500
161 527
161 579
161 636
162 490
162 615
163 191
163 219
163 240
163 276
163 305
163 359
163 377
163 389
163 431
163 444
163 447
163 527
163 596
163 604
163 665
163 681
164 168
164 210
164 259
164 357
164 366
164 489
165 328
165 433
165 460
165 488
165 536
165 541
166 406
166 438
166 450
166 470
166 475
166 555
166 595
166 658
166 666
166 682
167 212
167 216
167 217
167 282
167 304
167 322
167 345
167 411
167 473
167 492
167 537
167 572
168 338
168 378
168 381
168 528
168 556
168 608
168 653
169 171
169 396
169 529
169 623
169 631
169 663
169 679
170 175
170 176
170 202
170 359
170 650
171 211
171 527
171 636
171 663
171 679
172 326
172 428
173 175
173 187
173 401
173 451
173 553
174 328
174 374
174 491
174 524
174 642
175 176
175 358
175 553
175 590
176 269
176 579
176 619
176 625
177 188
177 274
177 635
178 183
178 316
179 245
179 289
179 427
179 439
179 450
179 475
179 643
179 682
180 518
180 584
180 590
180 673
180 680
181 240
181 286
181 323
181 334
181 367
181 430
181 506
181 547
181 614
181 635
182 326
182 386
182 450
183 228
183 231
183 334
183 517
183 632
184 279
184 416
185 243
185 262
185 365
185 417
185 584
186 453
186 538
186 636
187 389
187 409
188 541
188 569
189 551
189 593
190 368
190 406
190 427
190 428
190 450
190 470
190 486
190 586
191 235
191 315
191 377
191 528
191 595
191 666
192 264
192 317
192 397
192 497
192 534
192 544
192 581
192 624
192 654
193 326
193 469
193 555
193 666
194 216
194 292
194 304
194 345
194 373
194 473
194 492
194 504
194 537
194 557
195 272
195 404
196 428
196 438
196 643
196 649
198 244
198 286
198 576
198 642
198 675
198 684
199 212
199 217
199 275
199 421
199 480
199 504
199 537
199 572
199 634
200 323
200 334
200 405
200 614
201 488
201 684
202 205
202 295
202 359
202 500
203 208
203 209
203 241
203 267
203 284
203 285
203 324
203 330
203 337
203 353
203 362
203 370
203 380
203 467
203 483
203 489
203 498
204 549
205 221
205 451
205 588
205 590
206 347
206 402
206 436
206 459
206 566
207 348
207 480
208 267
208 283
208 394
208 483
208 498
209 239
209 241
209 267
209 280
209 285
209 308
209 330
209 360
209 370
209 376
209 380
209 498
209 535
210 217
210 250
210 674
212 216
212 217
212 282
212 292
212 473
212 492
212 572
212 613
212 638
213 253
213 264
213 279
213 294
213 309
213 314
213 335
213 344
213 397
213 420
213 449
213 455
213 501
213 563
213 565
213 592
214 490
214 611
214 615
215 242
216 217
216 275
216 282
216 292
216 345
216 373
216 464
216 473
216 492
216 630
216 634
217 225
217 275
217 279
217 282
217 304
217 348
217 421
217 473
217 492
217 495
217 572
217 588
217 595
217 610
218 398
218 423
218 630
219 240
219 377
219 431
219 570
219 619
221 404
221 530
221 597
222 258
222 339
222 398
223 229
223 248
223 291
223 301
223 341
223 437
224 313
224 315
224 317
224 319
224 336
224 345
224 375
224 378
224 395
224 398
224 463
224 502
224 525
224 528
224 532
224 639
225 294
225 300
225 317
225 435
225 455
225 502
225 514
225 594
225 639
225 670
226 366
226 444
226 484
226 667
226 679
227 314
227 412
227 463
227 526
227 592
227 653
228 244
228 310
228 323
228 334
228 385
228 399
228 418
228 509
228 614
228 635
228 672
229 248
229 272
229 291
229 341
229 346
229 437
229 511
229 530
229 669
230 292
230 373
230 504
230 572
230 638
231 316
231 414
231 479
231 517
231 575
231 576
231 644
231 652
231 675
232 356
232 359
232 390
232 429
232 612
232 665
232 681
233 289
233 332
233 427
233 446
233 474
233 475
233 542
233 606
234 241
234 267
234 370
235 446
235 558
235 658
236 237
236 249
236 290
236 310
236 385
236 418
236 614
236 635
237 249
237 255
237 393
237 547
237 569
238 242
238 277
238 305
238 312
238 519
238 616
238 672
239 311
239 330
239 370
239 394
240 276
240 305
240 370
240 377
240 431
240 466
240 499
240 519
240 663
241 267
241 311
241 370
241 380
241 394
241 552
242 575
243 312
243 349
243 584
244 251
244 255
244 286
244 334
244 374
244 385
244 445
244 479
244 569
244 576
244 635
245 332
245 439
245 582
246 284
246 369
246 396
246 538
246 610
246 611
246 617
246 628
247 508
248 272
248 291
248 341
248 437
248 457
248 621
248 669
249 255
249 290
249 323
249 374
249 430
249 531
249 547
249 576
250 451
250 585
251 323
251 385
251 512
251 569
251 571
251 595
251 614
252 539
253 264
253 280
253 347
253 361
253 402
253 448
253 592
253 633
254 574
254 611
254 681
255 281
255 286
255 310
255 323
255 385
255 400
255 414
255 433
255 456
255 547
255 569
255 576
255 595
255 614
255 647
256 264
256 287
256 344
256 501
256 535
256 606
257 294
257 358
257 388
257 448
257 502
257 670
258 294
258 311
258 342
258 376
258 398
258 412
258 535
258 556
259 357
259 464
260 366
260 650
260 667
261 344
261 412
261 463
261 465
261 501
261 623
262 417
262 523
262 649
263 268
263 278
263 324
263 467
263 496
263 613
264 335
264 344
264 397
264 420
264 442
264 565
264 578
264 607
265 282
265 292
265 492
265 529
265 638
266 383
266 674
267 278
267 285
267 295
267 297
267 330
267 339
267 362
267 370
267 394
267 498
267 535
267 682
268 610
268 613
268 635
269 401
269 409
269 437
269 457
269 462
269 625
270 580
271 471
271 519
272 291
272 404
272 530
273 294
273 301
273 388
273 435
273 476
273 534
273 594
273 595
273 607
274 393
274 456
275 449
275 473
275 513
275 557
275 572
276 356
276 498
276 568
278 379
278 380
278 394
278 467
278 552
278 568
278 629
279 422
279 449
279 457
279 565
279 609
279 621
280 407
280 419
280 449
280 565
280 578
281 349
281 350
281 355
281 418
281 546
281 684
282 292
282 322
282 345
282 473
282 492
282 572
282 638
282 664
283 285
283 377
283 452
283 471
283 499
283 525
283 543
283 568
284 403
285 311
285 362
285 431
285 472
285 525
285 613
286 334
286 385
286 445
286 506
286 567
286 576
287 335
287 501
288 399
289 332
289 427
289 439
289 446
289 450
289 464
289 475
289 523
289 540
289 542
289 548
289 582
289 643
289 680
290 414
290 418
290 464
290 540
290 547
291 341
291 346
291 404
291 437
291 457
291 530
291 597
291 621
291 653
292 373
292 421
292 473
292 496
292 504
292 557
292 638
292 664
293 358
293 407
293 426
293 534
293 563
293 646
294 397
294 435
294 455
294 594
295 500
295 534
295 568
295 601
296 419
296 495
297 305
297 377
297 390
297 591
298 320
298 591
299 300
299 301
299 317
299 375
299 534
299 607
299 643
299 670
299 676
300 307
300 502
300 563
300 639
300 646
301 307
301 455
301 502
301 514
301 641
301 663
301 670
303 408
303 631
303 650
304 333
304 345
304 373
304 473
304 489
304 537
305 383
305 591
305 661
306 315
306 322
306 375
306 377
306 441
306 519
306 630
307 317
307 375
307 497
307 507
307 637
308 311
308 467
309 442
309 544
310 334
310 367
310 399
310 418
310 430
310 506
310 551
310 614
311 377
311 421
311 431
311 452
311 537
311 552
311 579
311 594
311 619
311 657
311 660
311 668
312 326
312 349
312 355
312 374
312 456
312 562
312 567
312 672
313 315
313 327
313 336
313 341
313 378
313 515
313 525
313 528
313 532
313 639
314 435
314 448
314 592
314 607
314 641
314 676
315 337
315 358
315 391
315 395
315 496
315 504
315 519
315 600
315 630
315 664
315 671
315 674
316 562
317 336
317 375
317 435
317 448
317 497
317 502
317 534
317 537
317 594
317 607
317 624
318 334
318 509
318 632
319 323
319 327
319 336
319 515
319 525
321 447
322 496
322 534
322 537
322 631
323 334
323 367
323 374
323 385
323 386
323 393
323 414
323 418
323 430
323 545
323 571
323 629
323 647
324 368
324 379
324 483
324 605
324 611
325 453
326 368
326 400
326 486
326 555
326 658
326 666
326 682
327 336
327 578
328 354
328 583
328 648
329 371
329 479
329 491
329 551
329 562
329 644
330 370
330 379
330 380
330 472
330 483
330 495
330 535
330 619
330 657
331 517
331 524
331 564
332 446
332 474
332 570
332 582
332 651
333 362
333 373
333 421
333 464
333 467
333 473
334 349
334 385
334 418
334 430
334 445
334 506
334 512
334 546
334 567
334 632
335 396
335 566
335 650
336 370
336 375
336 395
336 534
337 348
337 391
337 464
337 480
337 493
337 519
337 653
338 378
338 381
338 556
338 608
339 514
339 535
341 437
341 528
341 669
342 378
342 407
342 419
342 556
344 397
344 501
345 373
345 473
345 477
345 489
345 492
345 502
345 537
345 560
345 572
346 403
346 432
346 511
346 520
346 532
346 600
347 402
347 407
347 436
347 459
348 357
348 391
348 480
348 572
348 629
349 355
349 410
349 551
349 584
350 652
352 674
353 370
353 422
353 447
353 498
353 499
353 538
354 593
355 410
355 433
355 648
356 390
356 472
356 593
356 639
356 665
357 434
357 441
358 400
358 426
358 590
358 639
358 654
359 591
359 601
360 394
360 424
360 552
360 568
360 610
362 376
362 394
362 467
362 543
362 660
363 584
363 587
364 399
365 433
365 488
365 648
365 650
366 516
366 629
366 650
367 418
367 445
367 546
367 567
368 483
369 611
370 376
370 472
370 499
370 535
370 657
371 454
371 460
371 599
371 652
371 675
373 495
373 510
373 608
373 648
373 674
374 385
374 393
374 405
374 414
374 571
374 647
375 395
375 426
375 502
375 563
375 670
376 394
376 467
376 483
376 499
376 543
376 552
376 668
377 383
377 431
377 443
377 452
377 660
378 381
378 395
378 502
378 520
378 528
378 532
378 602
378 653
379 433
379 483
379 498
379 605
380 483
381 412
381 448
381 556
381 608
383 415
383 425
383 574
383 611
383 627
384 462
385 393
385 414
385 469
385 635
386 428
386 450
386 486
386 503
386 523
386 606
386 647
386 682
387 498
387 619
388 448
388 670
388 676
389 416
389 493
389 560
390 665
391 480
392 524
393 414
393 445
393 509
393 531
393 547
394 498
394 540
395 520
395 528
395 600
395 602
395 639
396 464
396 630
397 442
397 449
397 501
397 544
397 565
397 683
398 535
399 405
400 410
400 533
400 586
400 596
400 626
401 409
401 415
401 459
401 516
402 436
402 459
403 432
403 597
403 600
405 456
405 509
405 571
405 631
405 644
405 663
406 427
406 503
406 643
406 658
407 435
407 436
407 563
407 578
407 637
407 669
408 477
410 518
411 572
412 463
412 465
412 501
412 513
412 526
412 653
413 451
413 464
413 477
413 519
413 554
413 630
413 646
413 671
414 509
414 547
414 571
415 604
415 627
415 655
416 493
416 573
416 650
418 430
418 506
418 546
418 614
419 495
419 603
420 455
420 544
420 565
420 578
420 639
421 473
421 572
421 594
421 595
421 603
421 634
422 538
423 575
424 498
424 499
424 579
424 663
425 604
425 627
425 677
426 455
426 507
426 563
426 578
426 590
427 470
427 486
427 548
427 643
428 433
428 450
428 469
428 486
428 560
428 647
428 656
428 680
428 682
429 431
431 452
431 668
432 471
432 511
432 600
432 602
432 613
433 593
433 615
433 648
433 673
434 671
435 455
435 592
435 594
436 563
437 530
437 621
437 669
438 470
438 475
438 587
438 649
439 475
439 548
439 561
439 570
439 643
442 581
443 484
443 631
443 679
444 679
445 478
445 509
445 546
445 635
446 450
446 540
446 582
447 681
448 670
449 565
450 540
450 542
450 548
450 586
450 640
450 659
452 499
452 543
452 568
452 660
453 500
453 527
453 538
453 661
454 599
455 578
455 594
455 607
455 645
456 615
456 658
457 585
457 597
457 621
457 623
457 669
459 566
461 521
462 625
463 465
463 513
463 526
464 495
464 504
464 537
464 557
464 628
465 526
465 653
465 660
467 660
468 546
468 548
469 505
469 533
469 584
470 549
471 519
471 556
471 630
472 525
472 543
472 552
473 492
474 540
474 586
474 643
474 651
474 658
475 503
475 548
475 582
475 620
475 681
476 480
476 543
477 484
477 630
477 667
478 546
478 632
479 517
479 644
479 652
480 557
480 572
480 653
482 546
482 598
483 605
484 645
486 508
486 548
486 570
486 586
486 682
487 550
488 541
488 598
488 673
489 537
489 552
490 615
491 524
491 644
492 502
492 557
492 572
492 630
492 634
495 501
495 557
495 572
496 572
497 544
497 581
497 624
497 654
498 682
499 543
500 527
500 601
500 661
501 592
502 514
502 534
502 563
502 572
503 542
503 606
503 620
504 529
504 572
504 634
504 638
505 584
506 546
507 590
507 637
508 555
508 640
508 643
508 649
509 632
509 635
510 591
511 520
511 528
511 532
511 597
511 639
512 596
513 526
514 641
514 670
514 676
515 664
517 551
517 562
517 575
517 593
517 644
517 652
517 672
518 586
519 554
519 588
519 674
520 532
520 597
522 523
523 649
524 618
526 535
526 653
527 538
527 601
527 636
527 661
528 532
529 638
530 669
531 547
531 635
532 609
532 653
533 595
533 612
533 626
533 666
534 607
537 634
537 638
538 652
538 655
539 640
540 582
540 643
540 651
540 659
542 651
543 552
543 568
543 657
544 578
544 581
544 624
545 569
545 576
546 598
546 648
548 643
548 659
549 647
551 576
551 644
552 660
555 595
555 658
558 561
558 587
558 649
559 610
561 587
561 643
562 616
562 648
567 576
568 655
568 657
568 660
569 571
569 576
569 615
570 587
572 634
572 638
573 667
573 669
574 611
575 680
577 588
579 593
579 619
579 660
580 616
581 624
581 654
582 620
582 643
582 651
583 678
584 586
584 589
586 595
586 682
587 649
588 639
591 661
592 641
593 673
594 639
594 641
595 658
595 666
596 626
596 682
597 600
597 608
600 609
601 661
601 665
604 655
605 613
606 620
607 641
609 653
610 617
610 628
610 629
611 681
612 665
616 672
617 628
618 672
620 658
621 669
622 647
623 670
624 654
626 656
630 664
648 678
649 658
651 682
652 673
655 671
657 660
658 666
659 682
660 668
673 680
681 683
