#num-nodes
647
#num-links
1511
#links
1 165
2 26
2 50
2 86
2 292
2 363
2 442
3 133
3 225
3 258
3 304
3 356
4 187
4 235
4 290
4 316
4 318
4 329
4 388
5 11
5 36
5 83
5 86
5 156
5 368
5 397
5 405
6 86
6 178
6 213
6 233
6 292
6 306
6 337
8 86
8 94
8 106
8 121
8 142
8 273
8 306
9 36
9 60
9 163
9 184
9 277
9 304
9 444
11 33
11 36
11 156
11 168
11 210
11 216
11 278
11 298
11 307
11 372
11 394
11 397
11 429
13 46
13 203
14 25
14 45
14 65
14 184
14 200
14 384
14 385
15 99
15 453
16 175
16 226
16 337
16 415
16 441
17 66
17 82
17 207
17 235
17 411
18 196
18 260
18 273
19 74
19 96
19 137
19 151
19 174
19 285
20 408
22 172
22 212
22 215
22 241
22 249
22 288
22 443
23 31
23 91
23 109
23 227
23 468
24 262
24 302
24 343
24 353
25 184
25 299
25 384
25 385
25 463
26 53
26 205
26 292
26 463
27 181
27 199
27 229
27 398
28 32
28 66
28 111
28 192
28 199
28 360
28 441
28 466
28 488
29 201
29 346
29 402
29 417
29 446
30 35
30 37
30 70
30 76
30 182
30 212
30 241
30 245
30 252
30 253
30 255
30 279
30 311
30 327
30 385
30 437
30 457
30 464
31 227
31 307
31 372
32 111
32 159
32 167
32 239
32 416
33 277
33 307
33 429
35 253
36 133
36 140
36 169
36 258
36 372
36 385
36 391
36 429
36 444
37 126
37 143
37 253
37 255
37 302
37 407
37 424
37 437
37 443
38 49
38 172
39 61
39 415
40 398
40 441
40 445
41 92
41 265
41 450
42 160
42 181
42 235
42 341
42 388
42 434
43 85
43 173
43 191
45 304
45 371
46 231
46 279
46 392
47 194
47 240
47 247
47 283
47 301
47 470
48 434
49 327
50 86
50 292
50 360
50 363
50 442
50 463
51 165
51 230
51 246
51 256
51 289
51 311
51 436
52 110
52 166
53 205
53 360
54 381
54 415
55 202
56 229
56 316
56 415
57 100
57 219
58 60
58 193
58 377
59 277
59 444
60 92
60 428
62 82
62 258
63 228
64 402
64 417
65 302
66 82
66 177
66 415
66 454
67 126
67 193
67 323
68 83
68 146
68 178
68 407
68 462
69 159
70 116
70 180
70 201
70 210
70 249
70 407
70 413
70 433
70 443
71 83
71 163
71 182
71 223
71 253
72 95
72 121
72 341
73 111
73 236
74 121
74 243
74 267
74 329
74 453
75 170
76 156
76 170
76 231
76 237
76 271
76 299
76 327
76 364
77 217
77 344
77 348
77 395
77 473
78 96
78 171
78 320
78 392
78 449
79 445
80 153
80 352
80 355
80 359
80 446
81 160
81 174
81 201
82 85
82 88
82 316
82 388
82 398
82 442
82 474
83 139
83 146
83 156
83 163
83 213
83 223
83 277
83 306
83 384
83 444
83 461
84 225
84 258
84 286
84 304
84 307
85 279
85 334
85 446
85 449
86 94
86 146
86 158
86 178
86 213
86 215
86 233
86 259
86 292
86 306
86 337
86 387
86 397
86 426
86 439
86 463
88 147
88 361
88 365
88 424
88 465
91 102
91 143
91 162
91 212
91 265
91 268
91 283
91 305
91 355
91 407
91 443
91 457
92 162
92 246
92 265
92 289
92 385
92 407
92 451
92 457
93 96
93 211
94 121
94 160
94 426
94 446
95 121
95 202
96 174
96 199
96 222
96 294
96 410
96 417
99 241
99 245
99 404
100 383
101 110
101 164
102 143
102 272
102 283
102 413
103 143
104 109
104 252
104 354
104 358
104 440
104 464
105 433
106 259
106 426
107 143
107 257
108 291
109 193
109 224
109 300
109 465
110 138
110 139
110 165
110 364
110 366
111 147
111 196
111 236
111 382
111 391
111 441
112 222
112 322
113 190
115 169
115 224
115 256
115 390
116 381
116 405
116 474
117 198
117 225
117 242
117 299
117 300
117 414
119 126
119 436
121 341
122 376
122 378
123 197
123 377
124 163
125 141
125 146
125 185
126 156
126 228
126 256
126 319
126 418
126 436
126 462
127 257
128 231
128 266
128 361
128 432
129 206
129 258
129 282
129 300
129 373
129 414
131 138
131 413
131 433
132 306
133 140
133 145
133 193
133 225
133 237
133 258
133 356
133 465
133 466
134 201
135 203
135 274
135 306
135 320
136 287
136 365
137 151
137 173
137 206
137 234
137 361
137 398
137 449
138 339
138 366
139 159
139 252
139 311
139 366
139 377
139 384
139 390
139 443
140 193
140 280
140 300
140 356
140 391
140 398
140 444
141 146
141 178
141 185
141 277
141 354
141 377
141 401
141 461
141 462
142 248
142 284
143 150
143 157
143 162
143 212
143 215
143 249
143 257
143 305
143 357
143 464
144 282
144 466
145 222
145 466
146 157
146 178
146 185
146 224
146 302
146 354
146 430
146 465
147 424
148 197
148 249
150 157
150 257
150 304
150 307
153 310
154 411
155 173
155 294
155 414
155 417
156 224
156 277
156 312
156 418
156 430
156 436
157 162
157 212
157 243
157 249
157 302
157 307
157 407
158 285
158 306
158 321
158 460
160 341
160 350
161 225
161 258
162 249
162 305
162 317
162 407
162 437
162 443
162 457
162 464
163 178
163 215
163 224
163 312
163 461
164 243
164 365
165 242
165 470
166 430
167 191
167 236
167 361
167 410
169 258
170 214
170 270
170 271
170 291
170 311
170 364
170 379
170 385
170 390
170 448
171 320
172 288
173 199
173 439
173 441
174 349
174 350
174 449
175 211
175 227
175 314
177 415
178 224
178 302
178 316
178 354
178 394
178 430
178 462
180 468
181 204
181 235
181 260
181 272
181 290
181 316
181 341
181 398
181 434
182 253
184 254
184 277
184 284
184 294
184 343
184 384
185 277
185 354
185 401
185 424
185 461
185 462
186 279
186 361
186 418
186 462
186 465
188 199
189 320
190 219
191 280
191 397
191 402
193 322
193 398
194 247
194 324
195 257
196 233
196 273
196 337
196 360
196 382
196 441
196 463
197 242
197 366
198 237
198 311
199 205
199 360
199 441
199 466
200 268
200 312
200 385
201 204
201 381
201 395
201 402
201 474
202 225
202 287
202 398
202 454
203 466
204 395
204 434
207 238
207 411
207 466
208 262
208 302
208 343
208 390
209 270
212 241
212 249
212 305
212 407
212 443
213 426
213 438
215 317
215 354
215 397
215 447
216 252
216 278
216 298
216 372
216 395
216 414
217 301
217 335
217 447
219 305
221 238
221 331
222 267
222 281
223 253
223 259
223 265
223 461
224 268
224 355
224 430
225 227
225 258
225 299
225 304
225 414
226 360
226 382
226 391
226 442
227 286
227 307
227 372
228 338
229 238
231 392
232 332
233 312
233 318
233 337
233 369
233 382
233 439
235 341
235 434
237 299
237 327
237 364
237 423
238 368
239 374
239 450
240 355
241 249
241 252
241 407
242 392
243 287
246 256
246 268
246 303
246 436
247 252
251 311
252 298
252 358
252 372
253 285
253 461
253 462
255 288
255 302
256 436
257 428
258 299
258 414
258 423
260 341
262 343
264 354
264 407
265 302
265 407
265 443
265 461
266 336
266 362
266 465
267 584
268 394
268 430
268 436
269 306
270 328
271 364
272 290
272 469
273 365
273 401
273 441
273 446
277 304
277 312
277 391
277 429
277 444
278 397
279 361
279 410
279 418
279 449
279 462
280 382
280 402
280 465
281 306
282 361
282 365
283 305
283 383
285 321
290 316
290 405
291 383
291 427
292 363
292 387
292 426
292 463
294 410
294 418
294 462
295 344
295 348
298 372
298 414
299 300
299 327
299 384
299 414
300 414
301 447
302 354
302 424
303 430
304 391
304 444
305 437
306 312
307 464
309 546
310 371
311 321
311 351
311 372
311 379
311 384
311 390
311 433
312 371
312 385
312 391
312 444
313 600
314 348
316 368
316 397
316 405
317 368
317 403
317 451
318 389
318 398
318 439
321 390
321 416
324 611
327 410
328 399
329 395
329 474
331 411
332 439
333 451
334 451
337 439
337 441
337 442
337 463
338 424
340 342
341 434
343 385
346 381
348 473
348 475
349 350
351 438
352 359
354 356
354 394
354 407
354 464
356 359
357 455
358 364
360 382
360 408
360 444
361 392
361 432
365 623
368 397
368 405
369 426
371 391
371 398
371 423
372 414
374 387
374 408
376 423
379 390
381 398
381 405
381 474
383 427
384 385
384 463
385 420
385 423
388 504
388 548
388 624
391 395
391 444
391 458
392 398
394 430
395 459
398 415
398 441
398 442
402 417
403 451
403 569
406 570
407 437
407 443
407 457
407 464
408 441
408 445
410 465
412 449
413 433
415 500
417 465
418 436
418 462
421 468
426 463
429 444
431 582
431 628
434 459
437 464
437 472
439 463
440 458
443 457
444 458
446 449
446 453
449 466
451 569
452 458
452 467
452 468
454 578
465 486
467 468
469 470
476 613
477 494
477 498
477 518
477 545
477 568
477 589
477 630
477 646
478 531
478 599
479 531
479 581
479 584
479 609
479 621
479 629
479 631
480 496
480 520
480 574
480 591
481 491
481 494
481 496
481 519
481 532
481 534
481 538
481 549
481 554
481 557
481 568
481 574
481 626
482 587
483 607
485 490
485 493
485 504
485 533
485 548
485 558
485 579
485 605
485 620
485 624
485 625
485 640
486 567
486 613
487 499
487 517
488 533
488 578
488 579
488 619
488 620
489 493
489 544
489 548
489 573
490 496
490 500
490 503
490 512
490 518
490 519
490 520
490 549
490 554
490 568
490 584
490 589
491 512
491 530
491 538
491 545
491 551
491 557
491 612
492 496
492 609
492 612
493 548
493 573
493 624
493 631
493 640
494 503
494 518
494 519
494 532
494 549
494 554
494 568
494 574
494 584
494 625
495 499
495 525
495 549
495 552
495 606
495 633
496 507
496 520
496 530
496 549
496 554
496 557
496 568
496 589
496 630
497 587
497 635
498 508
498 510
498 560
498 586
498 629
498 634
499 517
499 525
499 552
499 589
499 606
499 633
500 512
500 534
500 549
500 584
500 641
501 506
501 568
502 513
502 583
502 629
502 637
503 519
503 532
503 565
503 568
503 584
503 627
503 630
503 641
504 513
504 532
504 533
504 548
504 558
504 578
504 582
504 605
504 620
504 624
504 625
504 637
504 640
505 542
505 603
505 617
505 642
506 565
506 615
506 642
507 533
507 553
507 556
507 573
507 583
507 592
507 593
507 614
507 625
508 516
508 518
508 520
508 543
508 550
508 573
508 590
508 609
508 621
508 637
509 578
509 627
510 538
510 601
510 603
511 514
511 561
511 580
511 586
511 607
512 530
512 538
512 545
512 568
512 574
512 584
512 609
513 554
513 578
513 614
513 622
514 520
514 532
514 560
514 589
514 591
514 600
514 626
514 646
516 536
516 550
516 617
517 521
517 552
517 579
517 606
518 520
518 554
518 584
518 614
518 625
519 530
519 554
519 557
519 568
519 626
520 548
520 574
520 582
520 589
520 591
520 600
521 558
521 578
521 579
521 606
521 640
522 526
522 622
523 541
523 580
523 597
524 553
524 564
524 575
524 595
524 632
525 595
525 632
525 633
526 553
526 575
526 632
527 548
527 558
527 564
527 576
527 578
527 606
527 638
527 645
529 531
529 583
529 585
529 592
530 538
530 545
530 551
530 601
532 548
532 549
532 554
532 557
532 568
532 584
532 589
532 592
532 593
532 624
532 626
532 630
533 548
533 578
533 612
533 620
533 634
533 640
534 570
534 588
534 598
534 609
534 635
535 567
537 562
538 545
538 549
538 557
538 568
538 584
538 612
538 626
539 619
539 631
540 613
540 627
541 577
541 582
541 609
542 603
542 628
542 642
543 585
543 617
544 548
544 573
544 618
544 624
544 625
544 631
544 634
545 549
545 554
545 557
545 568
545 584
545 612
545 628
546 549
546 626
547 605
547 621
547 637
547 638
547 644
548 556
548 558
548 573
548 578
548 592
548 605
548 624
548 640
549 551
549 554
549 557
549 568
549 574
549 626
550 602
550 603
550 642
551 574
551 584
553 556
553 575
553 629
553 632
554 574
554 584
554 626
555 570
555 608
556 568
556 575
556 583
556 605
556 619
556 622
556 624
556 625
557 584
557 609
557 626
557 643
558 578
558 620
558 624
558 640
559 627
560 574
560 586
560 608
560 646
561 574
561 582
561 626
561 635
561 636
562 603
562 627
564 637
567 603
567 628
568 584
568 609
568 630
568 631
569 631
571 593
573 622
573 631
573 644
574 591
574 597
574 601
575 632
576 637
578 620
578 624
578 640
579 629
580 607
581 641
582 598
582 635
582 636
583 621
583 622
583 644
584 597
584 609
584 621
584 630
585 634
585 637
586 646
587 588
588 599
588 609
588 636
589 591
589 600
591 593
591 600
591 646
592 593
592 619
592 631
593 619
593 621
593 629
593 631
595 606
595 614
595 633
595 638
597 609
598 612
598 635
601 643
602 613
602 627
602 637
603 617
603 642
605 609
605 624
605 631
605 637
605 644
607 608
609 618
609 621
609 631
609 644
612 621
614 621
614 625
614 640
618 621
618 637
619 621
619 627
620 640
621 622
621 629
621 644
622 631
622 637
624 640
625 640
626 630
628 642
630 641
631 637
631 644
633 638
635 636
