#num-nodes
904
#num-links
3679
#links
1 69
1 258
1 609
2 44
2 55
2 58
2 137
2 275
2 327
2 335
2 364
2 403
2 419
2 425
2 481
2 499
2 545
2 551
2 570
2 584
2 589
3 237
3 311
3 335
3 337
3 350
3 403
3 479
3 524
3 608
4 6
4 26
4 86
4 115
4 133
4 198
4 332
4 413
4 447
4 451
4 458
4 512
4 604
5 330
5 350
5 534
6 42
6 63
6 115
6 164
6 245
6 304
6 312
6 382
6 413
6 446
6 491
6 513
6 544
7 66
7 158
7 176
7 193
7 204
7 283
7 406
7 508
8 54
8 90
8 192
8 273
8 321
8 352
8 462
8 509
8 526
9 85
9 203
9 342
9 396
9 397
9 503
9 534
9 569
10 71
10 93
10 130
10 217
10 264
10 336
10 434
10 577
11 71
11 272
12 199
12 303
12 304
12 370
12 469
12 597
13 69
13 96
13 175
13 219
13 258
13 300
13 415
13 456
13 477
13 547
14 221
14 252
14 293
14 297
14 366
14 374
14 390
14 492
14 496
14 578
15 24
16 17
16 36
16 97
16 320
16 344
16 366
16 392
16 396
16 434
16 508
16 520
17 56
17 135
17 283
17 309
17 320
17 344
17 366
17 392
17 506
17 520
17 582
18 25
18 93
18 181
18 182
18 240
18 244
18 276
18 298
18 321
18 407
18 482
18 533
18 562
18 590
19 174
19 194
19 292
19 368
19 369
19 422
19 428
19 443
19 560
19 588
20 104
20 156
20 201
20 204
20 223
20 261
20 326
20 329
20 471
20 485
21 94
21 399
21 417
21 524
22 83
22 89
22 112
22 262
22 422
22 423
22 538
22 607
23 40
23 469
23 471
23 505
24 150
24 318
25 57
25 118
25 167
25 250
25 273
25 354
25 540
26 28
26 72
26 99
26 120
26 415
26 456
26 537
26 539
26 605
27 94
27 228
27 285
27 575
28 39
28 82
28 108
28 109
28 120
28 291
28 297
28 367
28 376
28 477
28 512
28 531
28 537
28 539
28 605
29 61
29 161
29 312
29 566
30 249
30 319
30 445
30 473
30 494
30 534
30 611
31 252
32 35
32 98
32 104
32 110
32 112
32 197
32 223
32 353
32 400
32 471
32 485
32 516
32 523
32 529
32 536
32 600
32 602
33 81
33 152
33 257
33 342
33 501
33 556
34 504
34 569
34 711
35 124
35 197
35 251
35 324
35 529
36 142
36 260
36 274
36 407
36 409
36 533
36 569
36 576
37 571
38 44
38 141
38 142
38 430
38 479
39 51
39 82
39 86
39 101
39 109
39 113
39 119
39 130
39 164
39 264
39 291
39 298
39 329
39 354
39 359
39 375
39 376
39 561
39 595
40 114
40 189
40 283
40 288
40 324
40 340
40 473
40 544
40 545
41 230
41 268
41 316
41 346
41 460
41 514
42 245
42 255
42 312
42 408
42 491
42 547
43 78
43 451
43 464
43 466
43 554
44 187
44 253
44 334
44 465
44 479
45 145
45 158
45 160
45 356
45 383
45 408
45 442
45 513
45 518
45 568
46 64
46 66
46 160
46 363
46 540
46 578
48 50
48 234
49 200
49 221
49 259
49 454
49 532
49 544
49 567
49 573
50 135
50 171
50 299
50 363
50 379
50 423
50 491
51 77
51 263
51 264
51 462
51 521
51 550
51 561
51 583
52 78
52 145
52 169
52 173
52 193
52 205
52 383
52 386
52 526
53 63
53 96
53 106
53 239
53 303
53 353
53 471
53 551
54 57
54 60
54 67
54 192
54 217
54 219
54 245
54 273
54 344
54 348
54 449
54 492
55 58
55 93
55 98
55 124
55 207
55 214
55 265
55 419
55 465
55 546
55 811
56 64
56 176
56 320
56 363
56 392
56 465
56 520
56 582
56 586
57 67
57 189
57 192
57 276
57 348
57 371
57 447
57 537
57 599
58 59
58 124
58 159
58 207
58 251
58 265
58 362
58 363
58 385
58 394
58 471
58 492
58 507
58 536
58 602
59 60
59 66
59 116
59 166
59 210
59 363
59 379
59 393
59 548
60 81
60 152
60 189
60 362
60 385
60 492
60 540
60 607
61 146
61 427
61 448
62 135
62 255
62 520
63 124
63 133
63 151
63 239
63 278
63 312
63 322
63 341
63 411
63 413
63 442
63 471
63 512
64 130
64 232
64 323
64 360
64 434
64 465
64 582
65 358
65 466
65 490
65 572
66 91
66 160
66 299
66 361
66 540
66 548
66 574
67 93
67 192
67 234
68 183
68 198
68 260
68 274
68 286
68 292
68 512
68 537
68 539
69 166
69 173
69 384
69 460
70 190
72 166
72 296
72 373
72 385
72 389
72 462
72 510
72 557
72 560
72 842
73 505
73 511
73 530
73 586
74 253
74 311
74 430
75 155
75 226
75 266
75 377
75 379
75 397
75 420
75 421
75 467
75 489
75 510
75 538
75 577
76 79
76 138
76 144
76 429
76 560
76 580
76 608
77 115
77 194
77 260
77 263
77 294
77 322
77 351
77 358
77 395
77 402
77 421
77 422
77 443
77 444
77 446
77 521
77 533
77 550
77 559
77 583
77 601
78 548
79 125
79 138
79 155
79 212
79 245
79 421
79 467
79 510
79 562
79 563
79 565
80 284
81 92
81 131
81 152
81 188
81 217
81 297
81 342
82 120
82 130
82 291
82 297
82 299
82 359
82 375
82 477
82 547
82 548
82 585
82 595
83 185
83 318
83 358
83 444
83 521
83 526
83 530
83 550
83 583
83 609
84 87
84 235
84 332
84 437
84 500
84 553
85 150
85 163
85 202
85 203
85 254
85 396
85 397
85 571
85 575
86 118
86 148
86 267
86 270
86 299
86 447
86 555
87 91
87 93
87 104
87 148
87 181
87 250
87 398
88 196
88 200
88 323
88 372
88 397
88 399
88 433
88 448
88 524
89 127
89 136
89 180
89 252
89 262
89 362
89 400
89 432
89 469
89 536
89 571
89 590
89 602
89 607
90 118
90 182
90 194
90 277
90 289
90 320
90 394
90 450
90 505
91 192
91 289
91 297
91 361
91 398
92 152
92 174
92 306
92 436
93 98
93 234
93 296
93 345
93 399
93 436
93 465
93 540
93 552
93 574
93 589
94 95
94 179
94 231
94 313
94 337
94 365
94 461
94 610
95 127
95 137
95 212
95 215
95 234
95 283
95 362
95 425
95 572
95 811
95 861
96 143
96 204
96 330
96 430
96 519
97 228
97 266
97 449
97 465
97 546
98 136
98 183
98 197
98 207
98 259
98 324
98 340
98 365
98 410
98 425
98 436
98 442
98 469
98 471
98 478
98 485
98 496
98 523
98 536
98 545
98 546
98 600
98 602
99 113
99 148
99 189
99 192
99 250
99 262
99 305
99 338
99 361
99 371
99 398
99 462
99 599
100 126
100 274
100 425
101 109
101 113
101 130
101 375
101 404
101 462
101 512
101 530
101 595
102 104
102 127
102 282
102 293
102 310
102 355
102 364
102 408
102 413
102 478
102 515
102 516
102 593
102 600
103 135
103 246
103 380
103 478
103 546
103 549
104 129
104 156
104 259
104 289
104 398
104 413
104 473
104 507
104 590
105 164
105 286
105 331
105 359
105 367
105 415
105 471
105 533
105 604
106 322
106 340
106 460
106 461
106 486
106 714
107 172
107 178
107 185
107 199
107 282
107 405
107 469
107 538
107 598
107 625
107 735
107 777
107 852
108 109
108 164
108 191
108 201
108 359
108 367
108 416
108 443
108 474
109 113
109 120
109 164
109 191
109 359
109 367
109 375
109 376
109 416
109 474
110 112
110 223
110 349
110 424
110 471
110 485
110 508
110 516
110 536
110 542
110 602
111 225
111 315
111 401
111 533
112 129
112 131
112 244
112 262
112 338
112 485
112 493
112 536
112 542
112 602
113 119
113 263
113 264
113 375
113 376
113 462
114 122
114 151
114 174
114 201
114 340
114 347
114 380
114 439
114 478
114 488
114 523
114 542
114 544
114 587
114 600
114 601
115 133
115 163
115 285
115 341
115 382
115 411
115 413
115 422
115 458
115 587
115 601
116 284
116 554
116 644
117 217
117 245
117 378
117 492
118 130
118 245
118 289
118 348
118 352
118 361
118 378
118 398
118 413
118 443
118 474
118 491
118 513
118 518
118 533
118 588
119 263
119 264
119 376
119 561
120 359
120 375
120 537
120 539
120 585
120 605
121 173
121 249
121 379
121 425
121 523
121 572
121 598
122 179
122 191
122 310
122 324
122 483
122 515
122 542
122 600
123 142
123 311
123 502
124 265
124 324
124 419
125 166
125 304
125 334
125 429
125 560
127 232
127 342
127 437
127 607
127 610
128 156
128 185
128 221
128 293
128 355
128 374
129 239
129 262
129 336
129 340
129 370
129 486
129 507
129 570
129 582
129 602
130 299
130 336
130 354
130 376
130 494
130 588
130 595
131 152
131 336
131 368
132 394
132 556
133 278
133 555
134 145
134 246
134 266
134 275
134 357
134 383
134 421
134 550
134 587
134 601
135 145
135 148
135 235
135 251
135 281
135 330
135 396
135 496
135 500
135 505
135 556
136 342
136 432
136 602
136 607
136 640
137 154
137 238
137 427
138 296
138 422
138 429
138 549
138 560
138 580
138 608
139 203
140 311
140 379
140 403
141 278
141 333
141 479
141 509
141 533
142 569
143 154
143 430
143 519
144 429
144 438
144 560
144 580
145 246
145 247
145 275
145 290
145 317
145 383
145 386
145 493
146 228
146 313
146 448
146 463
147 320
147 323
147 484
147 511
147 517
148 250
148 281
148 361
148 398
148 474
148 500
148 520
148 822
149 204
149 260
149 267
149 290
149 379
149 487
150 163
150 332
150 333
150 437
150 533
150 575
151 280
151 294
151 353
151 474
151 587
152 174
152 188
152 256
152 549
153 275
153 312
153 335
153 389
153 403
153 530
153 557
153 587
154 238
154 328
154 365
154 456
154 519
154 696
155 158
155 212
155 226
155 357
155 381
155 420
155 421
155 423
155 435
155 440
155 467
155 489
155 490
155 510
155 563
155 577
156 197
156 220
156 251
156 293
156 355
156 380
156 478
156 496
156 547
156 858
157 158
157 168
157 230
157 306
157 322
157 386
157 495
157 526
157 843
158 166
158 193
158 210
158 280
158 306
158 311
158 519
158 526
158 555
158 565
159 189
159 207
159 242
159 340
159 425
159 643
159 672
159 818
160 188
160 227
160 341
160 369
160 397
160 404
160 442
160 568
160 578
160 580
162 215
162 295
162 522
162 610
163 188
163 235
163 255
163 281
163 301
163 549
163 575
164 247
164 266
164 291
164 359
164 367
164 415
164 416
164 474
164 480
164 531
164 537
164 539
164 585
165 183
165 198
165 210
165 240
165 294
165 347
165 356
165 458
165 513
165 518
165 601
166 255
166 257
166 274
166 296
166 304
166 311
166 357
166 367
166 435
166 453
166 469
166 526
167 299
167 301
167 341
167 354
167 494
167 518
167 555
168 169
169 210
169 236
169 290
169 379
169 513
169 518
170 246
170 357
170 420
170 421
170 422
170 424
170 435
170 467
170 489
170 490
170 510
170 527
170 556
171 224
171 318
171 357
171 367
171 423
171 510
171 543
171 577
172 227
172 405
172 440
172 461
172 499
172 557
172 573
173 530
173 554
173 572
174 201
174 227
174 294
174 341
174 347
174 464
174 466
175 191
175 216
175 245
175 308
175 348
175 371
176 230
176 231
176 300
176 399
176 481
176 526
176 589
176 649
177 346
177 509
178 185
178 187
178 198
178 282
178 405
178 554
179 231
179 365
179 372
180 365
181 268
181 321
181 407
181 467
182 287
182 289
182 308
182 378
182 468
182 483
182 488
182 493
183 233
183 292
183 331
183 368
183 369
183 382
183 464
184 207
184 436
184 495
185 282
185 405
185 469
185 554
185 559
185 607
186 261
186 293
186 335
186 341
186 395
186 564
186 591
186 594
186 596
187 205
187 282
187 405
187 554
189 219
189 273
189 289
189 340
189 344
189 345
189 483
189 545
189 570
190 196
190 337
190 535
191 206
191 280
191 288
191 415
191 416
191 468
191 474
191 483
191 488
191 585
192 219
192 250
192 273
192 344
192 345
192 361
192 599
193 322
193 325
193 346
193 406
194 250
194 289
194 292
194 320
194 344
194 345
194 382
194 394
194 443
195 425
195 427
195 459
195 461
195 465
195 572
195 708
195 765
196 199
196 313
196 396
196 438
196 470
197 232
197 242
197 251
197 261
197 262
197 293
197 353
197 355
197 364
197 462
197 547
197 851
198 233
198 411
198 413
198 443
198 458
198 466
198 512
198 513
198 518
198 531
199 303
199 438
199 440
199 590
199 597
200 313
200 409
200 427
200 440
200 461
200 567
201 207
201 223
201 380
201 416
201 419
201 439
201 471
201 474
201 523
201 546
201 555
201 600
202 215
202 271
202 272
203 396
203 397
203 503
203 552
203 569
204 205
204 239
204 290
204 338
204 353
204 400
204 419
204 439
204 480
204 584
205 255
205 285
205 480
205 534
205 553
206 210
206 245
206 280
206 291
206 416
206 539
207 223
207 265
207 362
207 471
207 478
208 316
208 642
209 212
209 220
209 303
209 351
209 435
209 440
209 516
209 546
209 597
210 240
210 263
210 264
210 280
210 338
210 393
210 518
210 561
211 215
211 314
211 387
212 377
212 398
212 421
212 563
214 265
214 299
214 349
214 450
214 485
214 777
214 845
214 884
215 276
215 362
215 590
215 642
217 219
217 233
217 273
217 276
217 492
218 298
218 478
219 273
219 462
219 492
219 526
219 537
219 539
220 221
220 242
220 365
220 374
220 432
220 564
220 593
220 596
220 602
221 293
221 297
221 366
221 374
221 390
221 476
221 564
221 578
221 593
222 273
222 438
222 440
222 584
223 232
223 251
223 294
223 302
223 327
223 353
223 419
223 466
223 471
223 485
223 546
223 587
223 601
224 487
225 226
225 348
225 351
225 357
225 424
225 486
225 489
225 510
225 512
225 538
225 577
225 581
226 266
226 377
226 381
226 420
226 424
226 467
226 490
226 510
226 538
226 563
226 577
227 330
227 347
227 366
227 405
227 536
227 564
227 582
227 593
227 734
227 895
228 230
229 308
229 439
229 580
229 618
229 644
229 858
230 285
230 314
230 318
230 333
230 399
230 417
230 460
230 487
230 589
231 323
231 372
231 409
231 498
232 261
232 277
232 374
232 431
232 564
232 596
232 870
233 292
233 392
233 441
233 464
233 586
234 349
234 507
234 532
234 551
235 294
235 300
235 301
235 356
235 494
235 501
236 315
237 311
237 335
237 403
237 501
237 502
237 833
238 328
239 364
239 380
239 452
239 507
239 582
240 294
240 301
240 302
240 305
240 338
240 356
240 458
240 494
240 513
240 518
240 588
241 504
242 295
242 326
242 374
242 436
242 564
242 570
242 588
243 402
243 581
244 245
244 298
244 348
244 352
245 298
245 348
245 378
245 449
245 491
246 274
246 275
246 296
246 312
246 341
246 402
247 291
247 300
247 317
247 324
247 343
247 444
247 531
247 585
247 604
247 609
248 337
249 419
249 445
249 487
250 273
250 276
250 289
250 361
250 371
250 398
250 500
250 539
251 302
251 349
251 496
251 546
252 295
252 297
252 372
252 374
252 390
252 475
253 446
253 466
253 479
253 487
253 587
254 609
255 280
255 301
255 330
255 347
255 356
255 385
256 257
256 267
256 323
256 333
256 419
256 476
256 525
257 300
257 445
258 415
258 451
258 488
259 262
259 372
259 452
259 454
259 495
259 532
259 573
260 286
260 306
260 312
260 385
260 402
260 451
260 466
260 533
260 550
260 559
260 600
261 262
261 264
261 364
261 561
261 602
262 285
262 340
262 461
262 590
263 264
263 444
263 462
263 559
263 561
263 583
264 561
265 327
265 370
265 473
266 291
266 308
266 351
266 377
266 449
266 471
266 510
267 476
268 314
268 321
268 339
268 445
269 339
269 346
269 384
269 399
269 457
269 541
269 579
269 609
270 273
270 314
270 361
270 398
273 348
273 443
273 459
273 462
273 492
273 526
274 310
274 488
274 515
275 286
275 388
275 546
275 584
276 299
276 373
276 533
276 562
277 282
277 289
277 297
277 352
277 370
277 505
277 596
277 793
277 870
278 279
278 338
278 533
278 555
279 358
280 416
280 456
280 587
281 320
281 368
281 443
281 500
281 520
281 549
281 839
282 283
282 504
283 336
284 316
284 499
284 506
284 565
285 481
285 534
285 571
286 332
286 347
286 402
286 413
286 423
286 556
287 288
287 483
287 488
288 289
288 310
288 352
288 359
288 391
288 404
288 415
288 456
288 483
288 515
288 531
288 539
288 552
289 297
289 394
289 476
289 505
290 305
290 353
290 383
290 480
290 609
291 359
291 466
291 531
291 585
291 595
292 369
292 382
292 404
292 411
292 464
292 604
293 355
293 478
293 539
293 578
293 608
294 301
294 347
294 356
294 476
294 544
294 587
294 589
294 601
295 427
295 534
296 341
296 367
296 552
296 570
296 580
297 366
297 374
297 390
297 505
297 564
297 593
297 608
297 612
298 329
298 363
298 548
298 553
299 354
299 363
299 548
299 595
300 317
300 324
300 516
301 356
301 494
301 513
301 518
301 548
302 303
302 324
302 326
302 329
302 362
303 322
303 327
303 435
303 439
303 489
303 490
303 584
304 308
304 312
304 334
304 342
304 421
304 435
304 443
304 489
304 563
305 321
305 373
305 451
305 562
306 437
306 479
308 371
308 421
308 449
308 493
308 563
309 576
310 359
310 483
310 493
310 515
310 524
310 531
310 585
311 403
311 465
311 526
311 528
311 589
312 335
312 451
313 397
313 399
313 410
313 448
313 486
313 573
314 316
314 417
314 524
315 327
315 516
315 523
315 538
315 645
316 339
317 324
317 444
317 583
317 609
318 466
318 501
318 502
318 562
318 608
319 362
319 445
319 504
319 581
319 621
320 392
320 394
320 508
320 511
320 512
320 517
320 520
320 586
321 562
321 610
322 401
322 461
322 481
322 590
323 372
323 427
323 433
323 454
323 511
323 517
323 573
324 454
324 516
324 523
325 350
325 501
325 502
325 752
326 391
326 607
327 469
327 538
327 550
327 584
328 501
328 853
328 855
329 370
329 523
330 336
330 339
330 574
331 369
332 333
332 341
332 411
332 413
332 423
332 447
332 458
333 399
333 408
333 419
334 335
334 476
335 341
335 403
336 397
336 506
336 509
338 370
338 452
338 584
338 607
338 754
339 384
339 395
339 457
340 441
340 485
340 818
340 855
341 347
341 354
341 362
341 404
341 408
341 411
341 413
341 442
341 458
341 494
341 587
342 408
342 549
344 392
344 434
344 492
344 548
344 578
345 361
345 407
345 540
345 541
347 404
347 411
347 413
347 542
348 352
348 401
349 450
349 469
350 487
350 534
351 550
352 415
352 526
353 419
353 485
353 490
353 546
353 584
353 602
354 494
354 588
355 380
355 478
355 600
356 383
356 494
356 513
356 518
357 404
357 422
357 423
357 491
357 500
357 510
357 563
357 580
358 383
358 386
358 550
358 570
359 367
359 474
359 477
359 515
359 531
359 585
359 595
359 605
360 372
360 433
361 398
361 420
361 474
362 365
362 410
362 452
362 476
362 593
362 610
363 379
363 548
364 424
364 474
364 602
364 610
366 374
366 391
366 578
366 593
367 416
367 474
367 493
367 531
367 537
367 585
367 605
368 498
368 520
369 382
369 395
369 443
369 464
369 498
370 900
371 398
372 508
372 517
372 532
372 811
373 385
373 498
373 562
374 390
374 593
374 596
375 462
375 512
375 523
375 537
376 474
376 477
376 555
376 595
377 381
377 421
377 467
377 489
377 490
377 563
378 449
378 467
379 568
380 428
380 473
380 478
380 600
381 420
381 421
381 467
381 470
381 510
381 577
382 464
382 547
383 386
383 513
383 568
384 457
384 579
384 609
385 389
385 394
385 453
385 477
385 492
386 570
387 388
387 401
387 535
388 488
388 490
389 453
390 522
392 520
392 581
393 513
393 518
394 408
394 498
394 556
394 594
396 397
396 569
396 571
396 575
397 459
397 461
397 491
397 503
398 399
398 420
398 470
398 500
399 417
399 433
399 457
399 552
400 410
400 424
400 454
400 461
404 411
404 413
404 442
404 458
404 582
404 670
405 559
405 573
407 482
408 446
408 556
410 433
410 469
410 567
411 413
411 466
411 587
411 601
412 427
413 423
413 458
413 491
413 587
414 559
414 572
414 685
415 456
415 493
415 537
415 539
415 547
415 592
416 474
416 512
416 537
416 605
417 433
417 702
418 464
418 540
419 439
419 485
419 490
419 516
419 546
420 422
420 467
420 490
420 510
420 563
420 577
421 422
421 423
421 435
421 447
421 467
421 489
421 510
421 563
421 577
421 583
422 423
422 429
422 538
422 577
423 429
423 458
423 467
423 510
423 563
423 645
424 489
424 510
424 538
424 544
424 577
425 427
425 607
426 591
426 594
427 433
427 590
428 494
428 588
429 580
429 718
431 582
432 536
432 602
432 607
434 437
434 455
434 582
435 467
435 489
435 490
435 563
436 454
436 479
436 593
437 575
438 459
438 461
438 520
438 597
438 718
439 440
439 471
439 600
440 461
440 538
440 573
440 718
442 443
442 466
442 480
442 497
443 454
443 458
443 462
443 474
443 513
443 518
443 601
444 530
444 559
444 583
445 487
446 533
446 718
447 451
447 462
447 512
447 555
447 563
448 463
448 503
449 489
450 610
451 453
451 462
451 555
452 507
453 468
454 469
454 511
454 553
454 573
455 520
455 723
456 488
456 515
456 537
457 609
458 466
458 513
459 765
460 487
461 465
461 557
461 572
462 474
464 586
465 528
465 538
465 732
466 493
466 531
466 587
466 601
467 489
467 490
467 510
467 577
467 581
468 483
468 493
468 512
468 592
468 605
469 584
470 527
471 485
471 600
473 611
474 477
474 500
474 547
474 585
475 476
475 522
475 714
475 831
476 505
477 547
477 585
477 586
477 595
477 604
478 602
482 534
483 488
483 508
484 517
485 523
485 602
487 499
487 502
488 493
488 515
488 537
488 542
488 600
489 597
490 510
490 515
490 527
490 597
493 592
494 548
494 588
495 532
495 567
495 572
495 573
496 570
500 520
501 502
501 590
502 528
502 590
504 516
504 590
504 607
505 508
505 574
507 540
507 551
507 582
507 732
510 538
510 563
510 577
511 512
511 607
512 513
512 587
512 592
512 605
513 518
514 524
515 531
516 529
517 848
519 526
520 822
521 530
521 550
521 583
523 600
526 555
526 565
529 602
531 585
531 595
532 572
533 543
536 602
536 607
537 605
538 546
538 577
540 582
542 546
545 602
546 600
549 581
550 559
550 584
550 609
552 565
555 559
555 561
556 581
557 560
557 587
560 580
560 608
563 577
564 578
564 596
567 573
567 600
575 610
578 582
578 596
585 757
586 591
587 601
590 610
591 594
593 596
596 607
597 638
613 629
613 690
613 692
613 734
613 757
613 851
613 857
613 858
614 641
614 652
614 656
614 688
614 711
614 720
614 739
614 770
614 785
614 883
614 894
614 897
615 671
615 717
615 725
615 745
615 761
615 794
615 797
615 817
615 824
615 880
616 670
616 684
616 720
616 770
616 777
616 813
617 724
617 839
617 903
618 660
618 704
618 734
618 766
618 793
618 795
618 838
618 858
618 881
618 902
619 625
619 659
619 711
619 712
619 796
619 800
619 838
619 844
619 848
619 860
619 862
619 879
620 631
620 648
620 651
620 749
620 766
622 623
622 832
622 861
622 867
623 741
623 768
623 776
623 832
623 848
623 867
623 874
624 627
624 633
624 636
624 648
624 680
624 711
624 749
624 783
624 866
624 891
624 900
625 669
625 670
625 720
625 726
625 735
625 741
625 762
625 770
625 777
625 787
625 796
625 801
625 813
625 838
625 862
625 874
625 884
626 633
626 803
626 835
626 854
626 866
627 664
627 731
627 745
627 817
627 866
628 637
628 686
628 707
628 721
628 753
628 779
628 813
629 690
629 734
629 757
629 770
629 840
629 854
629 870
629 880
629 895
630 648
630 703
630 799
630 889
631 668
631 746
631 760
631 798
631 847
631 869
631 889
631 893
632 653
632 676
632 691
632 785
632 829
633 680
633 745
633 803
633 831
633 890
634 645
634 790
635 648
635 697
635 711
635 747
635 759
635 825
636 664
636 695
636 900
637 639
637 663
637 822
637 823
637 826
637 871
637 898
638 653
638 718
638 861
639 663
639 740
639 772
639 887
640 673
640 697
640 735
640 762
640 767
640 792
640 838
640 860
641 668
641 699
641 756
641 792
641 841
641 883
642 710
642 718
642 765
642 774
642 790
643 645
643 671
643 691
643 732
643 737
643 797
643 811
643 817
643 840
643 874
643 887
644 657
644 660
644 675
644 757
644 807
644 824
645 675
645 729
645 824
645 832
645 858
646 678
646 718
646 778
646 786
646 797
646 852
646 873
646 901
647 656
647 698
647 717
647 755
647 761
647 827
647 830
647 836
648 711
648 747
648 749
648 759
648 867
648 891
648 894
649 698
649 701
649 748
649 769
649 809
649 826
649 862
650 656
650 695
650 703
650 863
651 694
651 705
651 726
651 746
651 798
651 897
652 663
652 668
652 677
652 739
652 741
652 758
652 762
652 774
652 798
652 812
652 821
652 865
652 868
652 879
652 883
652 889
652 894
653 675
653 727
653 742
653 744
653 790
653 859
654 665
654 707
654 719
654 735
654 775
654 779
654 809
654 825
654 849
654 882
654 893
654 896
654 899
655 662
655 698
655 728
655 750
655 755
655 786
655 842
655 857
656 689
656 739
657 757
657 793
657 902
658 694
658 780
658 791
659 694
659 700
659 713
659 767
659 780
659 848
660 820
661 688
661 839
661 872
661 878
661 903
662 698
662 750
662 754
662 755
662 786
662 811
662 842
663 667
663 756
663 758
663 760
663 786
663 843
664 714
664 731
664 850
664 897
664 900
665 712
665 728
665 735
665 773
665 809
665 815
665 816
665 827
665 835
665 846
665 887
666 732
666 746
666 755
666 769
666 790
666 850
667 699
667 758
667 898
668 686
668 700
668 753
668 756
668 812
668 841
668 868
668 883
669 673
669 697
669 704
669 762
669 767
669 801
669 806
669 838
669 852
669 860
670 673
670 720
670 721
670 735
670 737
670 767
670 770
670 777
670 838
670 844
670 845
670 852
670 879
670 897
671 698
671 725
671 744
671 750
671 773
671 793
671 840
671 842
671 858
672 724
672 732
672 774
672 793
672 818
673 700
673 737
673 767
673 770
673 777
673 800
673 801
673 813
673 838
673 843
673 844
673 845
673 860
673 884
674 721
674 785
674 799
674 832
675 724
675 742
675 744
675 750
675 786
675 790
675 861
676 691
676 718
676 736
676 737
676 824
676 829
676 837
676 874
677 679
677 684
677 697
677 700
677 713
677 792
677 798
677 815
677 838
677 880
678 683
678 692
678 717
678 718
678 773
678 813
678 870
678 890
678 895
679 684
679 701
679 769
679 782
679 804
679 865
680 704
680 712
680 718
680 745
680 763
680 800
680 890
681 702
681 712
681 732
681 752
681 837
681 857
682 698
682 816
682 836
683 724
683 727
683 817
684 713
684 770
684 788
684 799
684 812
684 813
684 856
684 860
684 865
685 857
685 888
686 711
686 753
686 779
686 879
687 700
687 759
687 825
687 838
687 839
687 856
687 893
687 899
688 834
688 878
688 903
689 775
689 894
690 734
690 854
690 857
691 720
691 736
691 737
691 801
691 818
691 829
691 884
692 754
692 824
693 735
693 741
693 770
693 775
693 776
693 787
693 838
693 860
693 889
694 716
694 746
694 762
694 780
694 838
695 762
695 775
695 800
695 863
696 733
696 751
696 850
697 720
697 753
697 767
697 801
697 815
697 838
697 843
697 860
697 882
698 714
698 717
698 736
698 741
698 750
698 754
698 786
698 836
698 840
698 842
699 792
699 841
700 713
700 735
700 763
700 792
700 795
700 848
701 714
701 717
701 718
701 769
701 772
701 782
701 783
701 790
702 712
702 764
702 817
702 880
702 892
704 709
704 734
704 766
704 835
704 893
704 902
705 709
705 746
705 798
706 730
707 735
707 818
707 825
707 838
707 849
707 869
707 889
708 765
708 834
708 842
709 766
709 885
710 718
710 755
710 765
710 774
710 790
711 741
711 749
711 753
711 808
711 810
711 844
711 879
712 737
712 754
712 811
712 816
713 763
713 777
713 792
713 815
713 894
714 731
714 733
714 781
714 842
714 897
715 735
715 842
716 809
716 821
716 868
717 750
717 755
717 817
717 836
717 842
717 854
717 864
718 724
718 765
718 778
718 790
718 862
719 721
719 735
719 758
719 770
719 776
719 798
719 799
719 813
719 825
719 849
719 874
719 889
720 770
720 777
720 787
720 788
720 801
720 845
720 856
720 884
721 726
721 768
721 869
721 874
721 882
721 896
722 824
724 900
724 903
725 727
725 761
725 794
725 805
725 835
725 839
725 880
725 890
726 735
726 762
726 770
726 779
726 801
726 838
726 848
726 858
726 874
727 734
727 743
727 794
727 827
727 835
727 866
728 750
728 768
728 780
728 816
728 834
728 842
728 857
729 814
729 827
729 864
731 850
731 897
731 900
732 811
732 857
734 895
735 775
735 785
735 809
735 849
735 852
735 869
735 882
735 884
735 892
735 899
736 757
736 763
736 795
736 806
736 831
736 840
736 842
736 851
736 858
736 887
737 774
737 784
737 811
737 818
737 829
737 831
737 846
737 857
737 884
738 820
739 746
739 769
739 894
740 783
740 897
741 768
741 788
741 801
741 830
741 860
741 884
741 897
742 744
742 786
742 816
742 861
743 754
743 755
743 786
743 793
743 819
743 881
743 887
744 824
744 855
745 771
745 803
745 805
745 824
745 836
745 840
745 854
745 855
745 877
745 890
746 847
747 759
747 825
748 807
748 878
749 867
749 891
750 842
750 890
751 850
752 833
752 847
752 891
753 779
753 815
754 773
754 824
754 840
754 858
754 862
755 761
755 786
755 794
755 888
756 812
756 896
757 773
757 840
757 851
757 853
757 858
757 870
758 770
758 785
758 860
758 882
759 815
759 825
760 764
760 780
760 785
760 800
760 816
760 820
760 822
760 869
761 794
761 805
761 839
761 880
762 775
762 796
762 874
762 879
762 897
763 839
764 770
764 780
764 800
764 820
764 882
765 861
766 819
767 770
767 777
767 792
767 795
767 797
767 838
767 844
767 845
767 857
767 860
768 785
768 804
768 830
768 898
769 782
769 783
769 802
769 804
769 865
770 785
770 787
770 799
770 801
770 813
770 845
770 856
770 860
770 884
771 842
771 895
773 835
773 840
773 858
773 870
774 871
775 800
775 801
775 820
775 848
776 799
776 854
776 869
777 791
777 801
777 838
777 845
777 852
777 860
778 873
778 877
779 838
779 889
780 800
780 816
780 849
780 856
780 865
780 899
784 851
784 854
784 858
784 862
784 895
784 902
785 809
785 822
785 856
785 869
785 889
785 893
786 842
787 869
788 801
788 813
788 884
790 875
791 810
791 821
791 852
791 868
792 815
792 838
792 845
793 818
793 846
793 851
793 862
793 870
793 875
793 895
794 842
794 880
795 800
795 807
795 812
795 843
795 873
795 882
796 838
796 848
796 852
797 824
797 850
797 864
798 893
798 897
799 847
800 801
800 820
800 822
800 843
800 882
800 899
801 860
801 884
803 866
804 830
804 898
805 827
805 839
805 854
805 890
806 869
807 808
808 843
809 846
809 889
809 893
809 896
810 812
810 843
810 868
810 883
811 882
812 841
812 843
812 848
812 852
812 896
813 884
814 871
816 836
816 842
816 856
817 836
817 885
818 854
818 855
818 858
820 899
822 823
822 825
822 826
823 845
824 857
824 895
825 849
825 879
825 889
825 893
825 894
825 899
826 894
827 880
827 890
829 884
830 898
831 837
831 862
832 869
835 845
836 842
836 864
838 844
838 845
838 848
838 856
838 860
838 883
839 878
840 846
840 851
840 854
840 858
841 883
842 857
843 860
843 861
843 865
843 889
844 852
844 860
844 883
845 852
845 860
845 894
846 858
847 871
848 852
849 889
850 875
850 903
851 853
851 858
852 860
852 892
853 895
854 862
854 870
854 877
854 895
855 858
856 893
856 899
857 860
858 895
858 902
859 870
860 877
861 875
861 891
862 879
862 895
865 890
866 901
868 898
869 870
869 899
870 895
874 896
876 903
879 889
881 895
884 893
884 899
889 891
889 893
893 899
901 903
