#num-nodes
923
#num-links
4075
#links
0 1
0 227
0 297
0 321
0 380
0 467
0 500
0 509
0 517
0 559
0 574
1 509
1 517
1 574
2 6
2 119
2 177
2 195
2 300
2 316
2 335
2 397
3 66
3 204
3 226
3 318
3 324
3 325
3 382
3 505
4 13
4 30
4 103
4 176
4 323
4 337
4 354
4 378
4 393
4 396
4 406
4 468
4 491
4 519
4 558
4 574
5 27
5 212
5 571
5 575
6 10
6 42
6 178
6 193
6 234
6 302
6 316
6 339
6 355
6 441
6 481
6 482
6 508
6 582
7 21
7 135
7 321
7 393
7 529
7 547
7 640
7 669
7 839
8 40
8 47
8 68
8 71
8 105
8 125
8 151
8 229
8 246
8 318
8 324
8 327
8 334
8 379
8 382
8 453
8 505
8 529
8 539
10 41
10 66
10 131
10 277
10 301
10 303
10 316
10 373
10 399
10 481
10 531
10 544
10 582
11 244
11 294
11 469
11 566
12 76
12 99
12 140
12 193
12 275
12 355
12 395
12 471
12 482
12 508
12 514
12 557
13 166
13 354
13 396
13 587
13 886
14 54
14 114
14 125
14 132
14 220
14 303
14 403
14 428
14 476
14 545
15 51
15 423
15 469
15 525
16 57
16 217
16 266
16 348
17 140
17 166
17 387
17 437
17 578
17 867
18 51
18 58
18 94
18 164
18 321
18 411
18 444
18 450
18 510
18 566
18 681
19 62
19 99
19 216
19 274
19 275
19 302
19 370
19 404
19 413
19 471
19 499
19 508
19 514
19 557
20 511
20 568
21 40
21 157
21 182
21 224
21 307
21 417
21 433
21 740
21 839
21 870
21 885
22 25
22 30
22 154
22 211
22 348
22 358
22 445
22 518
22 584
23 272
23 283
23 296
23 391
23 429
23 452
23 537
23 541
24 39
24 110
24 140
24 155
24 183
24 194
24 198
24 387
24 513
24 519
24 539
25 43
25 62
25 110
25 147
25 154
25 164
25 198
25 233
25 279
25 283
25 358
25 435
25 455
25 478
26 251
26 354
26 386
26 527
27 31
27 120
27 141
27 212
27 274
27 285
27 313
27 356
27 443
27 493
27 518
28 74
28 252
28 256
28 306
28 329
28 410
28 537
29 75
29 89
29 181
29 235
29 266
29 314
29 333
29 759
30 46
30 121
30 144
30 168
30 185
30 211
30 237
30 361
30 449
30 455
30 458
30 513
30 584
31 186
31 287
31 405
31 502
31 517
32 40
32 110
32 147
32 154
32 167
32 198
32 279
32 403
32 445
32 450
32 452
32 458
32 539
33 101
33 104
33 115
33 124
33 236
33 402
33 543
33 580
34 128
34 164
34 203
34 276
34 286
34 325
34 343
34 350
34 489
34 496
35 73
35 158
35 159
36 41
36 131
36 160
36 261
36 394
36 497
37 135
37 290
37 331
37 377
37 469
37 492
37 573
38 77
38 97
38 328
38 465
38 475
38 515
38 565
38 570
38 585
39 110
39 113
39 140
39 194
39 272
39 387
39 440
39 445
39 493
39 528
39 530
39 532
39 539
39 661
40 121
40 199
40 211
40 437
40 452
40 453
40 458
40 530
40 779
41 71
41 83
41 86
41 117
41 125
41 128
41 160
41 215
41 277
41 301
41 316
41 397
41 441
41 489
41 505
41 531
41 544
41 555
41 577
41 582
41 583
42 149
42 151
42 193
42 256
42 258
42 284
42 312
42 339
42 427
42 431
42 453
42 460
42 482
43 127
43 176
43 235
43 278
43 358
43 359
43 442
43 522
43 807
44 257
44 364
44 402
44 479
44 517
45 84
45 157
45 405
45 436
45 489
45 631
45 643
46 110
46 211
46 238
46 279
46 381
46 410
46 449
46 458
46 480
46 509
46 519
46 562
47 178
47 201
47 246
47 324
47 351
47 379
47 382
47 431
47 460
47 463
47 526
48 56
48 99
48 265
48 284
48 335
48 341
48 413
48 431
48 556
49 84
49 95
49 305
49 336
49 374
49 391
49 528
49 533
50 54
50 60
50 175
50 177
50 256
50 263
50 267
50 269
50 355
50 491
50 506
50 581
51 405
51 411
51 450
51 525
52 70
52 85
52 215
52 257
52 281
52 362
52 434
52 466
52 540
53 85
53 146
53 165
53 200
53 271
54 59
54 71
54 72
54 114
54 194
54 220
54 221
54 272
54 274
54 277
54 293
54 327
54 398
54 401
54 403
54 408
54 428
54 481
54 522
54 579
54 585
55 103
55 140
55 172
55 280
55 468
55 507
55 519
55 542
55 919
56 128
56 193
56 231
56 236
56 258
56 284
56 299
56 430
56 431
56 502
56 580
57 160
57 171
57 181
57 205
57 261
57 266
57 300
57 492
57 493
57 548
57 807
58 73
58 91
58 318
58 331
58 377
58 422
58 492
58 566
59 114
59 220
59 263
59 269
59 274
59 317
59 356
59 375
59 408
59 481
59 506
59 528
59 616
60 118
60 175
60 263
60 269
60 293
60 307
60 355
60 408
60 481
60 493
60 522
60 579
61 466
61 497
61 581
61 810
62 134
62 193
62 198
62 265
62 275
62 310
62 404
62 432
63 121
63 189
63 306
63 485
63 597
64 112
64 115
64 122
64 281
64 299
65 127
65 178
65 219
65 263
65 333
65 352
65 463
66 71
66 134
66 221
66 226
66 260
66 293
66 334
66 382
66 407
66 505
66 544
67 84
67 95
67 108
67 145
67 150
67 307
67 418
67 494
68 190
68 472
68 511
68 566
68 568
69 118
69 450
69 566
69 710
69 813
70 119
70 172
70 231
70 281
70 284
70 340
70 431
70 540
70 544
71 125
71 137
71 221
71 262
71 349
71 399
72 263
72 504
72 506
72 579
73 158
73 159
73 315
74 147
74 170
74 196
74 210
74 214
74 279
74 450
74 566
74 710
75 108
75 167
75 237
75 287
75 440
75 450
75 575
76 99
76 216
76 234
76 316
76 395
76 413
76 414
76 471
76 482
76 499
77 97
77 151
77 180
77 345
77 349
77 465
77 475
77 520
78 117
78 229
78 291
78 295
79 252
79 322
79 893
80 121
80 166
80 185
80 211
80 354
80 360
80 396
80 437
80 449
80 496
80 552
81 98
81 276
81 365
81 393
81 420
81 424
81 449
81 453
81 510
81 579
82 175
82 298
82 303
82 413
82 474
82 535
82 565
82 583
83 86
83 105
83 137
83 226
83 505
83 519
84 95
84 243
84 336
84 338
84 368
84 529
84 533
84 583
85 165
85 200
85 370
86 105
86 153
86 195
86 250
86 391
86 406
86 411
86 419
87 341
88 157
88 378
88 389
88 393
88 410
88 417
88 433
88 515
88 529
88 848
89 181
89 266
89 314
89 478
89 576
89 759
90 122
90 153
90 257
90 297
90 364
90 406
90 457
90 574
91 160
91 162
91 164
91 182
91 336
91 405
91 489
91 525
91 661
92 285
92 348
92 478
93 330
93 331
93 359
93 363
93 377
93 492
93 507
93 546
93 547
94 195
94 450
94 510
95 98
95 336
95 338
95 368
95 391
95 412
95 444
95 698
96 205
96 261
96 282
96 416
96 524
96 548
96 553
97 120
97 242
97 272
97 356
97 366
97 465
97 475
97 532
97 583
98 118
98 184
98 192
98 393
98 424
98 454
99 138
99 151
99 225
99 275
99 302
99 335
99 404
99 413
99 432
99 451
99 471
99 499
99 514
99 551
99 557
99 567
100 106
100 116
100 162
100 243
100 518
100 550
100 571
100 575
101 124
101 257
101 262
101 347
101 359
101 395
101 402
101 492
101 501
101 884
102 184
102 192
102 242
102 259
102 287
102 365
102 372
102 454
102 516
103 237
103 280
103 311
103 421
103 468
103 485
103 527
103 558
104 231
104 339
104 347
104 383
104 424
104 460
104 561
105 134
105 153
105 201
105 226
105 276
105 303
105 309
105 318
105 400
105 526
106 108
106 177
106 187
106 205
106 243
106 440
106 582
108 224
108 281
108 440
108 494
109 121
109 172
109 173
109 183
109 311
109 476
109 502
109 578
109 877
109 910
110 140
110 147
110 167
110 183
110 198
110 293
110 348
110 358
110 403
110 445
110 452
110 458
110 491
110 554
111 117
111 447
111 457
112 115
112 332
112 402
112 501
113 528
113 555
113 583
114 132
114 220
114 293
114 303
114 310
114 313
114 455
114 491
114 506
114 545
114 567
115 137
115 281
115 330
115 402
115 427
115 472
115 511
115 525
116 160
116 162
116 243
116 394
116 575
116 576
117 160
117 216
117 295
117 316
117 349
117 535
118 170
118 174
118 194
118 195
118 217
118 332
118 393
118 528
118 529
118 533
119 128
119 187
119 268
119 400
119 431
120 356
120 398
120 476
120 494
120 515
120 532
120 585
120 684
120 714
121 185
121 238
121 283
121 296
121 306
121 437
121 453
121 530
121 564
121 621
121 661
122 281
123 195
123 417
123 443
123 492
124 135
124 257
124 321
124 380
124 456
124 473
124 581
125 178
125 201
125 221
125 272
125 277
125 293
125 310
125 316
125 327
125 334
125 349
125 353
125 397
125 410
125 481
125 531
125 582
126 205
126 548
126 576
127 175
127 272
127 310
127 328
127 398
127 515
127 522
128 203
128 276
128 286
128 300
128 312
128 343
128 385
128 397
128 526
128 581
129 250
130 254
130 311
130 549
130 902
131 301
131 544
131 582
132 220
132 307
132 481
132 563
132 565
133 214
133 342
133 352
133 367
133 392
133 483
133 554
133 572
133 825
134 226
134 265
134 300
134 310
134 318
134 399
134 555
135 248
135 257
135 321
135 331
135 377
135 380
135 422
135 430
135 492
135 581
136 163
136 197
137 161
137 259
137 262
137 334
138 216
138 275
138 316
138 404
138 471
138 514
138 551
138 557
139 152
139 157
139 188
139 218
139 416
140 154
140 189
140 198
140 358
140 387
140 435
140 493
140 504
140 535
140 539
140 875
140 919
141 212
141 266
141 285
141 394
141 493
142 148
142 344
142 448
142 462
142 624
143 179
143 304
143 313
143 467
143 573
143 717
143 741
144 239
144 304
144 469
144 566
145 206
145 244
145 259
145 294
145 379
145 382
145 415
145 418
145 436
145 494
145 501
145 543
146 423
147 154
147 198
147 233
147 279
147 310
147 348
147 358
147 458
148 196
148 211
148 304
148 323
148 392
148 435
148 542
149 187
149 193
149 258
149 339
149 431
149 460
150 213
150 272
150 288
150 307
150 328
150 350
150 366
150 383
150 416
150 494
150 503
150 583
151 180
151 232
151 268
151 271
151 291
151 346
151 349
151 465
151 475
151 501
152 157
152 188
152 218
152 305
152 385
152 420
152 444
152 497
152 534
152 578
153 250
153 406
153 419
154 279
154 406
154 409
154 419
154 435
154 445
154 518
154 539
154 554
155 233
155 278
155 358
155 389
155 459
155 564
156 176
157 174
157 261
157 268
157 305
157 383
157 416
157 420
157 444
157 529
157 534
157 583
158 159
158 330
158 477
159 273
160 164
160 226
160 239
160 493
160 525
161 180
161 244
161 259
161 294
161 327
161 343
161 372
161 397
161 399
161 402
161 407
161 547
162 243
162 285
162 342
162 391
162 436
162 575
162 576
163 167
163 168
163 323
163 337
163 345
163 396
163 452
163 490
163 496
163 520
164 232
164 239
164 248
164 358
164 433
164 443
165 200
165 257
165 281
165 284
165 370
165 431
165 581
166 512
167 168
167 189
167 396
167 452
167 513
167 539
168 196
168 199
168 304
168 345
168 520
170 235
170 238
170 285
170 286
170 518
171 264
171 353
171 375
171 461
171 493
171 550
171 571
171 575
172 183
172 381
172 421
172 437
172 513
172 519
172 542
172 578
172 584
173 490
173 496
173 562
173 569
173 877
174 188
174 197
174 336
174 401
174 428
174 444
174 515
174 530
174 880
174 882
175 269
175 297
175 356
175 398
175 493
175 504
175 506
175 522
175 572
175 579
177 182
177 261
177 269
177 291
177 300
177 316
177 470
178 201
178 221
178 260
178 317
178 318
178 324
178 327
178 333
178 351
178 382
178 463
178 481
178 505
179 446
179 574
180 232
180 240
180 258
180 302
180 349
180 410
180 414
180 465
180 475
180 501
180 514
181 205
181 208
181 247
181 266
182 220
182 302
182 439
182 631
182 757
182 855
182 906
183 189
183 233
183 379
183 389
183 459
183 480
183 513
184 192
184 242
184 259
184 287
184 365
184 372
184 454
184 516
184 567
185 252
185 323
185 360
185 396
185 437
185 449
185 453
185 533
187 234
187 265
187 355
188 218
188 289
188 378
188 529
188 533
188 534
188 567
189 306
189 485
189 527
189 539
189 562
189 569
190 215
190 226
190 287
190 454
191 195
191 300
191 303
191 327
191 553
191 555
192 287
192 289
192 298
192 365
192 372
192 454
192 516
193 258
193 293
193 339
193 414
193 442
193 482
194 197
194 272
194 356
194 445
194 504
194 522
194 528
194 539
195 300
195 533
196 237
196 279
196 337
196 458
196 530
196 584
197 213
197 256
197 412
197 452
197 515
197 521
197 583
198 293
198 348
198 358
198 403
198 442
198 445
198 482
198 493
198 554
199 245
199 274
199 323
199 345
199 520
199 530
199 622
200 291
200 466
201 226
201 318
201 324
201 327
201 351
201 400
201 422
202 326
202 412
202 436
202 443
203 276
203 284
203 286
203 325
203 343
203 350
203 385
203 533
204 231
204 232
204 246
204 379
204 382
204 427
204 463
205 309
205 352
205 461
205 530
205 548
205 575
205 576
205 580
206 218
206 269
206 357
206 391
206 476
206 534
208 222
208 247
208 266
209 502
210 254
210 279
210 452
210 458
211 271
211 296
211 389
211 449
211 453
211 480
211 554
211 598
212 341
212 461
212 500
212 553
212 556
212 571
212 575
213 261
213 288
213 494
213 527
213 541
213 590
214 313
214 367
214 392
214 438
214 439
214 552
215 466
215 540
216 302
216 316
216 399
216 404
216 413
216 414
216 451
216 471
216 482
216 499
216 508
216 514
216 535
216 557
217 222
217 433
218 378
218 416
218 420
218 533
218 534
218 578
218 583
219 263
219 428
219 477
219 504
219 507
219 534
219 863
220 256
220 259
220 265
220 293
220 307
220 316
220 398
220 401
220 403
220 440
220 491
220 506
220 545
221 260
221 277
221 293
221 303
221 327
221 397
221 403
221 441
221 463
221 481
221 544
221 551
222 264
222 572
223 257
223 320
223 331
223 347
223 377
223 422
223 446
223 456
223 492
223 545
223 546
223 547
224 450
224 469
224 574
224 789
225 303
225 352
225 404
225 413
225 471
225 474
225 514
226 310
226 318
226 399
226 400
226 560
227 411
228 447
228 556
229 236
229 425
229 539
229 580
231 257
231 297
231 312
231 450
232 240
232 248
232 268
232 336
232 349
232 370
232 475
232 501
232 898
233 278
233 358
233 362
234 248
234 267
234 318
234 355
234 434
234 471
234 556
234 581
235 348
235 367
235 423
235 429
235 438
235 474
235 518
235 524
235 571
235 579
235 759
236 395
236 399
236 414
236 580
237 254
237 270
237 280
237 322
237 417
237 490
237 527
237 558
238 245
238 279
238 356
238 452
238 453
238 455
238 485
238 530
238 539
238 554
238 590
238 598
238 616
238 661
238 688
238 779
238 783
238 784
238 805
239 433
239 576
240 248
240 257
240 297
240 318
240 389
240 410
240 480
240 492
240 581
241 525
242 283
242 372
242 387
242 454
242 583
242 585
243 461
243 524
243 550
243 575
244 294
244 361
244 440
244 469
244 547
244 572
245 304
245 362
245 435
245 528
245 530
245 901
246 260
246 379
246 382
246 505
247 255
247 374
247 434
247 537
248 257
248 297
248 312
248 380
248 440
248 442
248 492
248 581
249 299
249 547
250 309
250 325
250 331
250 382
250 414
250 545
250 566
251 388
251 527
252 323
252 329
252 345
253 498
254 311
254 569
256 258
256 348
256 357
256 366
256 426
256 445
256 531
256 565
257 280
257 295
257 321
257 359
257 380
257 425
257 466
257 473
257 561
257 574
257 581
258 284
258 312
258 339
258 430
258 431
259 294
259 332
259 365
259 384
259 402
259 407
259 415
259 476
259 516
260 379
260 442
260 463
261 288
261 305
261 348
262 332
262 349
262 505
263 269
263 333
263 338
263 375
263 423
263 442
263 506
263 588
263 759
264 440
264 461
264 550
264 571
265 355
265 482
265 497
265 525
267 291
267 310
267 355
267 434
267 581
268 271
268 402
268 501
268 514
269 291
269 314
269 355
269 414
269 434
269 470
269 518
271 346
271 349
271 425
271 427
272 274
272 296
272 310
272 328
272 340
272 349
272 401
272 415
272 493
272 504
272 515
272 522
272 570
272 585
273 287
273 384
273 455
273 470
273 472
273 477
273 743
274 340
274 481
274 484
274 522
274 533
275 291
275 302
275 404
275 413
275 471
275 499
275 514
275 557
275 588
276 312
276 340
276 343
276 359
276 361
276 420
276 424
276 426
276 484
276 522
277 301
277 316
277 327
277 353
277 481
277 582
279 358
279 410
279 445
279 452
279 455
279 458
279 554
279 783
279 896
280 468
280 519
280 542
280 558
280 574
280 668
280 884
281 312
282 285
282 286
282 326
282 394
282 436
282 541
283 296
283 391
283 412
283 452
284 299
284 312
284 430
284 431
284 580
285 326
285 374
285 378
285 423
286 325
286 343
286 350
286 374
286 385
286 405
287 330
287 332
287 365
287 372
287 384
287 472
287 511
287 567
287 568
288 328
288 385
288 394
288 494
288 723
289 315
289 366
289 416
289 428
289 454
289 476
289 501
289 529
289 533
290 331
290 377
290 573
290 862
291 302
291 346
291 355
291 428
291 461
291 470
292 319
292 344
292 390
292 439
292 467
292 483
292 541
293 303
293 316
293 403
293 408
294 357
294 415
294 418
294 424
294 436
294 469
294 516
294 522
295 335
295 395
295 414
295 535
295 550
295 580
296 391
296 452
296 541
297 317
297 321
297 330
297 331
297 422
297 446
297 546
297 547
298 534
299 467
299 727
300 397
301 441
301 481
301 526
301 531
301 544
301 582
302 316
302 399
302 404
302 413
302 475
302 482
302 499
302 508
302 514
302 535
302 557
303 318
303 351
303 403
304 313
304 323
304 337
304 345
304 362
304 390
304 485
304 486
304 520
304 584
304 621
304 717
305 393
305 504
305 529
305 533
305 534
306 345
306 439
306 530
306 537
306 852
307 494
307 503
308 368
308 488
308 715
309 399
309 489
310 355
310 416
310 580
311 491
311 639
312 431
312 434
313 316
313 494
313 560
313 573
313 575
314 348
314 352
314 367
314 394
314 433
315 415
316 404
316 413
316 441
316 451
316 505
316 535
316 582
317 356
317 366
317 374
317 413
317 525
317 584
318 382
318 399
318 403
318 463
318 661
319 325
319 344
319 439
319 478
319 483
320 422
320 459
320 543
321 347
321 359
321 380
321 443
321 581
321 681
322 329
322 423
322 462
322 785
323 337
323 345
323 393
323 520
323 537
324 334
324 431
324 463
324 466
325 343
325 344
325 350
325 422
325 624
325 893
326 342
326 374
326 436
327 333
327 351
327 397
327 460
327 463
327 505
328 465
328 480
328 522
329 537
330 331
330 332
330 372
330 477
330 511
330 567
331 347
331 363
331 377
331 422
331 446
331 492
331 546
331 547
331 558
332 372
332 384
332 393
332 414
332 454
332 472
332 511
332 566
332 567
333 335
333 362
333 463
333 506
334 351
334 382
334 400
334 463
334 495
334 505
335 395
335 413
335 535
335 550
335 557
336 338
336 507
336 533
336 561
336 583
337 354
337 429
337 437
337 452
337 458
337 520
337 584
338 391
338 412
338 453
338 521
338 528
339 427
339 431
339 460
339 473
339 482
339 551
340 442
340 481
340 484
340 522
342 367
342 392
342 436
342 438
342 478
342 560
343 385
343 533
343 583
344 439
344 483
344 624
344 893
344 899
345 490
345 520
345 584
346 425
346 427
347 359
347 377
347 446
347 492
348 358
348 367
348 423
348 429
348 518
348 759
349 351
349 353
349 465
349 475
350 383
350 448
350 583
351 400
351 442
351 463
351 537
352 358
352 759
352 902
353 375
353 555
353 582
353 679
354 388
354 452
354 527
355 434
355 442
355 482
355 497
356 398
356 504
356 515
357 418
357 474
357 476
357 507
357 534
357 565
357 822
358 376
358 426
358 445
358 455
358 458
358 493
358 548
358 784
359 363
359 380
359 420
359 456
359 546
359 547
359 574
359 581
360 361
360 366
360 381
360 513
360 562
360 702
361 420
361 546
361 547
361 562
362 435
362 466
362 518
362 717
363 372
363 446
363 546
363 547
364 479
365 407
365 454
365 516
365 567
366 426
366 522
366 532
366 585
367 371
367 651
368 488
369 500
369 502
370 430
370 475
371 483
371 500
371 718
372 384
372 465
372 472
372 477
372 511
372 567
372 568
373 414
373 514
373 557
374 412
374 436
374 493
374 503
374 528
375 406
375 506
375 532
376 392
376 438
376 537
377 446
377 467
377 492
377 545
377 546
377 547
377 558
377 884
378 417
378 419
378 534
379 382
379 400
379 501
379 505
380 561
381 410
381 442
381 449
381 453
381 480
381 491
381 513
381 578
382 400
382 501
382 505
382 511
382 529
382 566
383 420
383 460
383 494
383 529
383 533
383 583
384 393
384 460
384 469
384 472
384 476
384 511
384 529
384 567
384 568
385 581
386 388
386 396
386 464
386 527
386 559
386 692
387 437
387 452
387 539
387 562
388 459
388 464
388 500
388 527
388 559
389 449
389 453
389 459
389 480
389 513
389 519
389 578
390 483
390 512
390 564
392 439
392 450
392 476
392 510
393 417
393 420
393 424
393 529
393 567
394 400
394 541
394 576
395 414
395 431
395 471
395 535
395 580
396 437
396 464
396 513
397 463
398 399
398 442
398 481
398 579
399 400
399 463
400 537
400 541
401 481
401 504
401 522
401 532
401 579
402 418
402 427
402 473
402 501
402 655
403 553
403 555
404 413
404 514
404 557
405 436
405 446
405 489
406 419
406 472
406 491
406 566
408 442
408 481
408 506
408 522
408 555
409 419
409 491
409 549
409 577
410 449
410 480
410 554
410 564
410 767
411 450
411 510
411 567
411 693
411 737
412 489
412 521
412 528
412 560
413 432
413 471
413 474
413 499
413 508
413 514
413 551
413 557
413 567
414 416
414 471
414 482
414 535
414 556
414 581
415 521
416 442
416 454
416 476
416 554
417 526
417 527
417 756
417 846
417 865
418 501
418 529
418 823
419 422
419 472
419 477
419 491
420 424
420 444
420 484
420 529
421 427
421 468
421 542
421 558
421 583
422 446
422 498
423 462
423 483
423 785
424 460
424 484
424 529
425 427
426 533
426 565
426 585
427 501
427 871
428 463
428 515
429 439
429 759
430 431
431 437
431 458
431 556
432 514
432 551
433 444
433 543
433 563
434 493
434 540
434 581
435 641
435 819
436 541
437 449
437 453
437 490
437 496
437 552
437 583
438 518
439 572
439 899
440 522
440 571
440 913
441 505
441 531
441 544
441 555
441 582
442 484
442 522
442 570
443 446
444 477
444 655
445 452
445 455
445 493
445 554
446 492
446 546
446 547
446 558
448 485
448 577
448 583
449 453
449 480
449 513
449 779
449 875
450 466
450 502
450 510
450 566
450 710
450 794
450 813
451 508
451 531
451 557
452 458
452 531
452 539
452 554
452 584
452 770
453 513
453 661
453 708
453 779
453 875
454 477
454 516
455 494
456 574
456 884
456 901
457 461
457 524
457 550
458 783
458 857
459 543
460 561
460 583
461 550
461 571
462 560
462 785
463 537
463 544
464 496
464 527
465 475
465 515
465 564
466 510
466 540
466 688
468 513
468 558
471 482
471 499
471 508
471 514
471 557
472 511
472 566
472 568
472 664
473 750
475 501
477 507
477 511
477 574
477 664
478 576
479 517
480 519
480 522
480 564
481 482
481 506
481 545
481 555
482 508
482 556
483 512
483 564
484 510
485 577
485 583
487 586
487 597
487 700
489 525
490 542
491 509
491 549
491 577
492 558
493 506
493 528
496 552
498 503
498 525
499 508
499 514
499 557
500 543
502 525
503 510
504 506
504 587
505 555
508 556
508 557
508 588
508 661
509 517
511 566
511 568
512 564
512 705
513 536
513 542
513 578
514 551
514 557
515 532
515 579
518 540
518 553
518 571
518 688
519 539
519 558
519 562
520 584
520 732
521 528
522 555
523 524
524 538
524 774
526 756
527 552
527 578
527 865
528 529
528 576
528 585
529 533
529 534
530 756
530 784
531 535
531 544
531 555
531 582
532 679
532 681
533 583
535 580
535 789
536 569
536 577
539 819
543 545
544 582
546 547
548 576
549 577
550 571
550 727
551 557
555 582
556 571
556 580
562 569
562 578
564 710
564 779
564 821
565 570
565 585
566 568
566 710
566 821
570 585
571 575
575 576
581 890
583 584
584 890
584 906
586 641
586 699
586 700
586 713
586 744
586 762
586 768
586 795
586 805
586 811
586 819
586 862
587 631
587 634
587 637
587 697
587 713
587 737
587 744
587 768
587 790
587 819
587 855
587 911
588 638
588 676
588 716
588 757
588 759
588 784
588 807
588 832
588 833
589 625
589 635
589 655
589 668
589 710
589 777
589 804
589 816
589 848
589 863
589 870
590 591
590 770
590 783
590 829
590 865
590 915
591 640
591 727
591 733
591 739
591 794
591 799
591 827
591 858
591 887
591 902
592 600
592 629
592 672
592 701
592 712
592 786
592 793
592 803
592 829
592 832
592 834
593 603
593 618
593 703
593 725
593 767
593 835
595 642
595 671
595 710
595 716
595 731
595 755
595 791
595 817
595 821
596 608
596 618
596 729
596 819
596 854
597 599
597 601
597 629
597 636
597 681
597 716
597 772
597 809
597 889
597 896
597 907
598 634
598 661
598 678
598 688
598 697
598 708
598 744
598 767
598 790
598 832
598 855
598 916
598 921
599 739
599 754
599 838
600 619
600 674
600 758
600 874
600 875
600 891
601 615
601 628
601 667
601 676
601 706
601 757
601 770
601 783
601 851
601 870
601 889
601 907
603 677
603 681
603 699
603 700
603 716
603 730
603 772
603 781
603 895
603 896
604 608
604 617
604 645
604 670
604 735
604 747
604 795
604 804
605 674
605 742
605 818
605 866
605 877
605 901
605 912
605 920
606 662
606 699
606 757
606 768
606 808
606 880
607 614
607 647
607 671
607 774
607 787
607 905
607 909
608 729
608 795
608 802
609 793
609 831
609 850
610 620
610 702
610 751
610 766
610 776
610 792
610 798
611 639
611 654
611 694
611 703
611 726
611 781
611 786
611 898
612 630
612 633
612 748
612 752
612 755
612 830
613 699
613 711
613 740
613 821
613 838
613 917
614 630
614 640
615 628
615 678
615 688
615 783
615 784
615 805
615 823
615 836
615 852
615 863
616 632
616 672
616 773
616 783
616 808
616 823
616 857
616 888
616 896
616 900
616 905
617 812
617 818
617 861
618 690
618 698
618 703
618 725
618 794
619 644
619 674
619 690
619 706
619 712
619 740
619 817
619 866
620 625
620 847
620 883
620 893
620 899
621 635
621 642
621 727
621 778
621 782
621 799
621 800
621 868
621 890
622 658
622 709
622 739
622 759
622 770
622 799
622 828
622 842
622 851
622 906
623 625
623 707
623 827
623 918
624 660
624 740
624 840
624 867
624 904
625 848
625 863
625 869
626 647
626 650
626 677
626 766
626 774
626 776
626 801
626 909
626 919
627 628
627 687
627 709
627 783
627 799
627 823
627 837
627 842
627 852
628 632
628 706
628 713
628 747
628 820
628 829
628 908
629 649
629 666
629 701
629 765
629 814
629 827
629 829
629 841
629 896
630 646
630 772
630 782
630 857
630 894
631 641
631 643
631 695
631 729
631 802
631 869
631 906
632 666
632 802
632 820
632 870
632 896
633 636
633 702
633 748
633 755
633 771
633 798
633 840
633 919
634 638
634 649
634 700
634 765
634 805
634 807
634 828
634 855
634 884
635 655
636 672
636 877
637 654
637 697
637 713
637 744
637 790
637 819
637 863
638 666
638 676
638 737
638 757
638 765
638 855
639 660
639 737
639 739
639 778
639 789
639 866
639 887
639 896
639 898
640 682
640 694
640 733
640 754
640 772
640 782
640 799
640 806
640 808
640 858
640 900
640 906
641 661
641 802
641 805
641 889
641 921
642 644
642 690
642 731
642 742
642 752
642 755
642 787
642 788
642 817
642 842
642 871
643 695
643 869
644 646
644 674
644 690
644 742
644 853
644 914
645 735
645 804
646 690
646 715
646 755
646 844
646 891
647 650
647 654
647 676
647 677
647 719
647 724
647 730
647 776
647 814
647 822
647 885
647 899
647 909
648 651
648 675
648 749
648 808
648 834
648 866
649 666
649 671
649 757
649 855
649 907
649 916
649 917
649 921
650 675
650 724
650 804
650 814
650 909
651 654
651 671
651 702
651 724
651 727
651 774
651 814
652 683
652 699
652 740
652 837
652 838
652 842
652 870
653 690
653 698
653 755
653 832
653 843
653 846
653 887
654 705
654 749
654 781
654 855
654 866
654 898
654 912
654 919
655 670
655 816
655 819
655 863
656 811
657 677
657 678
657 771
657 815
657 896
658 783
660 677
660 718
660 771
660 776
660 778
660 887
660 891
661 700
661 706
661 728
661 737
661 767
661 805
661 807
661 823
661 829
661 833
661 852
661 908
661 916
662 721
662 768
662 795
662 863
662 869
663 685
663 722
663 732
663 773
663 792
663 843
663 851
663 881
663 886
664 800
664 847
665 676
665 799
665 822
665 907
666 716
666 757
666 763
666 802
666 822
666 868
666 884
666 921
667 700
667 711
667 805
667 829
667 855
667 907
668 793
668 795
668 804
668 850
668 889
669 796
669 839
669 864
670 768
670 850
670 867
671 767
671 774
671 852
671 855
671 921
672 782
672 787
672 808
672 809
672 840
673 733
673 791
673 803
673 858
674 690
674 712
674 742
674 758
674 787
674 791
674 792
674 853
674 874
674 914
675 724
675 749
675 909
676 688
676 705
676 759
676 763
676 807
677 701
677 716
677 771
677 815
677 896
678 688
678 708
678 739
678 784
678 852
678 916
679 703
679 738
679 803
679 829
679 859
680 787
680 843
680 901
680 904
680 920
681 693
681 716
681 737
681 772
681 794
681 829
681 834
681 873
682 694
682 786
682 806
682 851
683 695
683 735
683 747
684 714
684 762
685 712
685 739
685 792
685 850
686 824
687 709
687 808
687 842
687 852
687 857
688 708
688 709
688 737
688 747
688 757
688 784
688 807
688 823
688 829
688 852
688 916
690 742
690 755
690 787
690 844
690 853
690 867
690 892
690 894
690 914
691 702
691 788
691 798
691 861
692 764
693 896
694 769
694 778
694 786
694 905
695 696
695 729
695 747
695 863
695 869
695 890
696 706
696 735
696 736
696 889
697 713
697 723
697 744
697 768
697 790
697 831
697 855
697 904
698 832
698 846
698 904
699 700
699 730
699 768
699 769
699 837
699 838
699 855
699 884
700 728
700 737
700 757
700 790
700 807
700 835
700 855
701 724
701 753
701 791
701 807
701 814
701 832
701 887
702 730
702 798
702 802
702 875
703 725
703 866
703 901
703 906
703 912
704 876
704 883
704 895
704 915
705 717
705 734
705 782
706 709
706 711
706 735
706 757
706 805
706 829
706 855
707 827
707 918
708 709
708 759
708 767
708 770
708 807
708 823
708 855
708 916
708 917
709 783
709 829
709 842
709 851
709 852
709 855
709 908
709 917
709 921
710 821
711 717
711 829
711 855
711 884
711 907
711 921
712 803
712 832
712 851
712 853
712 891
712 914
713 723
713 744
713 761
713 762
713 768
713 790
713 816
713 835
713 889
713 911
714 762
714 865
715 746
715 794
715 845
715 851
716 772
716 812
716 814
716 887
716 896
716 906
717 734
717 740
717 741
717 757
717 820
718 759
718 776
718 913
719 830
720 785
720 918
721 736
721 768
721 770
721 869
721 889
722 725
722 732
722 754
722 758
722 766
722 771
722 792
722 843
722 860
723 729
723 752
723 828
723 847
724 774
724 781
724 799
724 814
724 841
724 888
724 909
725 748
725 767
725 788
725 827
725 919
726 788
726 845
726 882
726 891
726 892
727 782
727 833
727 868
728 854
729 854
729 917
730 885
730 895
730 909
731 755
731 817
731 824
732 773
732 792
732 843
732 860
732 881
733 750
733 765
733 780
733 786
733 794
733 858
733 919
734 744
734 782
734 795
734 849
735 740
735 804
735 866
735 870
735 906
737 747
737 783
737 907
738 812
738 817
738 866
738 892
738 912
738 917
739 808
739 827
739 866
740 741
740 820
740 837
740 838
740 842
740 870
741 870
741 883
741 897
742 789
742 844
742 853
742 914
744 790
744 811
744 819
744 835
744 849
746 747
746 748
746 794
746 834
746 841
746 845
746 882
746 898
746 919
747 802
747 820
747 842
747 847
747 916
748 766
748 792
748 794
748 844
748 845
748 882
748 919
749 767
750 812
750 815
750 859
750 917
751 777
751 877
752 758
752 777
753 814
754 779
754 859
754 919
756 810
756 865
757 763
757 784
757 822
757 823
757 829
757 855
757 917
758 840
758 874
759 799
759 807
759 917
761 811
761 835
761 897
762 768
762 805
762 811
762 819
762 897
763 822
763 838
764 831
765 807
765 814
765 841
765 857
765 858
766 771
766 792
766 794
766 845
766 857
766 882
766 887
766 919
767 787
767 827
767 904
767 916
768 855
768 863
768 869
768 880
768 882
768 911
769 775
769 782
769 895
769 920
770 851
770 917
770 921
771 772
771 792
771 818
771 830
771 843
771 919
772 794
773 783
773 792
773 859
773 886
773 896
774 786
774 803
774 836
774 898
775 859
776 801
776 845
776 898
776 909
776 919
777 830
777 867
777 878
777 894
779 812
779 875
779 910
780 885
781 866
781 898
781 912
782 800
782 808
783 808
783 823
783 829
783 845
783 852
783 857
783 908
783 917
784 852
784 916
785 918
786 803
786 845
786 874
786 898
787 789
787 830
787 871
787 881
787 901
788 817
788 861
788 866
788 878
788 906
789 871
789 881
789 914
790 819
790 830
790 835
790 849
790 855
791 794
791 803
791 858
791 861
791 873
792 910
792 919
793 831
793 863
794 834
794 845
794 857
794 896
795 821
795 849
795 850
797 846
797 853
798 861
799 825
799 851
799 868
799 888
800 837
800 847
801 882
802 805
802 820
802 838
802 889
803 914
803 919
805 852
805 855
805 903
805 908
807 823
807 829
807 908
807 917
807 921
808 857
808 858
809 905
811 819
811 897
812 815
812 818
812 840
812 875
812 905
812 910
813 821
814 841
814 887
814 909
815 859
815 896
815 917
816 828
816 835
816 863
816 869
816 876
816 889
816 911
817 912
818 872
818 898
818 900
819 854
821 839
822 836
822 837
822 838
822 854
822 884
822 916
823 828
823 829
823 849
823 852
823 908
825 884
825 888
825 902
826 828
827 841
827 866
827 918
828 855
828 863
828 889
829 833
829 855
829 907
829 908
830 847
830 867
830 869
830 878
830 894
830 900
831 850
832 891
832 901
832 905
833 839
833 864
834 841
834 845
834 898
835 849
835 863
835 869
835 876
835 911
836 884
836 902
837 838
837 870
838 870
839 857
839 864
839 868
840 874
840 875
843 860
843 886
843 920
844 845
844 867
844 919
845 882
845 891
845 896
845 919
846 865
846 887
848 864
849 876
849 889
849 911
850 851
851 906
852 855
852 863
852 908
853 914
854 855
854 890
854 917
855 908
855 916
855 921
857 858
857 896
859 898
862 879
862 897
863 869
863 874
863 876
863 889
863 911
866 906
866 912
866 920
868 888
868 890
868 902
870 888
871 881
871 904
874 875
874 915
876 911
877 910
878 894
882 919
883 899
884 902
885 909
887 899
887 912
888 890
888 898
888 917
889 903
889 911
889 918
890 906
890 917
891 892
891 919
892 901
893 899
898 900
900 906
901 904
902 907
902 908
