#num-nodes
566
#num-links
1870
#links
0 181
0 184
0 217
0 238
0 265
0 278
0 416
0 424
1 3
1 134
1 210
1 226
1 251
1 376
1 380
2 284
2 435
3 203
4 64
4 77
4 90
4 95
4 137
4 216
4 229
4 261
4 292
4 436
4 455
4 461
4 512
5 132
5 333
5 360
5 422
6 56
6 233
6 241
6 254
6 274
6 277
7 34
7 125
7 355
8 25
8 27
8 112
8 151
8 194
8 221
8 267
8 313
8 332
8 416
8 439
8 495
8 509
9 35
9 97
9 138
9 154
9 204
9 258
9 299
9 371
9 404
9 435
10 97
10 155
10 197
10 236
10 381
11 48
12 66
12 93
12 103
12 135
12 148
12 173
12 264
12 341
12 346
12 387
12 422
13 183
13 253
14 47
14 59
14 75
14 85
14 134
14 263
14 335
14 376
14 433
14 459
15 55
15 127
15 178
15 235
15 244
15 408
15 432
16 189
16 399
16 429
17 118
17 206
17 248
17 336
18 97
18 119
18 171
18 197
18 286
18 288
18 348
18 392
18 417
18 418
18 435
19 20
19 43
19 63
19 64
19 89
19 90
19 137
19 175
19 216
20 55
20 64
20 90
20 157
20 228
20 231
20 312
20 361
20 454
21 51
21 75
21 108
21 189
21 227
21 382
21 442
22 26
22 65
22 179
22 196
22 248
22 291
22 345
22 450
23 28
23 36
23 149
23 164
23 236
23 262
23 281
23 286
23 385
23 422
23 443
23 456
24 56
24 141
24 156
24 178
24 195
24 338
24 354
25 83
25 185
25 234
25 332
25 377
25 388
25 389
25 427
26 150
26 207
26 248
26 263
26 291
26 336
26 445
27 46
27 255
27 279
27 317
27 419
28 149
28 162
28 225
28 235
28 269
28 288
28 299
28 428
29 69
29 99
29 128
29 297
29 336
29 350
29 360
29 371
29 478
30 31
30 82
30 181
30 227
30 269
30 349
30 392
31 223
31 261
31 362
32 83
32 415
33 85
33 203
33 240
33 335
33 342
33 345
33 365
33 437
34 62
34 317
34 402
34 406
35 119
35 257
35 258
35 371
35 417
36 69
36 149
36 236
36 371
36 443
36 449
36 456
37 47
37 108
37 335
37 390
38 361
38 438
38 455
38 461
39 72
39 73
39 234
39 263
39 264
39 315
39 363
39 379
39 436
39 462
40 133
41 63
41 259
41 297
41 436
42 128
42 136
42 164
42 231
42 350
42 366
42 443
43 294
43 304
43 359
44 69
44 372
45 281
45 290
46 178
46 276
46 293
46 383
46 413
46 444
46 448
47 49
47 115
47 334
49 50
49 175
49 178
49 345
49 444
50 327
50 353
51 85
51 442
51 457
52 59
52 63
52 72
52 147
52 273
52 365
52 380
52 387
52 425
52 437
52 450
53 378
53 424
54 79
54 135
54 327
54 459
55 89
55 99
55 263
55 316
55 436
56 138
56 253
56 338
56 425
57 138
57 215
57 276
57 356
58 383
58 427
59 72
59 73
59 133
59 169
59 177
59 254
59 314
59 325
59 380
60 97
60 116
60 167
60 176
60 237
60 257
60 376
60 392
60 452
61 102
61 221
61 414
61 427
61 497
61 512
62 184
62 185
62 234
62 330
62 402
62 406
62 424
62 471
63 64
63 66
63 89
63 205
63 228
63 263
63 370
63 436
63 454
64 205
64 211
64 228
64 407
64 436
65 93
65 135
65 174
65 179
65 183
65 258
65 277
65 284
65 306
65 339
65 366
66 80
66 103
66 146
66 148
66 173
66 262
66 380
66 450
66 459
67 104
67 106
67 166
68 188
68 303
69 128
69 144
69 149
69 251
69 269
69 350
69 371
69 443
69 448
69 449
69 483
70 186
70 201
70 236
70 282
70 283
70 351
70 388
71 113
71 215
71 444
72 73
72 158
72 315
72 353
72 363
72 447
72 450
73 250
73 263
73 264
73 315
73 353
73 363
73 376
73 380
73 393
73 396
73 447
74 85
74 212
74 247
74 409
74 421
74 438
75 256
75 266
76 94
76 99
76 110
76 144
76 209
76 280
76 349
76 462
77 84
77 87
77 157
77 229
77 446
78 188
79 131
79 425
79 427
79 456
80 148
80 177
80 341
80 346
80 387
81 172
81 236
81 335
81 367
81 423
82 164
82 227
82 269
82 308
82 349
82 350
82 358
82 393
83 273
83 351
83 388
83 394
83 415
84 270
84 280
84 295
84 358
84 368
84 391
84 414
84 478
85 101
85 106
85 276
85 352
85 397
86 123
87 287
87 313
87 358
87 362
87 434
88 293
88 320
88 321
88 398
88 406
89 127
89 205
89 242
89 370
89 427
90 121
90 205
90 370
92 114
92 310
92 448
93 135
93 146
93 174
93 219
93 363
94 218
94 247
94 280
94 296
94 301
94 323
94 410
95 137
95 175
95 178
95 354
95 455
96 139
96 155
96 232
96 235
96 299
96 428
96 431
96 432
96 462
97 176
97 286
97 288
97 392
97 435
97 460
98 164
98 179
98 183
98 291
98 339
98 366
98 452
99 287
99 361
99 362
99 432
99 434
100 138
100 140
100 144
100 169
100 232
100 240
100 249
100 274
101 106
101 158
101 311
101 316
101 335
101 340
101 438
102 186
102 246
102 250
102 253
102 282
102 283
103 135
103 148
103 240
103 365
103 387
103 437
103 450
103 459
104 153
104 172
104 367
104 385
104 423
105 172
105 318
105 399
105 429
106 108
106 172
106 318
106 438
107 133
107 177
107 248
107 325
108 151
108 184
108 316
108 318
108 433
108 438
108 499
109 110
109 187
109 296
109 410
109 440
110 116
110 215
110 296
110 301
110 304
110 305
110 410
111 152
111 153
111 158
112 159
112 166
112 191
112 330
112 344
112 416
112 439
113 317
113 440
113 444
114 163
114 237
114 247
114 272
114 288
114 308
114 352
114 356
114 409
114 411
115 116
115 145
115 330
115 382
116 161
116 301
117 173
117 297
117 348
118 156
118 206
118 234
118 306
118 348
118 356
118 417
118 418
118 456
119 252
119 333
119 360
119 417
119 418
119 450
120 159
120 191
120 416
120 431
121 239
121 261
121 389
121 445
121 473
121 535
122 268
122 300
122 343
122 422
122 502
123 142
123 218
123 272
123 412
124 238
124 265
124 312
124 394
124 416
125 168
125 285
125 394
125 463
126 230
126 390
127 175
127 178
127 200
127 235
127 260
127 354
127 358
127 432
128 155
128 200
128 223
128 350
128 371
128 443
129 140
129 250
129 335
130 138
130 245
130 342
130 421
131 170
131 456
132 329
132 375
132 378
133 177
133 324
133 325
133 417
134 152
134 158
134 212
134 311
134 318
134 335
135 148
135 447
136 141
136 164
136 179
136 182
136 192
136 262
137 175
137 216
137 238
137 270
137 315
137 361
137 389
138 249
138 258
138 338
139 142
139 209
139 401
140 154
140 162
140 164
140 169
140 180
140 196
140 231
140 249
140 251
140 350
140 404
141 170
141 219
141 248
141 364
141 404
142 203
142 272
142 401
143 217
143 253
143 383
144 176
144 232
144 310
144 462
145 151
145 159
145 439
146 148
146 376
146 380
146 396
146 437
146 450
147 187
147 345
147 363
147 376
147 417
147 425
147 447
147 450
147 459
148 240
148 346
148 387
149 243
149 269
149 288
149 310
149 443
149 449
149 456
150 233
150 241
150 249
150 371
151 194
153 385
153 423
154 199
154 258
154 448
155 169
155 177
155 197
155 256
155 286
155 319
155 350
155 428
155 435
156 219
156 222
156 241
157 239
157 361
158 230
158 295
158 327
159 289
159 344
159 431
159 439
161 239
161 296
161 301
161 305
161 342
161 454
162 164
162 204
162 251
162 300
162 428
162 442
162 448
163 190
163 269
163 288
163 349
163 396
163 398
163 440
164 231
164 243
164 333
164 366
164 443
165 179
165 206
165 219
165 297
165 306
165 307
165 348
166 189
166 334
167 197
167 356
167 460
168 181
168 276
168 278
168 330
168 331
168 394
168 451
168 463
169 197
169 232
169 249
169 254
169 274
169 420
170 174
170 179
170 182
170 198
170 219
170 241
170 277
170 291
170 306
170 445
171 343
171 347
171 405
171 418
171 435
172 332
172 385
172 423
173 195
173 207
173 257
173 264
173 284
173 290
173 346
173 348
173 381
173 425
174 182
174 198
174 219
174 241
174 277
174 306
174 333
174 339
175 178
175 328
175 354
175 358
175 361
175 454
175 455
176 257
176 266
176 280
176 356
176 362
176 373
176 376
176 392
176 427
177 197
177 233
177 286
177 314
178 254
178 354
178 455
179 198
179 219
179 230
179 241
179 379
180 192
180 231
180 297
180 300
181 278
181 326
181 349
182 183
182 219
182 222
182 231
182 297
183 339
184 185
184 221
184 278
184 330
184 383
184 403
184 416
185 278
186 242
186 247
186 273
186 282
186 351
186 408
186 452
187 199
187 425
187 447
188 368
188 390
188 543
189 212
189 442
190 293
191 416
192 231
192 262
192 300
192 350
192 366
193 212
193 340
193 442
194 289
194 330
194 332
194 344
195 309
195 348
195 381
196 219
196 241
197 226
197 286
197 288
197 314
197 350
197 381
197 460
198 219
198 241
198 277
198 306
198 339
199 207
199 258
200 243
200 266
200 350
200 393
201 210
201 217
201 221
201 226
201 275
201 332
201 373
201 539
202 251
203 240
203 257
204 299
204 403
205 211
205 259
205 407
205 436
206 220
206 324
206 348
207 237
207 251
207 258
207 403
207 453
208 309
209 256
209 401
209 440
210 221
210 332
210 373
210 377
211 259
211 268
211 407
211 436
212 318
212 385
212 390
214 247
214 251
214 272
214 409
215 301
215 308
215 419
215 440
215 444
216 292
216 546
217 226
217 332
217 383
217 389
219 241
219 306
219 339
219 445
220 287
220 361
220 368
220 403
221 226
221 282
221 312
221 326
221 328
221 332
221 351
221 427
222 291
222 339
222 445
223 238
223 243
223 261
223 350
223 362
223 370
223 393
224 293
224 317
224 322
224 328
224 332
224 444
225 235
225 266
225 276
225 349
225 411
225 426
225 444
226 373
226 414
227 269
227 270
227 400
228 312
229 298
231 262
231 379
231 453
232 233
232 254
232 274
232 277
232 324
232 403
232 428
233 249
233 314
233 379
234 265
234 312
234 388
234 389
234 434
234 436
234 484
235 246
235 276
235 317
235 373
235 410
236 422
236 449
236 456
237 251
237 276
237 319
237 356
237 430
238 265
239 242
239 361
240 262
240 365
240 437
240 459
241 277
241 306
241 379
242 273
243 288
243 350
243 393
243 468
243 557
244 430
244 440
244 444
244 503
245 281
246 283
246 295
247 276
247 426
247 430
248 253
248 291
248 336
248 450
249 274
249 449
249 452
249 456
249 483
250 283
250 325
250 341
250 345
250 396
251 319
251 403
251 420
252 260
252 360
252 417
253 283
254 274
254 338
254 354
254 403
255 275
256 367
257 349
257 356
257 371
258 371
259 407
259 436
260 270
260 294
260 304
260 359
261 455
262 350
263 264
263 315
263 437
263 459
264 315
264 346
264 348
265 512
266 429
267 289
267 439
269 361
270 358
270 368
270 451
271 323
271 440
272 298
272 409
272 411
273 282
274 428
274 449
275 377
275 389
275 415
275 463
275 518
276 295
276 403
276 430
277 306
278 320
278 386
278 424
279 322
279 374
279 419
280 368
281 443
281 452
282 283
282 351
282 502
283 293
283 328
284 317
284 321
284 392
284 435
285 355
286 288
286 435
286 460
287 292
287 434
288 299
288 309
288 321
288 460
289 431
289 470
290 297
290 333
290 347
290 348
290 360
290 405
291 339
291 445
293 383
293 388
293 413
293 419
294 304
295 323
295 394
295 402
295 419
295 430
296 301
296 305
296 410
296 440
296 444
297 347
297 405
298 409
298 440
299 300
300 343
300 348
301 304
301 305
301 342
301 410
305 342
305 444
306 405
307 373
308 349
308 448
309 310
309 417
310 365
311 316
311 318
312 388
312 479
312 517
312 525
312 547
314 417
315 353
315 363
316 318
317 321
317 322
317 343
317 413
317 419
317 441
317 471
317 473
318 334
320 386
321 336
321 374
321 408
321 413
321 455
321 458
322 374
322 413
322 424
322 441
324 333
324 360
324 417
326 328
326 332
326 388
326 505
327 425
328 332
328 361
328 432
329 375
330 332
330 416
330 463
332 377
332 385
332 489
333 347
333 360
333 435
334 399
334 423
335 352
335 367
335 397
335 438
336 417
337 397
337 453
338 428
339 453
340 420
340 457
341 387
342 357
342 445
343 347
343 418
343 422
343 435
343 502
343 525
344 439
345 397
345 447
345 450
345 459
346 387
346 422
346 453
347 348
347 360
347 418
348 418
350 366
350 371
350 393
350 460
350 536
351 408
353 363
353 376
354 455
355 451
355 545
356 392
356 430
357 384
358 361
359 555
360 364
361 432
361 461
362 432
363 380
363 447
364 381
364 422
364 453
365 387
365 437
365 459
366 443
368 414
368 434
368 478
369 372
371 403
373 424
374 413
374 419
376 380
376 435
376 437
376 447
376 450
377 388
377 414
380 397
380 435
382 429
382 457
383 444
383 463
385 423
385 489
387 437
388 389
388 419
388 517
392 435
394 406
394 441
394 452
394 463
394 540
396 397
396 447
397 399
397 429
398 428
398 449
398 456
398 462
399 429
399 433
401 434
402 532
403 420
403 448
405 418
405 445
406 408
406 532
407 436
409 411
411 440
411 444
412 419
414 478
414 503
415 416
416 439
416 466
417 447
418 435
420 421
422 435
422 450
425 437
425 447
429 433
432 444
432 454
432 455
434 436
437 459
440 444
446 555
447 450
447 558
449 456
452 458
464 474
464 533
464 539
464 551
465 492
465 528
465 532
465 540
465 558
466 467
466 482
466 483
466 487
466 490
466 519
466 521
466 530
466 541
466 551
466 557
467 482
467 483
467 488
467 489
467 521
467 532
467 563
468 482
468 505
468 508
468 519
468 557
469 481
469 482
469 502
469 506
469 508
469 520
469 525
469 535
469 541
469 565
470 508
470 518
471 550
472 487
472 488
472 495
472 503
472 517
472 519
472 538
473 474
473 477
473 480
473 482
473 484
473 486
473 514
473 515
473 517
473 518
473 523
473 524
473 525
473 527
473 536
473 545
473 548
473 552
474 503
474 527
474 539
475 479
475 480
475 484
475 494
475 495
475 496
475 504
475 508
475 515
475 520
475 535
475 548
475 558
475 565
476 479
476 502
476 503
476 512
476 520
476 531
476 552
477 484
477 485
477 498
477 508
477 518
477 536
477 538
478 481
478 525
478 536
479 480
479 484
479 494
479 504
479 518
479 520
479 525
479 526
480 484
480 485
480 488
480 494
480 495
480 496
480 513
480 515
480 517
480 518
480 535
480 552
481 495
481 520
481 525
481 528
481 549
482 483
482 524
482 547
483 499
483 501
483 529
484 486
484 494
484 496
484 513
484 517
484 520
484 535
484 548
484 552
484 558
485 493
485 518
485 536
485 537
485 557
486 487
486 495
486 499
486 511
486 517
486 524
486 525
487 500
487 511
487 517
487 537
488 495
488 524
488 541
488 548
490 522
490 559
491 494
491 504
491 513
491 516
491 518
492 504
492 512
492 517
492 524
492 528
492 545
492 558
493 514
493 564
494 504
494 515
494 517
494 525
494 526
494 527
495 512
495 520
495 531
495 535
495 545
495 552
495 558
496 512
496 520
496 526
496 535
496 565
497 512
499 500
499 501
499 511
499 523
499 527
500 501
500 529
500 563
501 503
501 513
501 529
502 504
502 506
502 520
502 525
502 526
502 535
502 537
502 555
502 565
504 508
504 515
504 520
504 525
504 526
504 535
504 558
504 565
505 517
505 549
505 557
506 525
506 528
506 546
506 555
507 526
509 527
509 537
509 545
509 557
509 560
510 530
510 542
512 517
512 523
512 524
512 552
513 518
513 519
513 526
513 532
513 536
513 548
513 550
515 518
515 555
516 518
516 541
516 560
517 535
517 541
517 559
518 535
519 523
519 526
519 534
519 548
519 557
520 525
520 535
520 565
521 530
521 547
521 556
521 557
523 524
523 536
523 552
523 555
524 528
524 536
524 552
524 553
524 558
525 555
525 565
527 558
528 535
528 550
528 558
530 556
530 559
531 535
531 552
531 558
533 539
535 537
535 538
535 545
535 548
535 558
536 541
536 549
537 542
537 545
537 547
537 550
537 557
537 558
540 549
540 553
541 557
541 559
542 559
544 553
545 550
545 552
545 558
547 557
548 557
548 558
550 552
550 555
551 559
560 563
561 564
