#num-nodes
205
#num-links
809
#links
0 11
0 148
0 154
0 162
1 77
1 87
1 91
1 137
1 153
1 154
1 175
2 199
3 22
3 37
3 86
3 89
3 133
3 138
4 84
4 99
4 101
4 127
4 167
4 178
4 179
4 187
5 80
5 82
5 113
5 139
6 131
7 25
7 47
7 48
7 95
7 117
7 119
7 136
7 141
7 156
7 164
9 44
9 56
9 59
9 86
9 104
9 115
9 116
9 138
9 168
9 188
10 50
10 52
10 55
10 123
10 124
10 173
10 193
11 64
11 67
11 76
11 148
11 160
11 162
11 198
12 15
12 26
12 28
12 30
12 37
12 49
12 53
12 86
12 97
12 116
12 125
12 134
12 146
12 147
12 155
12 168
12 189
13 57
13 64
13 67
13 115
13 126
13 160
13 199
14 38
14 104
14 112
14 138
14 186
15 19
15 22
15 30
15 44
15 70
15 88
15 98
15 108
15 118
15 125
15 155
15 166
15 183
15 188
16 21
16 31
16 40
16 76
16 81
16 128
16 135
16 137
16 145
16 151
16 153
16 188
16 191
17 20
17 92
17 130
17 167
18 35
18 36
18 54
18 131
18 176
18 185
19 44
19 49
19 88
19 147
19 155
19 197
20 34
20 92
20 130
20 167
20 178
21 40
21 77
21 91
21 111
21 121
21 155
21 165
21 168
22 26
22 30
22 63
22 97
22 112
22 118
22 134
22 143
22 146
22 166
23 106
23 143
23 146
23 155
23 166
23 180
24 174
24 195
25 27
25 29
25 48
25 113
25 119
25 141
25 164
25 192
26 53
26 86
26 111
26 116
26 125
26 137
26 165
26 180
26 192
27 36
27 38
27 48
27 74
27 105
27 130
27 192
27 194
28 30
28 37
28 56
28 59
28 70
28 72
28 85
28 86
28 88
28 94
28 97
28 98
28 108
28 112
28 143
28 144
28 158
28 180
28 183
28 186
28 197
28 198
29 32
29 43
29 55
29 65
29 75
29 119
29 182
29 204
30 49
30 70
30 72
30 85
30 98
30 108
30 112
30 144
30 166
30 183
31 44
31 47
31 56
31 99
31 108
31 111
31 140
31 141
31 194
32 49
32 85
32 123
32 129
32 141
32 182
32 204
33 52
33 55
33 102
33 132
34 45
34 54
35 48
35 62
35 71
35 119
37 104
37 108
37 114
37 133
37 138
37 144
37 146
37 183
38 104
39 58
39 129
39 156
39 164
40 57
40 77
40 121
40 135
40 137
40 140
40 154
40 165
40 175
40 191
40 194
41 160
41 161
41 162
41 199
42 147
43 54
43 65
43 101
43 179
43 182
43 201
43 204
44 63
44 70
44 88
44 98
44 125
44 134
44 168
44 183
45 54
45 65
45 75
45 122
45 130
45 150
45 201
45 204
46 59
46 90
47 57
47 76
47 87
47 91
47 111
47 165
48 60
48 95
48 119
48 141
48 164
48 192
49 85
49 88
49 112
49 118
49 125
49 158
49 181
49 183
49 197
50 55
50 75
50 114
50 152
50 184
50 193
51 154
51 159
51 194
52 92
52 107
52 149
52 150
52 152
52 174
53 99
53 106
53 111
53 116
53 147
53 189
53 198
54 93
54 96
54 179
54 201
54 204
55 132
55 173
55 179
55 201
56 70
56 94
56 108
56 134
56 144
56 155
57 76
57 137
57 191
58 156
58 163
58 166
58 192
59 70
59 97
59 108
59 118
59 168
59 197
59 203
60 74
60 109
60 115
60 117
60 131
60 151
60 169
60 185
61 117
61 151
61 167
61 200
62 67
62 110
62 123
62 150
62 151
62 172
63 89
63 134
64 67
64 115
64 126
64 160
64 199
65 139
65 179
65 201
65 204
66 67
66 71
66 104
66 108
66 172
66 174
66 183
67 160
67 162
67 177
67 193
68 93
68 117
68 150
68 167
69 96
69 174
70 85
70 98
70 108
70 125
70 144
70 183
71 131
71 151
71 169
71 173
72 85
72 86
72 106
72 125
72 146
72 166
72 183
72 194
73 94
73 103
74 109
74 131
74 169
74 200
75 120
75 173
75 200
76 135
76 136
76 137
76 145
76 153
76 160
76 162
76 191
77 81
77 91
77 106
77 111
77 154
77 162
77 190
78 79
78 84
78 93
78 139
78 169
78 187
78 190
79 120
79 139
79 151
79 187
79 190
80 82
80 106
80 113
80 156
80 166
80 182
80 192
81 87
81 126
81 194
82 95
82 113
82 131
82 142
82 172
83 94
84 101
84 151
84 169
84 187
84 190
85 86
85 88
85 98
85 108
85 112
85 125
85 139
85 143
85 144
85 158
85 181
85 183
85 197
86 97
86 106
86 116
86 155
86 180
86 189
87 128
87 135
87 137
87 140
87 145
87 157
87 159
87 165
87 175
87 194
88 143
88 144
88 168
88 197
89 188
91 93
91 111
91 165
92 107
92 130
92 150
92 167
93 167
93 196
94 99
94 168
94 188
95 113
95 119
95 141
96 201
96 204
97 138
97 168
97 198
97 199
98 99
98 112
98 118
98 125
98 144
98 158
98 183
99 116
99 144
99 155
99 166
99 180
99 181
100 104
100 115
100 161
100 199
101 127
101 167
101 178
101 179
101 187
102 132
102 152
103 113
103 136
103 149
103 157
104 114
104 125
104 133
104 138
104 146
104 183
105 150
106 116
106 134
106 146
106 155
106 166
106 180
106 190
107 130
107 150
107 167
107 176
108 111
108 125
108 183
108 198
109 131
109 157
110 177
111 116
111 140
111 158
111 165
111 194
112 143
112 183
113 119
113 142
113 149
113 156
113 164
114 138
115 126
115 149
115 160
115 172
115 199
116 180
116 189
117 118
117 120
117 122
117 141
117 164
117 169
117 200
118 125
118 134
118 138
118 143
118 164
118 168
118 183
118 189
118 197
119 122
119 141
119 172
119 180
119 202
120 131
120 182
120 204
121 135
121 137
121 154
122 179
123 129
123 139
123 169
123 174
123 177
123 182
123 193
124 149
124 157
125 134
125 141
125 168
125 181
125 183
125 188
125 189
125 198
126 149
126 161
127 178
127 187
127 189
128 145
128 159
128 172
128 175
128 192
129 136
129 156
129 164
129 174
129 182
129 195
130 150
130 167
131 169
131 200
133 171
134 143
134 146
134 166
134 189
135 145
135 153
135 154
135 191
136 141
136 149
136 156
136 157
136 174
136 177
137 140
137 145
137 153
137 165
137 175
137 191
137 194
138 155
138 166
138 172
139 174
139 196
139 202
140 153
140 175
140 194
141 151
141 163
141 164
141 182
141 192
142 172
144 183
144 197
145 159
145 175
145 191
146 148
146 155
146 189
146 190
147 198
148 162
149 152
149 157
149 172
149 174
149 195
150 167
150 182
151 178
151 188
152 170
152 174
153 191
153 194
154 190
154 191
155 189
156 163
156 164
156 192
157 185
158 181
159 165
159 175
159 192
160 161
160 162
160 199
162 199
163 175
163 177
164 188
164 192
165 175
166 180
166 183
168 198
168 203
169 185
170 174
170 184
170 193
174 193
174 195
175 194
176 177
177 182
177 201
178 187
178 188
178 192
179 187
179 201
179 204
180 191
180 198
182 204
189 197
191 194
193 195
194 202
196 202
200 204
