#num-nodes
624
#num-links
1745
#links
0 17
0 22
0 295
0 593
1 60
1 310
1 355
1 538
2 24
2 153
2 209
2 368
2 424
2 441
2 480
2 522
2 532
3 7
3 252
4 138
4 284
5 21
5 165
5 187
5 270
5 298
5 315
5 330
6 495
6 519
6 568
6 597
7 252
7 346
7 407
7 409
9 293
9 389
9 510
9 566
11 22
11 34
11 46
11 191
11 208
11 266
11 294
11 382
11 549
11 550
11 583
12 118
12 127
12 137
12 160
12 226
12 353
12 422
12 541
12 548
13 189
13 200
13 564
14 73
14 183
14 269
14 350
14 623
15 125
15 257
15 368
15 452
15 543
16 21
16 187
16 298
16 370
17 35
17 535
18 53
18 107
18 319
18 579
18 603
18 618
19 53
19 420
20 53
20 420
21 28
21 187
21 276
21 298
22 29
22 150
22 383
22 453
22 550
22 588
23 35
23 104
23 177
23 452
23 504
23 535
24 86
24 387
24 424
24 514
24 533
25 183
25 392
25 574
25 584
26 183
26 329
26 504
27 149
27 170
27 198
27 452
27 454
27 485
27 496
27 601
27 619
28 100
28 146
28 159
28 271
28 381
28 515
29 45
29 73
29 136
29 191
29 208
29 295
29 332
29 345
29 382
29 450
29 456
29 505
29 569
29 584
30 52
30 143
30 155
30 190
30 278
30 444
30 466
30 468
30 499
30 525
31 33
31 212
31 306
31 371
32 222
32 273
32 314
32 391
32 515
32 620
33 306
33 368
33 371
34 46
34 160
34 176
34 231
34 286
34 347
34 382
34 385
34 461
34 525
34 533
34 547
34 549
34 550
34 583
34 597
35 177
35 519
35 524
35 535
36 103
36 128
36 279
36 300
36 378
36 428
36 509
36 570
36 607
37 118
37 254
37 264
37 305
37 413
37 506
37 548
37 581
37 583
38 141
38 359
38 438
38 442
38 454
38 567
38 595
38 614
39 43
39 195
39 220
39 235
39 268
39 605
40 47
40 109
40 413
40 435
41 45
41 50
41 105
41 150
41 231
41 325
41 355
41 385
41 450
41 461
41 505
41 536
41 547
41 564
41 569
41 583
41 618
43 160
43 164
43 575
43 605
44 413
44 475
44 495
45 98
45 154
45 290
45 332
45 433
45 450
45 453
45 461
45 484
45 505
45 588
45 618
46 160
46 176
46 226
46 392
46 478
46 533
46 550
47 72
47 219
47 546
48 82
48 167
48 357
48 368
48 446
48 500
48 543
50 55
50 74
50 150
50 231
50 272
50 325
50 382
50 416
50 450
50 461
50 505
50 533
50 547
50 550
51 55
51 58
51 74
51 132
51 150
51 155
51 280
51 344
51 416
51 450
51 461
51 487
51 532
51 536
51 540
51 547
52 143
52 444
53 169
53 353
53 377
53 410
53 420
53 422
53 457
53 593
53 609
54 55
54 188
54 214
54 224
54 445
55 135
55 178
55 280
55 450
55 461
55 527
56 121
56 333
56 433
56 444
57 66
57 101
57 108
57 147
57 156
57 165
57 168
57 185
57 206
57 552
58 294
58 448
58 497
58 583
59 163
59 249
59 558
59 586
60 183
60 217
60 310
60 340
61 135
61 236
61 244
61 305
61 390
61 404
61 429
61 609
62 133
62 246
62 308
62 318
62 340
62 363
62 413
62 435
62 458
62 495
62 556
63 133
63 458
63 467
64 113
64 201
64 236
64 250
64 256
64 390
64 392
64 405
64 479
65 214
65 324
65 377
65 379
65 482
65 570
66 84
66 101
66 140
66 153
66 188
66 375
66 400
66 483
66 552
66 585
67 198
67 271
67 273
67 349
67 462
68 123
68 241
68 330
68 371
68 430
68 567
69 203
69 257
69 452
70 276
70 285
70 451
72 109
72 219
72 308
72 318
72 374
72 413
72 546
73 75
73 127
73 160
73 207
74 272
74 326
74 416
74 466
74 487
74 490
74 536
74 547
74 549
74 564
74 583
74 584
74 597
75 310
75 420
76 112
76 123
76 176
76 347
76 443
77 131
77 530
77 586
78 124
78 240
78 489
78 594
78 617
79 177
79 181
79 225
79 538
80 129
80 132
80 137
80 189
80 319
80 507
81 237
81 454
81 496
81 508
81 544
81 619
82 83
82 198
82 210
82 234
82 287
82 338
82 357
82 367
82 370
82 375
82 427
83 153
83 165
83 166
83 188
83 210
83 216
83 367
83 370
83 481
83 543
84 100
84 101
84 156
84 168
84 206
84 267
84 400
84 483
85 287
85 437
86 100
86 240
86 379
87 95
87 179
88 114
88 117
88 118
88 205
88 261
88 512
88 548
89 413
90 453
90 484
90 486
91 303
91 437
93 133
93 250
93 270
93 312
93 343
93 405
93 479
93 555
94 198
94 281
94 415
94 441
95 192
95 303
96 101
96 103
96 156
96 384
96 612
97 154
97 263
97 286
97 411
97 536
97 600
98 190
98 466
98 468
98 525
98 569
99 213
99 262
99 508
99 617
100 103
100 156
100 168
100 400
101 156
101 165
101 168
101 206
101 371
101 384
101 400
101 483
101 552
101 585
102 113
103 105
103 156
103 165
103 168
103 384
103 400
104 227
104 282
104 452
104 596
105 147
105 155
105 231
105 326
105 344
105 378
105 385
105 490
106 121
106 316
107 121
107 129
107 319
107 351
107 507
108 147
108 223
108 279
108 483
109 413
109 473
110 179
110 204
110 269
110 517
111 311
111 502
112 176
112 177
112 347
112 398
112 443
112 461
112 513
112 547
112 606
112 618
113 219
113 465
113 539
114 261
114 262
115 215
115 350
115 423
116 310
116 316
116 329
116 420
117 178
117 608
118 154
118 184
118 353
118 419
118 422
118 541
118 548
118 609
119 286
119 373
119 494
120 173
120 236
120 406
121 316
121 319
121 410
121 411
121 563
122 455
123 125
123 194
124 417
124 489
125 452
125 593
126 137
126 434
127 207
127 313
127 411
128 255
128 325
128 366
128 436
128 504
128 562
129 132
129 319
129 407
129 507
130 243
131 248
131 291
131 508
131 530
132 189
132 190
132 309
132 411
132 416
132 433
132 464
132 466
132 468
132 621
133 308
133 425
133 435
133 458
133 475
134 299
134 539
135 244
135 320
135 342
135 404
135 429
135 450
136 145
136 327
136 334
136 428
136 482
136 509
137 233
137 319
137 507
137 548
138 256
138 284
139 408
139 538
140 238
140 268
140 376
140 455
140 509
140 553
140 576
141 595
142 215
142 423
142 488
143 155
143 190
143 278
143 444
143 450
143 525
143 536
143 584
144 228
144 251
144 507
144 589
145 148
145 369
145 594
147 156
147 371
147 386
147 401
147 594
148 194
148 296
148 348
148 354
148 489
148 594
149 265
150 226
150 231
150 382
150 448
150 547
152 223
152 375
153 166
153 210
153 216
153 221
153 367
153 368
153 481
154 263
154 453
154 600
154 621
155 157
155 208
155 356
155 461
155 466
155 525
156 165
156 168
156 206
156 384
156 387
156 400
156 612
157 160
157 169
157 208
157 382
157 433
157 533
157 564
157 583
157 584
157 606
158 252
158 343
158 407
158 560
159 534
160 191
160 313
160 373
160 385
160 466
160 525
160 550
160 583
162 528
163 529
163 558
163 577
164 501
165 168
165 279
165 315
165 378
165 384
165 400
165 481
165 483
165 511
166 188
166 216
166 367
166 378
166 481
166 543
167 357
167 446
168 206
168 267
168 387
168 400
168 483
169 254
169 353
169 432
169 457
169 550
169 593
169 599
169 621
170 508
171 407
171 409
171 479
171 571
172 519
173 515
173 559
174 250
174 405
174 406
174 408
174 554
174 555
175 177
175 512
175 535
175 537
176 398
176 443
176 461
176 549
176 550
176 620
177 181
177 225
177 257
177 452
177 491
177 524
178 229
178 258
178 294
178 351
178 603
179 228
179 269
180 271
180 273
180 302
180 412
180 439
180 521
180 532
181 225
181 331
181 512
181 538
182 223
182 234
182 449
183 243
183 368
183 488
183 504
184 275
184 464
185 290
187 298
187 315
187 359
188 206
188 398
189 433
190 420
190 468
190 484
190 528
191 205
191 254
191 263
191 264
191 295
191 351
191 583
193 471
194 348
194 354
194 573
194 619
195 197
195 219
195 235
195 605
196 248
196 354
196 376
196 395
196 469
196 501
196 524
196 573
197 220
197 299
197 407
198 306
198 412
198 424
199 205
199 233
199 309
199 472
200 227
200 263
200 290
200 377
200 453
200 484
200 486
200 581
200 609
201 203
201 245
201 256
201 363
202 203
202 312
202 322
202 343
202 571
203 245
203 256
203 323
203 363
203 515
203 559
204 296
204 492
204 615
205 261
205 272
205 472
205 549
205 583
205 608
206 400
206 483
206 552
207 226
207 294
207 464
207 507
207 551
207 556
208 266
208 606
210 216
210 255
210 329
210 347
210 368
210 387
210 620
211 305
211 539
211 563
212 329
212 371
212 393
212 398
212 590
213 262
213 508
214 253
214 427
214 446
214 449
214 482
214 570
215 423
215 485
215 488
215 596
215 602
215 619
216 367
216 481
218 259
218 283
218 469
219 374
219 546
220 575
220 605
222 225
222 331
222 443
222 513
222 620
223 234
223 449
223 492
224 379
224 481
224 543
224 585
225 443
225 452
225 620
226 275
226 392
227 484
227 609
228 428
230 502
230 519
231 272
231 286
231 314
231 385
231 407
231 450
231 459
231 547
231 550
232 399
232 435
232 495
232 540
233 305
233 539
233 548
233 551
234 375
234 449
236 244
236 252
236 390
236 392
236 407
236 409
236 429
237 496
237 544
237 615
238 253
238 509
239 618
240 617
241 589
242 261
244 252
244 314
244 342
244 390
244 392
244 404
244 429
245 283
245 363
246 308
246 435
247 304
249 301
249 391
249 530
249 586
250 312
250 322
250 364
250 403
250 498
250 555
252 390
252 392
252 405
252 408
252 429
252 471
253 268
253 378
253 446
253 511
253 607
254 305
254 541
254 548
254 549
254 565
254 603
255 523
256 362
256 555
256 559
257 452
257 504
258 407
258 409
259 501
261 472
262 500
262 508
262 566
263 264
263 309
263 377
263 583
263 593
263 618
264 280
264 345
264 411
264 548
264 583
264 597
265 277
265 293
265 485
266 335
266 382
266 525
266 536
266 549
266 584
266 606
267 400
267 532
268 296
268 297
268 446
268 553
268 582
269 517
269 544
270 349
270 412
270 514
271 273
271 274
271 412
271 545
272 275
272 345
272 367
272 371
272 382
272 547
272 550
272 583
273 298
273 302
273 412
273 439
274 424
274 439
275 351
275 464
275 526
275 547
275 599
275 603
276 318
277 288
277 345
277 349
277 370
277 430
277 481
277 523
278 294
278 332
278 444
278 499
278 525
278 549
278 588
279 324
279 378
280 385
280 416
280 450
280 461
283 501
284 376
284 406
284 476
284 498
285 519
285 611
286 351
286 385
286 459
286 484
286 494
286 527
286 533
286 593
286 602
286 603
287 357
287 375
288 302
288 389
288 394
288 488
288 534
288 570
289 350
289 380
289 601
290 385
290 450
290 461
290 525
290 533
290 565
290 618
291 391
292 299
292 563
292 581
293 496
294 333
294 351
294 416
294 429
294 497
294 499
294 550
294 583
295 355
295 411
295 461
296 337
296 455
297 337
297 455
297 493
297 573
298 315
298 359
299 316
299 572
299 575
300 443
300 477
300 480
301 577
302 394
302 438
302 567
302 570
304 307
304 364
304 403
305 506
305 563
305 581
306 371
309 548
309 551
310 420
310 609
311 358
312 343
312 405
312 479
312 555
312 571
313 356
313 377
313 487
313 525
314 391
314 513
314 515
314 559
315 477
315 480
315 521
316 563
316 575
317 322
317 362
317 555
318 374
318 435
318 560
319 356
319 410
319 507
319 603
319 608
319 618
320 390
320 392
321 322
321 362
321 555
322 343
322 405
322 555
324 327
324 369
324 418
324 481
324 511
324 613
325 385
325 416
325 461
325 547
325 550
325 569
326 344
326 373
326 385
326 490
326 562
326 583
327 369
327 418
327 482
328 443
328 513
330 366
330 532
332 390
332 392
333 344
333 356
333 433
333 603
334 401
334 428
334 489
335 416
335 525
335 549
335 584
335 606
336 387
336 557
336 614
337 493
340 495
342 416
343 403
343 405
345 360
345 516
346 390
346 407
347 398
347 550
347 620
348 354
349 397
349 402
349 412
349 521
350 394
350 517
350 601
351 484
351 562
351 603
351 609
352 523
353 419
353 422
353 432
353 456
353 457
353 499
353 541
353 565
353 609
354 594
355 569
356 377
356 433
357 446
358 383
358 540
360 516
365 529
365 586
367 378
367 481
367 543
367 552
368 371
368 398
368 436
368 523
368 543
368 590
369 418
370 394
370 430
370 513
370 552
371 483
373 433
373 484
373 486
373 494
374 380
374 435
374 458
374 546
374 560
375 449
375 526
375 552
376 529
376 530
377 444
377 590
378 482
378 483
378 514
379 427
379 452
379 482
380 399
380 458
381 406
382 383
382 456
382 505
382 533
382 547
382 549
382 550
382 584
383 490
383 569
383 606
384 429
385 411
385 429
385 461
385 505
385 547
385 563
385 564
387 514
389 426
389 488
390 392
390 404
390 407
390 588
391 429
391 515
391 559
392 404
392 407
392 409
392 478
392 588
393 504
394 430
394 567
394 570
395 501
396 610
397 412
397 566
398 436
398 523
399 523
399 589
400 483
400 552
401 428
401 495
401 585
401 599
401 607
402 412
402 566
403 406
404 429
404 459
404 461
404 478
404 527
404 606
405 408
405 479
406 408
406 498
407 409
407 471
408 538
409 471
409 498
409 555
411 416
411 448
411 474
411 606
415 424
415 514
415 534
416 429
416 450
416 461
416 487
416 536
416 584
417 458
418 489
418 582
418 587
418 594
419 422
419 432
419 565
419 603
419 618
420 468
420 484
420 593
420 621
421 473
422 432
422 457
422 541
422 548
422 618
423 602
424 439
424 441
424 514
424 518
424 522
424 532
427 570
428 489
428 553
429 450
429 536
432 565
433 448
433 562
433 569
434 468
434 528
435 458
435 495
436 590
437 493
438 567
439 532
441 518
443 513
443 620
444 468
444 484
444 527
444 549
444 621
445 492
445 591
446 511
446 553
447 500
447 519
448 516
449 570
450 456
450 461
450 536
450 584
452 504
453 484
453 486
453 549
453 621
454 494
454 496
454 544
454 623
455 493
455 604
456 461
456 484
456 505
456 569
457 609
458 475
459 478
461 484
461 505
461 525
461 536
461 547
461 562
461 564
461 569
464 593
464 599
467 495
469 573
473 475
475 491
476 489
477 566
479 571
481 482
481 511
481 543
481 585
482 509
482 585
483 526
484 593
484 621
485 496
485 619
486 621
487 490
487 525
487 541
487 564
487 606
488 566
489 595
492 591
492 613
494 526
496 544
496 596
500 508
501 524
501 573
504 515
504 535
505 525
505 569
505 618
506 605
509 553
509 576
511 576
511 587
512 569
513 620
517 614
518 522
519 611
522 532
522 585
523 620
524 535
524 573
525 584
526 591
527 586
527 610
528 565
529 530
530 586
530 610
531 594
532 534
533 550
533 590
536 547
536 569
544 619
544 623
545 566
547 550
548 551
548 553
549 550
549 584
553 580
554 560
555 557
556 597
558 586
558 614
562 569
563 572
563 583
564 565
564 606
565 569
567 570
568 620
572 618
576 607
579 618
582 587
583 597
585 607
591 595
591 604
593 599
593 603
593 621
596 619
597 606
604 613
613 623
