#num-nodes
689
#num-links
2351
#links
0 166
0 209
1 40
1 213
1 510
2 10
2 23
2 139
2 177
2 364
3 240
3 242
4 49
4 56
4 123
4 206
4 243
4 271
4 307
4 339
4 350
4 390
4 558
5 56
5 85
5 534
6 52
6 128
6 208
6 261
6 262
6 304
6 308
6 311
8 128
8 208
8 261
9 55
9 77
9 153
9 169
9 327
9 377
10 23
10 139
10 177
10 284
10 364
11 148
12 32
12 74
12 86
12 145
12 203
12 236
12 254
12 305
13 21
13 82
13 187
13 224
13 271
13 317
14 82
14 97
14 131
14 187
14 189
14 205
14 360
14 466
15 85
15 130
15 193
15 195
15 305
15 321
16 196
16 271
16 316
16 319
16 452
17 430
18 46
18 190
18 193
18 195
18 201
18 203
18 373
18 389
18 392
19 48
19 68
19 90
19 122
19 133
19 143
19 223
19 226
19 360
19 362
19 399
20 88
20 349
20 372
20 385
21 115
21 131
21 224
21 245
21 271
21 289
21 317
21 352
22 86
22 137
22 182
22 221
22 248
22 285
22 296
22 363
23 139
23 284
23 364
24 39
24 46
24 194
24 200
24 201
24 254
24 292
24 322
24 324
24 333
24 373
24 389
25 273
25 329
25 343
26 202
26 217
26 239
27 71
27 106
27 133
27 137
27 165
27 180
27 200
27 228
27 232
27 314
27 400
28 68
28 122
28 143
28 160
28 165
28 194
28 209
28 222
28 223
28 295
28 362
28 374
29 241
29 263
29 324
30 94
30 167
30 171
31 167
32 66
32 87
32 132
32 208
32 287
32 322
33 234
34 42
34 76
34 97
34 154
34 172
34 332
35 93
35 238
35 280
35 287
36 63
36 87
36 96
36 252
36 267
36 286
36 288
36 291
36 303
36 371
36 375
36 393
37 155
37 255
37 320
37 325
37 350
37 395
38 137
39 260
39 276
39 306
39 400
40 58
40 77
40 197
40 304
40 367
40 461
40 485
40 489
41 50
41 76
41 94
41 108
41 167
41 218
41 240
41 242
41 376
42 64
42 76
42 97
42 102
42 167
42 181
42 286
42 332
42 339
42 345
42 386
42 393
42 397
43 59
43 216
43 273
43 341
44 53
44 112
44 117
44 137
44 162
44 248
44 251
44 285
44 293
44 296
45 75
45 159
45 184
45 216
45 272
45 273
45 341
45 526
46 85
46 164
46 190
46 203
46 373
46 389
46 392
48 90
48 127
48 174
48 240
48 329
48 343
48 392
49 90
49 206
49 243
49 265
49 271
49 280
49 350
50 67
50 134
50 218
50 252
50 358
50 395
51 81
51 94
51 387
51 392
51 596
51 655
52 206
52 305
52 371
53 112
53 117
53 162
53 200
53 285
53 293
53 337
55 153
55 217
55 319
55 367
56 265
56 282
56 310
56 319
56 349
56 352
56 378
58 109
59 159
59 225
61 63
61 132
61 134
61 237
61 238
61 326
61 345
61 372
62 94
62 345
62 596
62 655
63 134
63 215
63 266
63 270
63 291
64 147
64 150
64 243
64 282
64 288
64 375
64 378
64 537
66 77
66 87
66 132
66 166
66 236
66 246
66 299
66 322
66 324
66 393
67 134
67 252
68 84
68 116
68 122
68 180
68 193
68 197
68 199
68 222
68 223
68 244
68 295
68 328
68 360
68 362
68 374
68 633
68 635
70 73
70 87
70 106
70 130
70 133
70 137
70 150
70 180
70 188
70 226
70 232
70 241
70 254
70 314
70 346
70 374
70 394
71 90
71 219
71 298
71 335
71 380
73 130
73 137
73 180
73 188
73 254
73 346
73 351
74 270
74 400
75 133
75 168
75 184
75 216
75 228
75 232
75 272
75 302
75 314
75 341
75 346
75 396
75 526
75 528
76 97
76 355
77 301
77 352
77 377
77 393
77 447
77 550
77 563
78 83
78 400
79 103
79 135
79 161
79 220
79 290
79 305
79 321
79 357
79 372
79 378
80 182
80 229
80 230
80 269
80 271
80 275
80 339
80 378
80 384
80 391
80 452
81 378
82 131
82 187
82 230
82 245
82 271
82 275
82 310
82 335
82 383
82 452
84 90
84 197
84 199
84 259
84 334
84 360
84 374
85 190
85 193
85 195
85 231
85 255
85 373
85 389
86 112
86 117
86 203
86 236
86 254
86 285
86 286
86 293
86 370
86 390
86 398
87 206
87 210
87 251
87 322
87 333
87 337
87 393
89 240
89 332
90 131
90 199
90 227
90 243
90 244
90 265
90 271
90 289
90 350
92 163
92 185
92 220
92 255
92 305
92 321
92 357
92 372
93 103
93 228
93 238
93 287
94 139
94 171
94 177
94 186
94 284
94 340
94 347
94 364
94 596
95 108
95 166
95 172
95 181
95 251
95 336
95 382
96 204
96 210
96 238
96 258
96 282
96 375
96 395
97 123
97 286
97 332
97 413
98 161
99 176
99 279
99 331
99 390
99 398
100 214
100 224
100 299
100 329
101 348
102 188
102 239
102 386
103 135
103 157
103 178
103 220
103 237
103 257
103 290
103 344
103 392
105 209
105 213
105 353
106 133
106 165
106 200
106 209
106 232
106 309
106 314
106 398
106 528
107 146
107 310
108 166
108 172
108 249
108 270
108 336
109 259
109 271
109 301
109 377
109 415
109 642
110 219
110 298
110 378
111 288
111 365
111 372
112 117
112 140
112 162
112 248
112 285
112 293
112 296
112 390
112 398
115 188
115 189
115 377
115 430
116 197
116 245
116 281
116 360
116 399
117 162
117 200
117 285
117 293
117 296
117 398
119 215
119 371
119 381
120 155
120 185
120 255
120 291
120 320
120 325
120 389
121 219
121 274
121 308
121 359
122 124
122 143
122 159
122 186
122 199
122 245
122 259
122 360
122 399
123 169
124 339
126 143
126 199
126 222
126 244
126 362
126 374
126 377
127 240
127 241
127 329
127 343
127 392
128 208
128 261
128 263
128 265
128 446
128 481
128 538
128 679
129 247
129 288
129 363
130 137
130 149
130 180
130 194
130 195
130 226
130 333
130 346
130 351
130 376
131 187
131 222
131 244
131 374
132 140
132 163
132 182
133 143
133 165
133 200
133 232
133 314
134 210
134 252
134 358
135 142
135 145
135 215
135 220
135 255
135 290
135 324
135 344
137 180
137 200
137 333
137 400
138 141
138 154
138 175
138 249
138 359
138 382
139 177
139 284
139 364
140 355
140 386
141 208
141 293
141 296
141 358
141 382
142 145
142 163
142 211
142 234
142 290
142 305
142 321
142 357
143 197
143 199
143 223
143 244
143 245
143 305
143 328
143 362
143 399
144 236
144 276
144 322
144 331
144 350
144 370
145 163
145 171
145 200
145 305
145 309
145 312
145 357
147 246
147 258
148 234
148 309
148 312
149 194
149 204
149 333
149 376
150 151
150 241
150 305
150 337
150 372
150 395
151 211
151 254
151 365
153 327
154 172
154 188
154 249
154 286
154 379
155 179
155 282
155 325
155 349
155 350
156 320
157 200
157 214
157 295
157 337
157 342
157 355
158 234
158 300
158 397
159 216
159 225
159 302
160 188
160 194
160 231
160 254
160 295
160 342
160 492
161 264
161 287
161 321
161 324
161 357
161 365
161 372
162 200
162 248
162 285
162 287
162 293
163 257
163 302
163 321
163 322
163 324
163 344
164 206
164 208
164 231
164 237
164 245
164 255
164 270
164 320
164 389
165 232
165 314
166 270
166 308
167 239
167 258
167 518
168 232
168 234
168 309
168 314
170 332
171 198
171 228
171 273
171 284
171 374
172 249
172 332
172 336
173 208
175 249
175 382
176 192
176 253
176 293
176 337
176 338
176 342
176 390
176 398
177 273
177 364
178 215
178 355
178 365
178 409
179 311
179 319
179 356
180 188
180 226
180 239
180 292
180 314
180 321
180 346
180 351
180 373
180 374
181 307
181 359
181 370
181 383
182 265
182 269
183 586
184 228
184 272
184 273
184 302
184 341
184 526
185 255
185 320
186 219
186 294
186 298
186 308
186 311
186 340
186 352
187 227
187 245
187 271
187 317
187 352
188 292
188 351
188 373
188 379
188 400
189 211
189 223
189 225
189 227
189 240
189 321
189 377
190 203
190 211
190 357
190 389
192 378
193 211
193 357
193 358
193 389
194 209
194 292
194 293
194 295
194 376
195 211
195 231
195 255
195 328
195 358
196 327
197 222
197 223
197 328
197 360
197 362
197 374
198 333
199 223
199 244
199 289
199 360
199 399
200 226
200 285
200 290
200 305
200 314
200 351
200 373
201 202
201 247
201 337
201 342
202 217
202 342
203 236
203 244
203 320
203 358
203 389
204 214
204 314
204 398
205 360
205 374
206 265
206 307
206 339
206 383
208 261
209 239
209 256
209 300
209 309
209 329
210 252
210 358
210 395
211 305
211 315
211 321
211 351
211 357
211 358
211 360
212 223
212 256
212 289
212 362
212 424
213 353
214 236
214 247
214 251
214 299
215 270
215 285
215 291
215 320
215 325
215 350
215 395
216 225
217 319
218 339
219 227
219 246
219 298
219 308
219 318
219 532
220 231
220 255
220 256
220 257
220 290
220 309
220 321
220 344
220 357
220 372
220 398
221 251
221 370
221 382
222 295
222 362
222 374
222 399
223 244
223 295
223 314
223 360
223 362
223 374
224 256
224 317
224 352
225 277
225 341
226 285
226 346
226 351
226 370
226 373
227 284
227 311
227 316
227 367
228 272
228 396
229 230
229 271
229 275
229 368
229 384
229 387
229 391
230 245
230 271
230 275
230 452
231 255
231 262
231 290
231 320
231 325
231 344
231 389
231 392
232 239
232 254
232 314
236 322
236 331
236 337
236 345
237 238
237 291
237 320
237 321
237 325
237 387
238 287
239 254
239 295
239 376
240 299
240 353
241 251
241 337
241 392
241 393
241 492
243 265
243 280
243 307
243 350
243 383
243 387
243 389
244 295
244 360
244 399
245 271
245 275
245 289
246 345
246 378
247 286
247 299
247 331
247 345
247 363
248 285
248 293
248 296
248 390
251 286
251 322
251 328
251 393
252 288
252 303
252 358
253 338
253 398
254 292
254 342
254 394
255 280
255 320
255 357
256 299
256 335
256 377
256 393
257 290
257 320
257 324
258 397
259 329
259 367
259 377
259 393
260 265
260 276
260 306
260 400
262 266
262 325
263 267
263 268
263 303
264 287
264 321
264 365
265 350
265 382
265 558
267 303
268 308
268 347
269 356
269 366
269 387
270 291
271 275
271 350
271 391
272 286
272 341
272 396
272 526
272 528
273 278
273 328
273 335
273 341
273 364
274 310
274 352
275 368
275 384
275 387
275 391
276 296
276 306
276 400
277 300
277 302
277 371
280 320
280 350
280 387
280 389
282 349
282 375
282 397
283 368
284 286
284 555
285 290
285 293
285 296
285 351
285 390
285 398
286 303
286 338
288 303
289 345
290 357
291 317
291 320
291 389
293 441
294 340
295 326
295 374
295 399
296 331
296 342
296 370
296 441
298 308
298 340
298 378
299 308
299 331
299 334
299 393
300 302
300 371
302 329
302 341
302 346
303 371
303 375
304 311
304 318
305 347
305 357
305 359
305 372
306 400
307 339
307 383
309 312
309 324
309 326
309 357
310 352
311 356
311 562
312 376
313 368
313 388
314 342
314 376
314 394
314 526
314 528
317 654
318 334
320 325
320 337
320 389
321 326
321 357
321 360
322 342
322 344
322 370
323 485
324 344
328 334
328 360
328 374
329 343
333 336
333 337
333 346
333 351
333 373
333 383
337 342
337 395
337 398
338 373
338 398
339 383
339 387
340 347
341 526
342 376
343 367
344 385
345 363
345 378
346 351
349 378
349 391
350 395
351 373
352 378
357 372
359 363
360 362
360 374
360 399
361 385
362 367
362 374
365 372
368 388
370 533
373 392
374 399
375 384
375 397
377 399
379 430
384 391
389 392
390 398
397 554
399 403
401 619
401 633
401 642
401 657
402 403
402 486
402 497
402 568
402 603
402 654
402 674
402 676
402 685
402 686
403 427
403 432
403 486
403 519
403 529
403 545
403 586
403 621
403 652
403 663
403 669
404 444
404 492
404 499
404 513
404 632
404 635
404 645
404 678
405 409
405 414
405 417
405 459
405 521
405 531
405 548
405 553
405 566
405 581
405 622
405 633
405 638
405 642
405 650
405 655
405 677
406 489
406 493
406 500
406 584
406 610
406 628
406 653
406 671
407 492
407 518
407 635
408 421
408 441
408 447
408 497
408 529
408 543
408 579
408 596
408 613
408 621
408 669
409 452
409 469
409 522
409 548
409 601
409 633
409 648
409 670
409 677
410 435
410 504
411 475
411 547
411 602
411 641
411 666
411 673
412 415
412 418
412 419
412 456
412 584
413 596
413 652
414 416
414 417
414 424
414 501
414 586
414 593
414 594
414 622
414 642
415 416
415 445
415 557
415 634
415 660
416 418
416 429
416 456
416 482
416 531
416 549
416 584
416 619
416 643
416 657
417 593
417 622
417 642
417 670
418 429
418 456
418 531
418 561
418 584
418 622
418 633
418 657
418 682
419 495
419 523
419 631
419 670
420 439
420 484
420 495
420 522
420 535
420 580
420 591
420 668
421 422
421 447
421 586
421 596
421 615
421 655
421 666
421 678
422 424
422 529
422 575
422 596
422 655
422 669
423 429
423 448
423 483
423 527
423 532
423 608
423 628
424 482
424 515
424 528
424 567
424 596
424 615
424 619
424 637
424 642
424 657
424 660
424 670
424 682
425 428
425 537
425 539
425 588
425 653
426 466
426 569
426 660
427 457
427 536
427 599
427 618
427 663
428 537
428 556
428 683
429 480
429 495
429 503
429 524
429 525
429 538
429 598
429 647
429 682
430 568
430 613
430 638
430 669
431 448
431 609
431 611
432 499
432 644
432 678
433 453
433 533
433 609
433 610
433 619
433 658
434 501
434 537
434 608
434 642
435 539
435 608
436 437
436 463
436 574
436 660
436 680
436 688
437 528
437 535
437 595
438 507
438 513
438 528
438 597
438 637
439 554
439 557
439 633
439 651
439 656
439 662
439 667
439 668
439 670
440 544
440 545
440 550
440 581
440 596
440 616
440 619
440 624
440 629
440 638
441 505
441 541
441 543
441 581
441 603
441 638
441 646
441 669
441 674
441 686
442 484
442 549
442 555
442 648
442 670
443 537
443 587
443 594
443 660
443 671
443 682
444 475
444 526
444 543
444 559
444 562
444 590
444 635
445 450
445 501
445 519
445 571
445 670
445 677
446 627
446 662
447 518
447 529
447 541
447 654
447 669
447 673
448 483
448 582
448 609
448 611
448 650
448 665
448 681
449 477
449 478
449 532
449 534
449 552
449 553
449 583
449 612
450 469
450 471
450 511
450 558
450 568
450 585
450 670
450 674
451 506
451 587
452 469
452 470
452 476
452 531
452 534
452 539
452 558
452 593
453 533
453 581
455 590
456 484
456 491
456 500
456 531
456 584
456 619
456 653
456 682
457 527
457 606
457 661
457 687
458 680
458 682
459 464
459 516
459 530
459 534
459 549
459 570
459 571
459 578
459 633
459 657
459 660
460 527
460 534
460 573
460 659
461 466
461 489
461 592
461 612
462 468
462 477
462 558
462 563
462 624
462 644
463 528
463 553
463 619
463 659
464 466
464 516
464 548
464 580
464 612
464 660
464 677
466 508
466 515
466 517
466 633
467 501
467 537
467 539
467 555
467 662
467 677
468 616
468 618
468 620
469 470
469 523
469 532
469 534
469 539
469 593
469 661
469 670
469 683
470 495
470 539
470 557
470 604
471 521
471 545
471 603
471 638
472 493
472 537
472 555
472 683
474 486
474 502
474 540
474 584
474 623
475 482
475 492
475 497
475 499
475 513
475 537
475 541
475 551
475 590
475 632
475 637
476 509
476 538
476 566
476 617
476 677
476 681
477 525
477 583
477 600
477 653
477 656
478 532
478 630
479 570
480 492
480 508
480 545
480 551
480 562
480 576
480 590
480 597
481 483
482 501
482 517
482 586
482 619
482 637
482 639
482 660
482 681
482 682
483 527
483 534
483 609
483 653
484 522
484 531
484 549
484 561
484 628
484 661
484 670
485 497
485 510
485 547
485 556
485 579
485 625
485 635
486 489
486 518
486 544
486 568
486 576
486 581
486 585
486 600
486 621
486 664
486 666
486 674
487 488
487 505
487 508
487 518
487 545
487 559
488 505
488 507
488 510
488 560
488 566
488 637
488 639
489 570
489 579
489 580
489 591
489 619
489 622
489 682
491 516
491 517
491 543
491 567
491 622
491 633
491 635
491 650
491 657
492 497
492 509
492 513
492 517
492 518
492 541
492 551
492 559
492 560
492 586
492 590
492 633
492 635
492 674
492 675
492 678
493 608
493 609
493 628
493 650
494 538
494 564
495 524
495 533
495 598
495 627
495 647
495 670
495 687
496 539
496 608
496 653
496 677
496 679
496 682
497 508
497 518
497 541
497 543
497 565
497 635
497 673
498 548
498 593
498 652
499 541
499 543
499 551
499 559
499 566
499 579
499 603
499 632
499 645
499 649
499 678
500 504
500 564
500 580
500 591
500 595
500 677
500 681
501 535
501 539
501 556
501 574
501 584
501 660
501 688
502 540
502 594
503 508
503 513
503 515
503 545
503 551
503 567
503 632
503 635
503 639
504 511
504 546
504 637
504 678
505 506
505 581
505 626
506 513
506 519
506 546
506 623
506 632
506 642
506 663
506 664
507 526
507 528
507 559
507 589
507 597
507 637
507 639
508 513
508 515
508 545
508 551
508 559
508 615
508 645
509 550
510 547
510 599
510 600
510 652
511 568
511 581
511 585
511 604
511 674
512 588
513 543
513 551
513 559
513 567
513 586
513 625
513 635
513 669
514 668
515 551
515 559
516 619
516 628
516 633
516 657
516 670
517 522
517 537
517 541
517 570
517 633
517 657
518 541
518 550
518 622
518 635
519 529
519 563
519 564
519 663
519 673
520 546
520 600
520 606
520 639
521 544
521 548
521 581
521 603
521 638
521 642
521 646
521 669
521 674
522 661
523 534
523 593
524 647
525 647
525 656
526 551
526 552
526 567
526 597
527 530
527 534
527 557
527 608
527 611
528 552
528 567
528 578
528 597
528 615
529 621
529 669
530 626
530 682
531 532
531 619
531 642
531 648
531 660
531 671
531 677
532 534
532 557
532 609
532 628
532 656
532 661
533 610
534 573
534 593
534 659
534 661
534 670
535 580
535 594
535 677
535 681
535 682
536 579
536 599
537 556
537 619
537 679
538 564
538 566
539 558
539 574
539 584
539 608
539 619
539 659
540 550
540 645
540 685
541 567
541 621
541 622
541 635
541 646
541 678
542 547
542 562
542 631
543 551
543 559
543 567
543 586
543 632
543 633
543 635
543 669
543 675
544 568
544 581
544 585
544 629
545 666
547 597
547 664
547 673
548 583
548 594
548 642
548 677
550 560
550 563
550 644
550 664
551 559
551 570
551 632
551 635
551 637
551 649
552 567
552 612
552 642
553 557
553 583
553 594
553 612
553 653
554 662
555 658
556 612
557 609
557 619
557 670
558 579
558 618
559 615
559 625
559 635
560 566
560 636
560 654
561 622
561 682
562 579
562 623
562 666
563 575
563 581
563 616
563 623
563 624
563 644
564 673
566 575
566 617
567 597
567 606
567 615
567 633
568 581
568 585
568 613
568 621
568 674
568 685
570 631
570 633
570 682
573 659
576 622
578 609
578 653
578 660
579 581
579 599
579 600
579 604
580 584
580 587
580 591
581 585
581 602
581 624
581 655
581 669
581 674
582 583
582 598
582 627
583 679
584 668
585 674
585 685
586 625
586 635
586 655
586 663
586 678
588 634
589 597
589 625
589 632
589 678
590 635
590 637
590 639
590 664
590 675
591 594
592 594
592 642
593 622
593 661
594 609
594 653
594 658
594 671
594 677
594 681
596 655
596 669
597 637
597 639
599 604
600 604
600 656
600 666
601 646
601 648
602 604
603 638
603 646
603 669
603 674
604 646
604 648
608 682
608 688
609 619
609 665
611 665
612 642
613 669
615 625
615 632
615 639
615 646
616 618
616 624
616 640
616 645
619 633
619 653
619 657
619 670
619 677
620 636
621 669
621 678
624 638
625 632
626 682
627 681
628 650
628 677
628 682
630 667
631 666
633 650
633 657
633 668
633 673
633 677
634 648
634 677
637 639
637 645
637 669
638 646
638 669
638 674
638 684
640 644
640 645
640 685
642 643
642 671
643 650
644 674
644 676
645 649
645 676
645 685
645 686
646 669
646 670
646 674
647 667
648 670
649 661
649 666
649 678
650 657
650 668
650 682
651 662
651 667
651 679
653 656
653 657
653 682
654 674
654 685
655 678
657 660
657 670
660 664
660 677
660 682
661 670
662 667
662 668
667 679
669 675
669 686
671 682
673 676
674 685
674 686
677 681
679 688
680 688
681 687
685 686
