#num-nodes
1282
#num-links
3487
#links
0 47
0 258
0 270
0 402
0 454
1 15
1 42
1 147
1 363
1 609
1 632
1 785
2 17
2 26
2 197
2 210
2 237
2 555
3 257
3 507
4 103
4 220
4 266
4 464
4 492
4 582
4 676
5 699
6 590
6 805
6 808
7 434
10 69
10 90
10 159
10 166
10 204
10 292
10 504
10 630
10 691
11 451
12 13
12 191
12 218
12 330
12 338
12 432
12 581
12 1053
13 218
13 255
13 264
13 318
13 330
13 338
13 432
13 437
13 453
13 581
13 632
13 806
14 149
14 296
14 387
15 147
15 552
15 788
15 815
15 855
16 21
16 408
16 484
16 816
16 848
17 291
17 412
17 428
17 536
17 578
17 768
18 76
18 186
18 219
18 249
18 557
18 665
18 847
18 862
19 145
19 274
19 619
19 720
20 162
20 193
20 247
20 334
20 385
20 692
20 866
21 223
21 384
21 472
21 486
21 503
21 848
22 36
22 431
22 546
22 678
22 756
22 769
23 608
23 767
24 57
24 62
24 74
24 350
24 456
24 476
24 786
26 28
26 165
26 241
26 271
26 286
26 301
26 302
26 332
26 350
26 461
26 476
26 503
26 620
27 117
27 305
27 433
27 807
28 168
28 228
28 629
28 741
28 812
29 262
30 198
30 738
30 802
30 856
31 568
32 52
32 824
33 694
34 784
35 36
35 163
35 220
35 345
35 407
35 413
35 429
35 715
35 716
35 731
35 835
36 273
36 345
36 685
36 751
37 114
37 326
37 486
37 514
37 554
38 89
38 621
39 234
39 395
39 498
39 563
39 589
40 208
40 219
40 227
40 355
40 507
40 633
40 782
41 259
43 65
43 230
43 247
43 250
43 316
43 326
43 340
43 516
43 552
43 554
43 565
43 642
43 676
43 854
43 855
43 856
44 313
44 574
44 576
44 666
44 712
44 758
45 621
45 811
46 721
46 800
47 646
48 385
48 388
48 445
48 625
48 713
49 77
49 143
49 173
49 218
49 318
49 332
49 459
50 317
52 75
52 78
52 437
52 499
52 589
52 618
52 824
53 77
53 498
53 504
53 710
53 744
53 757
54 111
54 318
54 322
54 380
54 423
54 578
54 710
54 759
55 75
55 255
55 303
55 313
55 423
55 449
55 469
55 498
55 644
55 681
56 147
56 333
57 277
58 205
58 511
58 554
58 761
59 631
60 213
61 71
61 189
61 225
61 227
62 114
62 301
62 393
62 456
62 697
62 840
63 151
63 724
63 742
63 832
63 834
63 852
64 314
64 331
64 623
64 717
65 236
65 263
65 274
65 326
65 343
65 554
65 607
65 682
66 196
66 266
66 271
66 313
66 320
66 331
66 464
66 577
66 586
66 712
67 215
67 233
67 617
68 407
68 553
68 581
68 739
69 70
69 166
69 493
69 553
69 572
69 630
69 822
70 459
70 493
71 72
71 73
71 336
71 675
72 397
72 788
72 813
72 815
72 816
73 239
73 268
73 366
73 666
73 675
73 853
74 230
74 241
74 350
74 407
74 476
74 761
74 786
75 78
75 108
75 444
75 472
75 493
75 535
75 589
75 705
75 824
75 836
76 219
76 286
76 302
76 624
76 645
76 650
76 665
76 741
76 745
76 774
77 273
77 332
78 117
78 154
78 208
78 493
78 605
78 618
78 635
78 789
80 445
80 487
80 804
81 278
81 417
81 750
81 779
82 109
82 264
82 374
82 435
82 458
82 521
82 598
82 681
82 852
83 196
83 252
83 386
83 611
83 695
83 718
83 837
83 853
84 750
84 846
86 116
86 282
86 586
86 640
86 857
87 209
88 146
88 162
88 598
88 752
89 97
89 621
90 454
90 506
90 530
90 633
90 719
90 849
91 419
92 222
92 439
93 348
93 366
93 501
93 502
93 684
94 480
94 751
95 276
95 361
96 164
96 262
96 437
98 144
98 417
98 571
98 575
98 761
99 197
100 131
100 192
100 222
100 265
100 278
100 833
101 197
101 711
101 865
102 470
102 555
103 417
103 505
103 537
103 575
104 132
104 192
104 212
104 214
104 218
104 253
104 255
104 267
104 389
104 391
104 535
104 681
104 705
104 722
104 747
104 836
105 662
106 113
106 372
106 387
106 458
106 666
106 847
106 849
106 857
107 146
107 439
108 183
108 444
108 467
108 472
108 589
108 824
109 222
109 264
109 435
109 458
109 460
109 521
109 781
109 852
110 523
110 729
110 777
111 117
111 232
111 318
111 428
111 457
111 471
111 659
112 314
113 282
113 598
113 644
113 803
114 301
114 326
114 476
114 486
114 514
114 554
114 642
115 306
115 729
115 779
115 846
116 185
116 276
116 282
116 569
116 640
116 828
117 118
117 143
117 154
117 405
117 412
117 433
117 454
117 659
117 789
117 807
118 266
118 569
118 633
118 826
119 370
119 371
119 647
119 733
120 523
120 709
120 777
121 473
121 709
122 822
123 278
123 347
123 417
123 575
123 761
124 477
125 196
125 264
125 276
125 586
125 822
125 823
125 865
127 274
127 341
127 675
128 272
128 276
128 552
128 781
128 782
128 815
129 156
129 174
129 230
129 274
129 326
129 360
129 469
129 507
129 720
129 745
131 260
131 291
131 292
131 619
131 728
132 391
132 497
133 418
133 546
133 769
133 771
134 255
134 303
134 768
134 837
134 1109
135 216
135 221
135 392
135 416
135 742
135 834
136 382
137 467
137 513
137 658
137 669
138 743
139 248
139 553
139 574
140 166
140 237
140 246
140 279
140 328
140 365
140 384
140 461
140 529
140 623
140 740
140 764
140 780
140 862
141 224
141 372
141 405
141 760
142 224
142 228
142 245
142 337
142 345
142 413
142 474
142 537
142 628
143 173
143 569
143 807
144 422
144 570
144 752
144 761
144 797
145 238
145 509
145 548
145 720
145 776
145 780
145 785
145 837
145 841
146 357
146 767
147 242
147 817
148 608
148 690
149 208
149 371
149 416
149 513
149 744
150 374
151 197
151 577
151 810
153 607
154 332
154 399
154 433
154 468
154 569
154 605
154 666
154 675
154 789
154 807
155 186
155 277
155 341
155 360
155 518
155 649
155 697
155 776
156 346
156 514
156 847
157 217
157 248
157 282
157 741
157 814
158 662
158 850
159 791
160 464
161 258
161 849
162 575
162 704
163 376
163 429
163 849
164 262
164 391
164 771
165 607
166 181
166 218
166 255
166 389
166 452
166 553
167 686
167 699
167 766
168 282
168 503
168 559
168 666
169 728
169 800
171 207
171 464
171 531
171 557
171 603
171 749
171 845
172 192
172 497
173 318
173 569
173 630
173 635
173 659
173 807
174 378
176 234
176 373
176 375
176 563
177 259
177 388
177 510
177 626
178 788
179 401
179 595
179 733
180 572
180 691
180 701
180 830
181 218
181 226
181 432
181 452
181 627
181 755
181 778
182 367
182 475
183 487
183 689
184 286
184 302
184 399
184 443
184 501
184 695
184 745
185 259
185 366
185 502
185 540
185 724
186 217
186 237
186 277
186 292
186 699
186 847
186 857
187 366
188 208
188 428
188 633
188 648
188 711
189 225
189 227
189 231
189 255
189 317
189 322
189 506
189 746
190 710
191 235
191 374
191 423
191 619
191 639
191 733
191 828
192 535
193 493
194 497
194 633
194 653
194 860
195 516
196 214
196 266
196 313
196 320
196 622
196 758
197 210
197 237
197 803
197 865
198 516
199 384
199 626
199 817
201 214
201 231
202 220
202 223
202 315
202 508
202 620
202 715
202 716
203 528
204 618
204 732
205 220
205 236
205 273
205 413
205 582
205 725
207 276
207 315
207 368
207 643
207 696
207 845
208 633
208 711
208 822
209 383
211 733
212 227
212 253
212 836
213 222
213 442
213 532
213 833
214 253
214 266
214 646
214 649
214 658
215 261
215 309
215 477
215 656
216 293
216 485
216 655
216 673
216 790
217 696
218 235
218 253
218 294
218 318
218 338
218 389
218 432
218 452
218 453
218 459
218 469
218 547
218 553
218 722
219 249
219 254
219 472
219 665
219 847
220 315
220 368
220 607
220 715
220 716
221 494
222 532
222 746
222 810
223 261
223 271
223 508
223 803
223 862
224 228
224 413
224 661
224 666
224 696
224 746
224 774
224 849
225 231
225 493
226 406
226 755
227 255
227 317
227 406
227 493
228 245
228 248
228 474
228 704
228 774
229 571
230 236
230 241
230 250
230 290
230 344
230 407
230 441
230 505
230 565
230 626
230 835
231 255
231 317
231 374
231 583
231 685
231 691
231 747
231 794
232 457
232 706
233 741
234 373
234 589
234 754
234 814
235 261
235 338
235 423
235 438
235 639
236 279
236 582
236 740
236 743
236 838
237 321
237 667
237 780
237 785
237 852
238 254
238 368
238 441
238 623
238 673
238 720
238 724
239 268
239 314
239 463
239 624
239 658
239 661
239 666
239 718
239 745
240 431
241 350
241 554
241 607
241 626
241 642
241 761
242 272
242 394
242 517
242 781
242 806
242 829
243 387
243 671
243 739
243 847
243 862
245 345
245 474
245 597
245 704
246 448
246 503
246 509
246 537
246 623
246 790
247 682
247 855
248 305
248 514
248 574
248 624
248 666
248 741
248 814
249 494
249 618
250 565
250 734
251 685
251 830
252 386
252 436
252 502
252 559
252 611
252 684
252 853
253 255
253 267
253 449
253 452
253 469
253 643
253 722
253 747
253 794
253 796
254 276
254 461
254 551
254 649
254 720
254 803
255 449
255 452
255 498
255 580
255 581
255 644
255 681
255 747
255 755
259 820
259 861
260 563
262 525
264 276
264 458
264 521
264 586
264 865
265 314
265 339
265 464
265 531
265 628
265 794
265 853
266 449
266 553
267 389
267 487
267 572
267 705
267 722
267 852
268 375
268 463
268 486
268 559
268 599
268 624
268 665
268 666
268 684
268 695
268 745
269 488
269 810
269 941
271 508
271 620
271 806
272 720
272 776
272 781
272 815
273 661
273 823
274 303
274 326
274 360
274 469
274 675
274 720
275 634
276 368
276 529
276 676
276 723
277 335
277 461
277 529
277 699
278 532
278 752
278 833
279 448
279 517
279 527
279 529
279 537
279 561
279 652
279 664
279 740
279 838
282 598
282 640
283 303
283 595
283 842
284 676
284 740
285 325
285 400
285 568
286 302
286 476
286 486
286 665
286 786
288 850
290 376
290 380
290 387
290 403
290 487
290 531
290 535
290 545
290 572
290 588
290 684
290 694
290 704
290 751
290 772
291 499
291 543
291 598
291 615
291 622
291 672
292 398
292 466
293 540
293 689
294 705
296 630
296 804
297 373
297 466
297 805
298 370
298 501
298 684
298 708
300 643
301 456
301 486
301 514
301 697
301 786
301 840
302 414
302 476
302 486
302 666
302 745
302 786
303 363
303 395
303 438
303 498
304 424
304 768
305 433
305 696
305 741
306 727
306 779
306 846
307 464
307 466
307 531
307 726
308 332
309 477
309 644
309 656
309 688
312 477
312 656
313 320
313 449
313 464
313 586
313 599
313 622
313 712
313 747
314 463
314 472
314 502
314 507
314 718
315 715
315 716
316 474
316 628
316 696
316 704
316 734
316 759
317 337
317 405
317 590
318 330
318 338
318 569
319 511
320 380
320 635
320 712
321 477
321 571
321 825
322 405
322 578
322 583
322 605
322 658
323 500
323 537
323 859
324 714
324 859
325 425
326 443
326 554
326 642
326 682
326 736
326 854
328 397
328 461
328 483
328 508
328 623
328 626
328 751
329 363
329 364
329 598
329 784
330 338
330 432
330 437
330 581
331 416
331 499
331 547
332 355
332 504
332 837
334 760
334 825
335 436
337 405
337 590
337 768
338 432
338 581
339 376
339 442
339 570
339 687
339 752
341 360
341 365
341 503
341 529
341 699
343 367
343 516
344 407
344 835
345 474
345 696
346 358
346 673
346 743
347 694
348 488
348 501
350 476
350 514
350 626
350 694
350 761
351 356
351 363
351 671
351 730
353 1016
354 622
354 672
354 717
354 754
355 374
355 438
356 437
356 528
357 783
357 792
358 776
358 829
359 411
359 692
359 695
360 764
360 837
360 841
361 521
361 628
361 781
361 782
361 792
362 375
363 560
363 604
363 781
363 796
364 486
364 559
364 664
364 814
365 629
365 780
365 785
366 501
366 735
366 834
368 551
368 607
368 798
368 839
369 570
369 833
370 604
370 665
370 781
371 657
371 778
371 791
372 385
372 507
372 746
372 774
373 375
373 837
374 423
374 438
374 587
375 377
375 388
375 477
375 490
375 768
376 403
376 474
376 588
376 597
376 694
376 704
376 746
376 761
377 490
378 730
378 795
379 631
380 578
381 651
382 829
383 708
384 740
385 399
385 429
385 460
385 692
385 759
386 611
386 708
386 803
387 692
387 721
387 739
388 842
389 433
389 572
389 793
389 827
389 836
390 525
390 734
391 497
391 760
391 804
392 655
393 456
393 697
393 710
393 840
394 517
394 560
395 498
395 745
396 703
396 730
396 735
396 766
397 508
397 603
397 813
397 816
397 857
399 465
399 507
399 692
399 845
400 496
401 404
401 495
402 713
402 719
402 823
403 487
403 519
403 535
403 545
403 588
403 600
403 767
405 412
405 428
405 553
405 630
405 635
405 722
406 779
408 848
409 794
409 823
410 466
410 614
410 794
411 617
411 630
411 778
413 429
413 666
414 486
414 669
414 741
414 842
414 849
415 632
416 568
416 589
416 834
417 505
417 575
417 704
418 637
418 771
419 678
419 769
419 856
420 451
420 813
422 480
422 547
422 752
422 797
423 619
424 618
424 768
425 500
425 691
426 547
427 788
428 498
428 536
428 580
428 598
430 472
431 769
432 452
432 453
433 602
433 789
433 807
433 866
434 510
434 718
435 553
437 499
437 742
438 504
438 587
438 828
440 455
440 667
440 673
440 674
440 682
441 551
441 623
444 625
445 572
445 804
445 849
446 587
448 517
448 537
448 638
448 848
449 466
449 747
449 768
451 628
451 813
452 589
452 794
453 685
453 722
454 754
454 778
455 673
455 857
456 476
456 697
456 786
456 840
457 706
458 481
458 521
458 674
459 467
459 506
459 547
459 823
460 692
460 742
460 759
461 623
461 862
463 542
463 559
463 624
463 665
463 695
463 745
464 531
464 586
464 692
464 745
464 865
465 692
466 830
467 568
467 589
467 824
468 677
468 808
469 493
469 572
469 639
469 644
469 743
471 579
471 581
472 502
472 577
472 635
473 498
473 518
473 650
473 681
474 537
474 628
474 761
475 826
476 514
476 529
476 780
476 786
476 840
477 590
477 656
477 728
479 600
480 852
483 738
485 540
485 672
485 809
486 814
487 535
487 545
487 588
487 804
488 528
488 690
488 754
489 565
490 565
491 694
492 547
492 631
492 746
492 822
492 849
494 552
494 642
494 751
494 832
497 573
497 668
497 836
498 580
498 681
501 611
501 620
502 675
502 828
503 629
503 775
504 619
504 744
504 837
505 607
505 626
505 720
506 625
507 696
507 801
507 852
508 511
508 517
508 582
508 620
508 629
509 529
509 548
509 780
509 837
509 841
511 666
511 761
512 713
512 864
513 533
513 534
513 830
514 632
514 642
514 697
516 600
516 687
517 537
517 629
517 806
517 811
517 829
518 650
519 704
519 731
519 856
520 636
521 559
521 717
521 800
521 806
522 566
523 635
523 777
524 569
524 646
524 807
525 633
525 716
525 804
526 527
526 609
527 529
527 561
527 740
528 562
528 637
528 835
529 780
529 785
530 719
530 791
532 668
532 833
533 538
534 691
534 822
535 572
535 588
535 641
535 705
535 836
536 580
536 805
539 592
540 672
542 624
542 665
542 666
542 696
542 724
542 745
543 622
544 613
545 588
547 644
547 648
548 720
548 837
548 841
549 589
549 639
551 623
551 764
551 837
552 554
552 694
553 658
553 771
553 778
554 626
554 642
557 660
557 845
559 665
559 684
559 782
560 781
561 652
561 838
565 571
565 687
565 725
569 635
569 701
569 789
569 807
569 826
570 571
570 797
571 575
571 797
571 866
572 691
572 709
574 576
575 825
575 866
576 870
577 726
578 583
580 747
581 644
581 749
582 623
582 725
582 838
583 627
585 830
589 824
590 704
590 746
590 822
592 730
598 604
598 666
598 774
598 803
598 852
599 660
599 747
599 823
603 714
603 749
603 816
604 781
605 658
605 701
606 722
607 626
608 631
608 753
609 811
609 853
617 658
617 669
618 619
618 822
618 826
619 822
619 826
622 742
622 754
623 862
624 665
624 666
624 695
624 741
624 745
624 814
625 633
625 719
626 761
628 759
628 813
630 691
630 696
630 732
630 804
631 753
631 755
632 715
632 788
632 812
632 855
632 856
635 729
635 804
635 827
637 851
641 807
642 687
642 840
643 796
643 812
643 817
644 803
646 709
647 657
648 711
649 720
650 755
652 664
653 760
653 825
653 866
656 688
656 797
657 778
657 791
659 767
659 789
660 726
661 767
662 817
665 695
665 745
666 706
666 711
666 745
666 852
667 673
667 674
667 857
668 721
668 729
669 671
671 762
671 847
672 754
673 674
673 861
678 738
678 769
679 779
679 843
681 778
684 717
687 752
688 750
690 753
690 809
691 794
691 822
692 695
694 835
695 696
695 745
695 862
696 842
696 845
697 811
703 735
703 788
704 725
705 729
705 777
705 779
705 836
709 722
711 822
711 823
714 815
716 725
717 853
718 745
719 791
719 849
720 776
720 847
722 822
724 742
724 853
726 838
726 865
727 750
727 779
727 800
729 750
729 779
729 846
730 735
732 821
734 770
735 788
738 856
739 828
740 796
740 838
741 814
742 834
743 838
744 864
745 853
746 789
746 822
746 849
747 794
749 758
749 813
749 816
749 845
750 779
750 846
751 768
752 833
761 835
762 809
762 847
764 841
764 847
767 860
772 806
772 853
773 854
777 836
779 846
780 785
780 841
783 795
785 811
785 841
786 840
788 795
788 855
789 807
789 836
791 822
793 836
796 817
797 800
800 810
803 808
812 817
813 816
815 816
821 830
822 849
825 866
832 834
837 841
843 859
847 857
858 862
861 862
867 1031
867 1058
867 1185
867 1192
867 1263
867 1272
867 1279
868 871
868 872
868 876
868 903
868 953
868 989
868 1011
868 1032
868 1067
868 1090
868 1096
868 1116
868 1218
868 1242
868 1247
869 883
869 885
869 898
869 959
869 1023
869 1066
869 1148
869 1181
869 1195
869 1244
870 875
870 956
870 1045
870 1063
870 1109
871 872
871 903
871 906
871 955
871 1007
871 1022
871 1036
871 1040
871 1083
871 1085
871 1096
871 1120
871 1124
871 1133
871 1153
871 1162
871 1224
871 1259
871 1262
872 903
872 975
872 1015
872 1084
872 1085
872 1096
872 1116
872 1162
872 1163
872 1167
872 1203
872 1262
873 1265
874 894
874 992
874 998
874 1031
874 1058
874 1174
874 1185
874 1192
874 1238
874 1246
874 1252
874 1263
875 1031
875 1094
875 1143
875 1185
875 1187
875 1247
876 941
876 983
876 989
876 1163
876 1194
876 1208
876 1217
876 1219
876 1247
876 1274
877 885
877 985
877 1017
877 1107
877 1132
877 1171
877 1212
877 1251
877 1260
877 1267
878 1214
880 881
880 883
880 923
880 951
880 967
880 1002
880 1017
880 1023
880 1030
880 1184
881 940
881 1017
881 1252
882 937
882 939
882 985
882 1050
883 888
883 898
883 923
883 971
883 994
883 1014
883 1051
883 1118
883 1137
883 1144
884 1078
884 1166
884 1174
884 1186
884 1197
884 1198
884 1221
885 931
885 951
885 959
885 1047
885 1147
885 1222
885 1244
886 1064
886 1242
887 918
887 1080
888 898
888 928
888 949
888 956
888 962
888 963
888 994
888 1026
888 1045
888 1057
888 1066
888 1108
888 1110
888 1118
888 1158
888 1181
888 1223
889 1001
889 1105
889 1174
890 944
890 1059
891 997
891 1065
891 1090
891 1113
891 1175
892 946
892 991
892 1206
892 1241
894 921
894 927
894 978
894 984
894 1063
894 1078
894 1233
894 1258
895 900
895 901
895 957
895 1021
895 1099
895 1117
895 1128
895 1205
895 1207
895 1246
896 929
896 964
896 1007
896 1032
896 1196
896 1203
896 1226
897 898
897 959
897 1004
897 1029
897 1094
897 1110
897 1121
897 1143
897 1156
897 1185
897 1195
897 1223
898 952
898 984
898 990
898 1002
898 1004
898 1006
898 1014
898 1024
898 1026
898 1057
898 1062
898 1072
898 1077
898 1087
898 1089
898 1108
898 1110
898 1114
898 1115
898 1118
898 1142
898 1148
898 1156
898 1158
898 1180
898 1181
898 1185
898 1187
898 1188
898 1191
898 1192
898 1212
898 1216
898 1244
899 937
899 1037
899 1118
899 1160
899 1192
899 1199
899 1200
899 1215
899 1237
900 957
900 1021
900 1117
900 1128
900 1205
900 1276
901 957
901 1021
901 1117
901 1128
901 1205
902 1002
902 1053
902 1063
902 1084
903 906
903 914
903 928
903 989
903 1038
903 1040
903 1084
903 1106
903 1153
903 1176
903 1189
903 1199
903 1208
903 1226
903 1257
903 1259
903 1262
903 1269
904 1073
904 1096
904 1202
905 1080
905 1204
906 913
906 1032
906 1040
906 1067
906 1129
906 1269
907 971
907 1084
907 1248
907 1258
907 1267
908 995
908 1055
908 1188
908 1270
909 937
909 995
909 1002
909 1043
909 1067
909 1083
909 1112
909 1125
909 1199
911 931
911 959
911 976
911 998
911 1037
911 1058
911 1062
911 1071
911 1072
911 1077
911 1148
911 1174
911 1186
911 1192
911 1197
911 1201
911 1229
911 1240
913 948
913 983
913 1153
913 1199
913 1203
913 1217
913 1228
913 1256
914 1032
914 1218
914 1257
915 917
915 969
915 1090
915 1217
916 980
916 1173
917 947
917 969
917 1022
917 1038
917 1153
917 1175
917 1203
917 1207
917 1259
918 1020
918 1113
918 1129
919 1217
919 1219
919 1274
920 930
920 1043
920 1077
920 1151
920 1154
920 1236
920 1248
920 1263
920 1279
921 935
921 944
921 1024
921 1155
921 1160
921 1233
921 1261
923 961
923 962
923 965
923 1019
923 1066
923 1121
923 1139
923 1151
923 1158
923 1181
924 978
924 1033
924 1063
924 1105
924 1132
924 1144
924 1155
924 1165
924 1278
925 1136
925 1278
927 946
927 1008
927 1115
927 1152
927 1258
928 986
928 1065
928 1176
928 1178
928 1218
929 964
929 1011
929 1226
930 952
930 965
930 1037
930 1057
930 1071
930 1121
930 1180
930 1254
931 952
931 976
931 1002
931 1014
931 1015
931 1037
931 1039
931 1089
931 1094
931 1098
932 1092
933 1083
933 1157
933 1202
933 1281
934 947
934 1036
934 1083
934 1120
934 1153
935 944
935 1048
935 1155
936 958
936 1032
936 1162
936 1163
936 1176
936 1203
936 1228
937 1014
937 1023
937 1039
937 1053
937 1072
937 1089
937 1111
937 1142
937 1145
937 1158
937 1182
937 1186
937 1191
937 1192
937 1200
937 1201
937 1212
937 1213
937 1237
937 1279
938 968
939 1008
939 1033
939 1118
939 1205
939 1213
940 978
940 1031
940 1084
940 1240
940 1252
941 955
941 1064
941 1131
941 1163
941 1194
941 1199
941 1203
941 1228
942 947
942 1116
942 1179
942 1183
942 1231
943 1071
943 1240
944 1058
944 1103
945 948
945 1070
945 1280
946 1206
947 983
947 1020
947 1036
947 1106
947 1120
948 1016
948 1239
948 1280
949 960
949 989
949 994
949 1007
949 1012
949 1057
950 1017
950 1082
950 1146
950 1177
951 1047
951 1126
951 1174
951 1182
951 1197
951 1198
951 1222
952 976
952 1037
952 1047
952 1058
952 1062
952 1156
952 1158
952 1229
953 979
953 983
953 1005
953 1015
953 1173
953 1226
954 982
954 994
954 1064
954 1105
954 1150
954 1183
954 1184
954 1199
955 964
955 972
955 974
955 1005
955 1038
955 1085
955 1119
955 1131
955 1161
955 1162
955 1196
955 1203
955 1226
956 978
956 1063
956 1086
956 1133
956 1137
956 1223
956 1246
957 1021
957 1099
957 1128
957 1130
957 1134
957 1205
958 1162
958 1163
959 1004
959 1029
959 1066
959 1087
959 1195
959 1227
960 972
960 974
960 1003
960 1085
960 1096
960 1138
960 1162
961 962
961 995
961 1135
962 968
962 1051
962 1086
962 1117
962 1135
962 1142
962 1201
962 1256
963 965
963 998
963 1031
963 1045
963 1058
963 1077
963 1089
963 1118
963 1130
963 1134
963 1142
963 1148
963 1186
963 1263
964 974
964 1011
964 1101
964 1140
964 1196
964 1226
965 1029
965 1031
965 1037
965 1045
965 1058
965 1089
965 1108
965 1130
965 1134
965 1142
965 1158
965 1165
965 1263
966 1101
967 971
967 1030
967 1039
967 1132
967 1260
968 1002
968 1019
968 1053
968 1122
968 1126
968 1174
968 1184
968 1186
968 1222
969 1040
969 1090
969 1249
971 978
971 1002
971 1041
971 1053
971 1063
971 1081
971 1097
971 1279
972 974
972 1060
972 1064
972 1131
972 1220
973 986
973 1113
974 1065
974 1123
974 1131
974 1203
974 1226
974 1228
975 1015
975 1032
975 1064
975 1129
975 1131
975 1192
975 1199
975 1228
975 1269
976 998
976 1004
976 1015
976 1062
976 1145
976 1201
976 1212
976 1229
977 1016
977 1194
978 1026
978 1041
978 1055
978 1058
978 1063
978 1081
978 1089
978 1097
978 1133
978 1143
978 1144
978 1185
978 1212
978 1238
978 1272
979 980
979 983
979 1120
979 1207
979 1217
979 1268
980 1022
980 1173
980 1176
980 1217
980 1262
980 1265
981 1048
981 1078
981 1111
981 1117
981 1166
981 1205
982 996
982 1214
982 1236
983 1032
983 1036
983 1038
983 1065
983 1120
983 1217
983 1236
984 1185
985 1050
985 1266
986 1070
986 1176
986 1257
987 1037
987 1098
987 1130
987 1134
987 1141
987 1180
987 1198
987 1222
987 1276
988 1029
988 1066
988 1227
989 994
989 1012
989 1153
989 1218
989 1219
989 1269
990 1006
990 1110
990 1154
991 1160
992 1163
992 1203
992 1269
993 1207
994 1007
994 1038
994 1057
994 1083
994 1150
995 1086
995 1106
995 1114
995 1127
995 1160
995 1188
997 1010
997 1022
997 1046
997 1074
997 1076
997 1090
997 1124
997 1175
998 1004
998 1031
998 1058
998 1062
998 1072
998 1158
998 1186
998 1192
998 1263
1000 1048
1000 1278
1001 1002
1001 1052
1001 1174
1001 1260
1002 1014
1002 1015
1002 1053
1002 1105
1002 1156
1002 1158
1002 1245
1002 1277
1003 1162
1003 1211
1004 1006
1004 1023
1004 1029
1004 1087
1004 1110
1004 1127
1004 1135
1004 1158
1004 1185
1004 1191
1004 1195
1004 1212
1004 1244
1005 1131
1005 1150
1005 1161
1005 1179
1006 1072
1006 1077
1006 1087
1006 1091
1006 1110
1006 1117
1006 1142
1006 1180
1006 1191
1006 1192
1006 1223
1006 1261
1006 1279
1007 1083
1007 1119
1007 1140
1007 1161
1007 1265
1008 1054
1008 1059
1008 1169
1008 1223
1008 1272
1009 1021
1009 1111
1009 1143
1009 1200
1010 1049
1010 1124
1010 1220
1010 1274
1010 1281
1011 1226
1012 1092
1012 1140
1012 1189
1012 1265
1012 1268
1013 1067
1013 1085
1014 1015
1014 1023
1014 1051
1014 1072
1014 1086
1014 1098
1014 1135
1014 1145
1014 1148
1014 1157
1014 1160
1014 1182
1015 1053
1015 1072
1015 1144
1015 1163
1015 1174
1015 1234
1015 1277
1016 1125
1016 1189
1016 1228
1017 1047
1017 1107
1017 1144
1017 1251
1018 1266
1019 1030
1019 1041
1019 1098
1019 1186
1019 1197
1020 1036
1020 1153
1020 1226
1020 1236
1020 1253
1021 1117
1021 1128
1021 1205
1022 1040
1022 1062
1022 1064
1022 1153
1022 1179
1023 1026
1023 1091
1023 1137
1023 1148
1023 1165
1023 1201
1023 1212
1024 1061
1024 1081
1024 1229
1024 1242
1024 1272
1026 1033
1026 1086
1026 1118
1026 1148
1026 1160
1026 1185
1026 1212
1026 1237
1027 1055
1027 1157
1027 1273
1027 1276
1028 1280
1028 1281
1029 1127
1029 1135
1029 1141
1029 1158
1029 1277
1030 1033
1030 1069
1030 1081
1030 1093
1030 1099
1030 1158
1030 1188
1030 1251
1030 1277
1031 1078
1031 1130
1031 1216
1031 1248
1031 1263
1031 1275
1031 1279
1032 1065
1032 1106
1032 1120
1032 1153
1032 1194
1032 1216
1032 1224
1033 1086
1033 1102
1033 1114
1033 1117
1033 1118
1033 1200
1033 1256
1033 1271
1034 1210
1036 1040
1036 1100
1036 1129
1036 1153
1037 1043
1037 1062
1037 1089
1037 1207
1039 1115
1039 1121
1039 1139
1039 1142
1039 1148
1039 1158
1039 1201
1040 1085
1040 1153
1040 1162
1040 1194
1040 1224
1041 1063
1041 1097
1041 1215
1041 1216
1041 1248
1042 1073
1043 1077
1045 1057
1045 1108
1045 1118
1045 1139
1045 1142
1045 1261
1045 1276
1047 1134
1047 1151
1047 1251
1047 1254
1048 1278
1049 1106
1049 1150
1050 1099
1051 1087
1051 1108
1051 1118
1051 1121
1051 1139
1051 1151
1051 1181
1051 1182
1051 1191
1051 1244
1051 1261
1052 1151
1052 1184
1052 1240
1052 1264
1053 1058
1053 1071
1053 1145
1053 1174
1053 1234
1054 1093
1054 1177
1054 1254
1055 1063
1055 1102
1055 1169
1055 1227
1055 1273
1055 1276
1056 1112
1057 1066
1057 1087
1057 1108
1057 1120
1057 1121
1057 1191
1057 1223
1058 1062
1058 1072
1058 1077
1058 1089
1058 1154
1058 1201
1058 1229
1058 1248
1059 1088
1059 1169
1059 1272
1060 1105
1060 1194
1060 1216
1060 1260
1061 1063
1061 1075
1061 1088
1061 1170
1061 1235
1061 1243
1061 1246
1061 1261
1062 1111
1062 1156
1062 1201
1062 1229
1062 1278
1063 1076
1063 1081
1063 1094
1063 1097
1063 1143
1063 1144
1063 1187
1063 1221
1063 1238
1063 1246
1063 1248
1063 1272
1064 1105
1064 1150
1064 1163
1064 1214
1064 1228
1066 1087
1066 1121
1066 1139
1066 1144
1066 1195
1066 1244
1066 1267
1067 1085
1067 1224
1067 1269
1069 1230
1069 1251
1071 1097
1071 1240
1071 1264
1072 1087
1072 1148
1072 1156
1072 1158
1072 1186
1072 1192
1072 1227
1072 1261
1074 1129
1074 1203
1075 1089
1075 1109
1075 1136
1075 1223
1075 1241
1076 1173
1077 1148
1077 1174
1077 1185
1077 1229
1077 1261
1077 1263
1078 1166
1078 1272
1080 1179
1080 1199
1080 1202
1081 1093
1081 1277
1082 1146
1082 1241
1083 1129
1083 1150
1083 1202
1084 1116
1084 1179
1084 1258
1084 1267
1085 1224
1086 1117
1086 1127
1086 1154
1086 1155
1086 1256
1087 1108
1087 1121
1087 1181
1087 1192
1087 1244
1087 1261
1088 1273
1089 1098
1089 1156
1089 1158
1089 1197
1089 1215
1089 1246
1090 1163
1090 1175
1091 1106
1091 1127
1091 1132
1091 1137
1091 1142
1091 1154
1092 1095
1093 1106
1093 1248
1094 1143
1094 1154
1094 1185
1094 1192
1096 1140
1097 1238
1098 1145
1099 1117
1099 1128
1099 1166
1099 1205
1100 1262
1101 1104
1101 1123
1101 1228
1101 1239
1101 1241
1102 1169
1102 1187
1102 1254
1102 1273
1102 1276
1104 1177
1104 1260
1105 1164
1105 1269
1106 1139
1107 1132
1107 1174
1107 1251
1107 1252
1107 1260
1108 1110
1108 1118
1108 1124
1108 1141
1108 1151
1108 1158
1108 1181
1108 1182
1110 1118
1110 1127
1110 1142
1110 1148
1110 1160
1110 1180
1111 1200
1114 1127
1114 1185
1114 1188
1114 1212
1114 1270
1114 1275
1115 1118
1115 1212
1116 1163
1117 1128
1117 1200
1117 1205
1117 1256
1118 1158
1118 1160
1118 1182
1118 1237
1118 1261
1119 1236
1120 1150
1120 1217
1121 1139
1121 1148
1121 1181
1121 1201
1121 1261
1123 1249
1124 1125
1124 1232
1125 1179
1126 1151
1126 1182
1127 1135
1127 1142
1127 1160
1127 1188
1127 1237
1128 1157
1128 1200
1128 1205
1129 1224
1129 1269
1130 1134
1130 1182
1130 1206
1131 1219
1131 1228
1132 1260
1133 1223
1134 1251
1136 1254
1137 1154
1138 1281
1139 1148
1139 1181
1139 1197
1139 1198
1139 1261
1142 1191
1143 1187
1143 1216
1143 1254
1144 1201
1144 1238
1144 1277
1145 1197
1147 1222
1148 1158
1148 1181
1148 1261
1148 1277
1150 1190
1150 1199
1150 1220
1151 1182
1152 1233
1153 1199
1153 1259
1154 1156
1154 1248
1154 1261
1154 1263
1155 1278
1156 1181
1156 1191
1156 1227
1157 1229
1158 1181
1158 1185
1158 1186
1158 1192
1158 1201
1158 1237
1158 1241
1160 1188
1160 1192
1160 1200
1160 1215
1160 1237
1161 1196
1162 1163
1163 1203
1163 1228
1164 1171
1164 1219
1166 1272
1166 1275
1167 1254
1168 1169
1169 1171
1169 1235
1169 1273
1169 1276
1170 1187
1171 1235
1172 1189
1174 1182
1174 1197
1174 1234
1174 1246
1174 1252
1176 1218
1176 1228
1179 1199
1179 1218
1180 1244
1180 1254
1180 1256
1181 1191
1181 1244
1181 1261
1182 1197
1182 1198
1183 1184
1185 1192
1185 1246
1185 1261
1185 1272
1186 1192
1186 1201
1187 1213
1187 1236
1188 1256
1188 1270
1188 1276
1191 1227
1191 1244
1192 1215
1192 1261
1192 1272
1194 1199
1194 1203
1194 1218
1194 1228
1194 1269
1195 1227
1195 1263
1196 1228
1196 1247
1196 1257
1197 1198
1197 1222
1198 1222
1199 1219
1199 1259
1200 1237
1200 1241
1200 1256
1201 1229
1201 1277
1202 1281
1203 1253
1203 1268
1205 1256
1208 1257
1208 1274
1209 1210
1212 1237
1214 1228
1215 1237
1218 1219
1218 1269
1224 1269
1227 1261
1227 1267
1227 1276
1228 1247
1234 1240
1234 1245
1234 1277
1235 1238
1235 1275
1239 1268
1240 1264
1242 1247
1246 1254
1246 1261
1251 1260
1257 1274
1258 1275
1263 1272
1263 1279
1273 1276
